-- KeyframeSequence Export: Internet Angel
-- Generated on 2025-08-30 21:16:39

local KeyframeSequence = Instance.new("KeyframeSequence")
KeyframeSequence.Name = "InternetAngel"
local cf=CFrame.new

-- Keyframe 1 (Time: 0)
local keyframe1 = Instance.new("Keyframe")
keyframe1.Time = 0
keyframe1.Parent = KeyframeSequence

--HumanoidRootPart
local HumanoidRootPart2_k1_HumanoidRootPart = Instance.new("Pose")
HumanoidRootPart2_k1_HumanoidRootPart.Name = "HumanoidRootPart"
HumanoidRootPart2_k1_HumanoidRootPart.CFrame = cf(0.000000, 0.000000, 0.000000, 1.000000, 0.000000, 0.000000, 0.000000, 1.000000, 0.000000, 0.000000, 0.000000, 1.000000)
HumanoidRootPart2_k1_HumanoidRootPart.Parent = keyframe1



--Torso
local Torso2_k1_HumanoidRootPart_Torso = Instance.new("Pose")
Torso2_k1_HumanoidRootPart_Torso.Name = "Torso"
Torso2_k1_HumanoidRootPart_Torso.CFrame = cf(0.858226, 0.000000, -0.580565, 0.922755, -0.068145, 0.379314, 0.158858, 0.963992, -0.213269, -0.351122, 0.257053, 0.900354)
Torso2_k1_HumanoidRootPart_Torso.Parent = HumanoidRootPart2_k1_HumanoidRootPart



--Left Leg
local Left_Leg2_k1_HumanoidRootPart_Torso_Left_Leg = Instance.new("Pose")
Left_Leg2_k1_HumanoidRootPart_Torso_Left_Leg.Name = "Left Leg"
Left_Leg2_k1_HumanoidRootPart_Torso_Left_Leg.CFrame = cf(-0.294561, 1.185415, 0.254510, 0.816300, 0.080788, 0.571950, -0.366110, 0.838243, 0.404119, -0.446785, -0.539279, 0.713835)
Left_Leg2_k1_HumanoidRootPart_Torso_Left_Leg.Parent = Torso2_k1_HumanoidRootPart_Torso



--Right Arm
local Right_Arm2_k1_HumanoidRootPart_Torso_Right_Arm = Instance.new("Pose")
Right_Arm2_k1_HumanoidRootPart_Torso_Right_Arm.Name = "Right Arm"
Right_Arm2_k1_HumanoidRootPart_Torso_Right_Arm.CFrame = cf(-0.009054, -0.006404, 0.467834, 0.868859, 0.274094, -0.412257, 0.402951, 0.092224, 0.910563, 0.287600, -0.957271, -0.030317)
Right_Arm2_k1_HumanoidRootPart_Torso_Right_Arm.Parent = Torso2_k1_HumanoidRootPart_Torso



--Left Arm
local Left_Arm2_k1_HumanoidRootPart_Torso_Left_Arm = Instance.new("Pose")
Left_Arm2_k1_HumanoidRootPart_Torso_Left_Arm.Name = "Left Arm"
Left_Arm2_k1_HumanoidRootPart_Torso_Left_Arm.CFrame = cf(-0.344620, -0.538999, 0.340264, -0.866991, 0.010803, -0.498207, -0.495480, -0.125350, 0.859527, -0.053165, 0.992054, 0.114029)
Left_Arm2_k1_HumanoidRootPart_Torso_Left_Arm.Parent = Torso2_k1_HumanoidRootPart_Torso



--Head
local Head2_k1_HumanoidRootPart_Torso_Head = Instance.new("Pose")
Head2_k1_HumanoidRootPart_Torso_Head.Name = "Head"
Head2_k1_HumanoidRootPart_Torso_Head.CFrame = cf(0.000000, -0.000000, -0.000000, 0.952412, 0.127293, -0.276961, -0.077573, 0.979931, 0.183625, 0.294777, -0.153402, 0.943173)
Head2_k1_HumanoidRootPart_Torso_Head.Parent = Torso2_k1_HumanoidRootPart_Torso



--Right Leg
 Right_Leg2_k1_HumanoidRootPart_Torso_Right_Leg = Instance.new("Pose")
Right_Leg2_k1_HumanoidRootPart_Torso_Right_Leg.Name = "Right Leg"
Right_Leg2_k1_HumanoidRootPart_Torso_Right_Leg.CFrame = cf(0.506848, 0.165375, -0.124683, 0.984325, 0.064762, -0.164044, -0.004533, 0.939122, 0.343555, 0.176307, -0.337427, 0.924694)
Right_Leg2_k1_HumanoidRootPart_Torso_Right_Leg.Parent = Torso2_k1_HumanoidRootPart_Torso



-- Keyframe 2 (Time: 0.03333333507180214)
 keyframe2 = Instance.new("Keyframe")
keyframe2.Time = 0.03333333507180214
keyframe2.Parent = KeyframeSequence

--HumanoidRootPart
 HumanoidRootPart2_k2_HumanoidRootPart = Instance.new("Pose")
HumanoidRootPart2_k2_HumanoidRootPart.Name = "HumanoidRootPart"
HumanoidRootPart2_k2_HumanoidRootPart.CFrame = cf(0.000000, 0.000000, 0.000000, 1.000000, 0.000000, 0.000000, 0.000000, 1.000000, 0.000000, 0.000000, 0.000000, 1.000000)
HumanoidRootPart2_k2_HumanoidRootPart.Parent = keyframe2



--Torso
 Torso2_k2_HumanoidRootPart_Torso = Instance.new("Pose")
Torso2_k2_HumanoidRootPart_Torso.Name = "Torso"
Torso2_k2_HumanoidRootPart_Torso.CFrame = cf(0.858226, 0.000000, -0.580565, 0.922755, -0.068145, 0.379314, 0.158858, 0.963992, -0.213269, -0.351122, 0.257053, 0.900354)
Torso2_k2_HumanoidRootPart_Torso.Parent = HumanoidRootPart2_k2_HumanoidRootPart



--Left Leg
 Left_Leg2_k2_HumanoidRootPart_Torso_Left_Leg = Instance.new("Pose")
Left_Leg2_k2_HumanoidRootPart_Torso_Left_Leg.Name = "Left Leg"
Left_Leg2_k2_HumanoidRootPart_Torso_Left_Leg.CFrame = cf(-0.294561, 1.185415, 0.254510, 0.816300, 0.080788, 0.571950, -0.366110, 0.838243, 0.404119, -0.446785, -0.539279, 0.713835)
Left_Leg2_k2_HumanoidRootPart_Torso_Left_Leg.Parent = Torso2_k2_HumanoidRootPart_Torso



--Right Arm
 Right_Arm2_k2_HumanoidRootPart_Torso_Right_Arm = Instance.new("Pose")
Right_Arm2_k2_HumanoidRootPart_Torso_Right_Arm.Name = "Right Arm"
Right_Arm2_k2_HumanoidRootPart_Torso_Right_Arm.CFrame = cf(-0.009054, -0.006404, 0.467834, 0.868859, 0.274094, -0.412257, 0.402951, 0.092224, 0.910563, 0.287600, -0.957271, -0.030317)
Right_Arm2_k2_HumanoidRootPart_Torso_Right_Arm.Parent = Torso2_k2_HumanoidRootPart_Torso



--Left Arm
 Left_Arm2_k2_HumanoidRootPart_Torso_Left_Arm = Instance.new("Pose")
Left_Arm2_k2_HumanoidRootPart_Torso_Left_Arm.Name = "Left Arm"
Left_Arm2_k2_HumanoidRootPart_Torso_Left_Arm.CFrame = cf(-0.344620, -0.538999, 0.340264, -0.866991, 0.010803, -0.498207, -0.495480, -0.125350, 0.859527, -0.053165, 0.992054, 0.114029)
Left_Arm2_k2_HumanoidRootPart_Torso_Left_Arm.Parent = Torso2_k2_HumanoidRootPart_Torso



--Head
 Head2_k2_HumanoidRootPart_Torso_Head = Instance.new("Pose")
Head2_k2_HumanoidRootPart_Torso_Head.Name = "Head"
Head2_k2_HumanoidRootPart_Torso_Head.CFrame = cf(0.000000, -0.000000, -0.000000, 0.952412, 0.127293, -0.276961, -0.077573, 0.979931, 0.183625, 0.294777, -0.153402, 0.943173)
Head2_k2_HumanoidRootPart_Torso_Head.Parent = Torso2_k2_HumanoidRootPart_Torso



--Right Leg
 Right_Leg2_k2_HumanoidRootPart_Torso_Right_Leg = Instance.new("Pose")
Right_Leg2_k2_HumanoidRootPart_Torso_Right_Leg.Name = "Right Leg"
Right_Leg2_k2_HumanoidRootPart_Torso_Right_Leg.CFrame = cf(0.506848, 0.165375, -0.124683, 0.984325, 0.064762, -0.164044, -0.004533, 0.939122, 0.343555, 0.176307, -0.337427, 0.924694)
Right_Leg2_k2_HumanoidRootPart_Torso_Right_Leg.Parent = Torso2_k2_HumanoidRootPart_Torso



-- Keyframe 3 (Time: 0.06666667014360428)
 keyframe3 = Instance.new("Keyframe")
keyframe3.Time = 0.06666667014360428
keyframe3.Parent = KeyframeSequence

--HumanoidRootPart
 HumanoidRootPart2_k3_HumanoidRootPart = Instance.new("Pose")
HumanoidRootPart2_k3_HumanoidRootPart.Name = "HumanoidRootPart"
HumanoidRootPart2_k3_HumanoidRootPart.CFrame = cf(0.000000, 0.000000, 0.000000, 1.000000, 0.000000, 0.000000, 0.000000, 1.000000, 0.000000, 0.000000, 0.000000, 1.000000)
HumanoidRootPart2_k3_HumanoidRootPart.Parent = keyframe3



--Torso
 Torso2_k3_HumanoidRootPart_Torso = Instance.new("Pose")
Torso2_k3_HumanoidRootPart_Torso.Name = "Torso"
Torso2_k3_HumanoidRootPart_Torso.CFrame = cf(0.858226, 0.000000, -0.580565, 0.922755, -0.068145, 0.379314, 0.158858, 0.963992, -0.213269, -0.351122, 0.257053, 0.900354)
Torso2_k3_HumanoidRootPart_Torso.Parent = HumanoidRootPart2_k3_HumanoidRootPart



--Left Leg
 Left_Leg2_k3_HumanoidRootPart_Torso_Left_Leg = Instance.new("Pose")
Left_Leg2_k3_HumanoidRootPart_Torso_Left_Leg.Name = "Left Leg"
Left_Leg2_k3_HumanoidRootPart_Torso_Left_Leg.CFrame = cf(-0.294561, 1.185415, 0.254510, 0.816300, 0.080788, 0.571950, -0.366110, 0.838243, 0.404119, -0.446785, -0.539279, 0.713835)
Left_Leg2_k3_HumanoidRootPart_Torso_Left_Leg.Parent = Torso2_k3_HumanoidRootPart_Torso



--Right Arm
 Right_Arm2_k3_HumanoidRootPart_Torso_Right_Arm = Instance.new("Pose")
Right_Arm2_k3_HumanoidRootPart_Torso_Right_Arm.Name = "Right Arm"
Right_Arm2_k3_HumanoidRootPart_Torso_Right_Arm.CFrame = cf(-0.009054, -0.006404, 0.467834, 0.868859, 0.274094, -0.412257, 0.402951, 0.092224, 0.910563, 0.287600, -0.957271, -0.030317)
Right_Arm2_k3_HumanoidRootPart_Torso_Right_Arm.Parent = Torso2_k3_HumanoidRootPart_Torso



--Left Arm
 Left_Arm2_k3_HumanoidRootPart_Torso_Left_Arm = Instance.new("Pose")
Left_Arm2_k3_HumanoidRootPart_Torso_Left_Arm.Name = "Left Arm"
Left_Arm2_k3_HumanoidRootPart_Torso_Left_Arm.CFrame = cf(-0.344620, -0.538999, 0.340264, -0.866991, 0.010803, -0.498207, -0.495480, -0.125350, 0.859527, -0.053165, 0.992054, 0.114029)
Left_Arm2_k3_HumanoidRootPart_Torso_Left_Arm.Parent = Torso2_k3_HumanoidRootPart_Torso



--Head
 Head2_k3_HumanoidRootPart_Torso_Head = Instance.new("Pose")
Head2_k3_HumanoidRootPart_Torso_Head.Name = "Head"
Head2_k3_HumanoidRootPart_Torso_Head.CFrame = cf(0.000000, -0.000000, -0.000000, 0.952412, 0.127293, -0.276961, -0.077573, 0.979931, 0.183625, 0.294777, -0.153402, 0.943173)
Head2_k3_HumanoidRootPart_Torso_Head.Parent = Torso2_k3_HumanoidRootPart_Torso



--Right Leg
 Right_Leg2_k3_HumanoidRootPart_Torso_Right_Leg = Instance.new("Pose")
Right_Leg2_k3_HumanoidRootPart_Torso_Right_Leg.Name = "Right Leg"
Right_Leg2_k3_HumanoidRootPart_Torso_Right_Leg.CFrame = cf(0.506848, 0.165375, -0.124683, 0.984325, 0.064762, -0.164044, -0.004533, 0.939122, 0.343555, 0.176307, -0.337427, 0.924694)
Right_Leg2_k3_HumanoidRootPart_Torso_Right_Leg.Parent = Torso2_k3_HumanoidRootPart_Torso



-- Keyframe 4 (Time: 0.10000000149011612)
 keyframe4 = Instance.new("Keyframe")
keyframe4.Time = 0.10000000149011612
keyframe4.Parent = KeyframeSequence

--HumanoidRootPart
 HumanoidRootPart2_k4_HumanoidRootPart = Instance.new("Pose")
HumanoidRootPart2_k4_HumanoidRootPart.Name = "HumanoidRootPart"
HumanoidRootPart2_k4_HumanoidRootPart.CFrame = cf(0.000000, 0.000000, 0.000000, 1.000000, 0.000000, 0.000000, 0.000000, 1.000000, 0.000000, 0.000000, 0.000000, 1.000000)
HumanoidRootPart2_k4_HumanoidRootPart.Parent = keyframe4



--Torso
 Torso2_k4_HumanoidRootPart_Torso = Instance.new("Pose")
Torso2_k4_HumanoidRootPart_Torso.Name = "Torso"
Torso2_k4_HumanoidRootPart_Torso.CFrame = cf(1.009678, 0.000000, -0.656291, 0.922755, -0.068145, 0.379314, 0.158858, 0.963992, -0.213269, -0.351122, 0.257053, 0.900354)
Torso2_k4_HumanoidRootPart_Torso.Parent = HumanoidRootPart2_k4_HumanoidRootPart



--Left Leg
 Left_Leg2_k4_HumanoidRootPart_Torso_Left_Leg = Instance.new("Pose")
Left_Leg2_k4_HumanoidRootPart_Torso_Left_Leg.Name = "Left Leg"
Left_Leg2_k4_HumanoidRootPart_Torso_Left_Leg.CFrame = cf(-0.308812, 1.257201, 0.266983, 0.849677, 0.069450, 0.522709, -0.290273, 0.889176, 0.353706, -0.440216, -0.452264, 0.775672)
Left_Leg2_k4_HumanoidRootPart_Torso_Left_Leg.Parent = Torso2_k4_HumanoidRootPart_Torso



--Right Arm
 Right_Arm2_k4_HumanoidRootPart_Torso_Right_Arm = Instance.new("Pose")
Right_Arm2_k4_HumanoidRootPart_Torso_Right_Arm.Name = "Right Arm"
Right_Arm2_k4_HumanoidRootPart_Torso_Right_Arm.CFrame = cf(-0.020198, 0.029744, 0.466254, 0.863597, 0.301952, -0.403765, 0.423001, 0.001856, 0.906127, 0.274356, -0.953321, -0.126123)
Right_Arm2_k4_HumanoidRootPart_Torso_Right_Arm.Parent = Torso2_k4_HumanoidRootPart_Torso



--Left Arm
 Left_Arm2_k4_HumanoidRootPart_Torso_Left_Arm = Instance.new("Pose")
Left_Arm2_k4_HumanoidRootPart_Torso_Left_Arm.Name = "Left Arm"
Left_Arm2_k4_HumanoidRootPart_Torso_Left_Arm.CFrame = cf(-0.338981, -0.520231, 0.343068, -0.864191, -0.003293, -0.503154, -0.495144, -0.172268, 0.851561, -0.089481, 0.985045, 0.147242)
Left_Arm2_k4_HumanoidRootPart_Torso_Left_Arm.Parent = Torso2_k4_HumanoidRootPart_Torso



--Head
 Head2_k4_HumanoidRootPart_Torso_Head = Instance.new("Pose")
Head2_k4_HumanoidRootPart_Torso_Head.Name = "Head"
Head2_k4_HumanoidRootPart_Torso_Head.CFrame = cf(0.000000, -0.000000, 0.000000, 0.958479, 0.070202, -0.276387, -0.026604, 0.987010, 0.158439, 0.283920, -0.144507, 0.947896)
Head2_k4_HumanoidRootPart_Torso_Head.Parent = Torso2_k4_HumanoidRootPart_Torso



--Right Leg
 Right_Leg2_k4_HumanoidRootPart_Torso_Right_Leg = Instance.new("Pose")
Right_Leg2_k4_HumanoidRootPart_Torso_Right_Leg.Name = "Right Leg"
Right_Leg2_k4_HumanoidRootPart_Torso_Right_Leg.CFrame = cf(0.729851, 0.127294, -0.167832, 0.979605, 0.186913, -0.073740, -0.131680, 0.874381, 0.467032, 0.151771, -0.447797, 0.881160)
Right_Leg2_k4_HumanoidRootPart_Torso_Right_Leg.Parent = Torso2_k4_HumanoidRootPart_Torso



-- Keyframe 5 (Time: 0.13333334028720856)
 keyframe5 = Instance.new("Keyframe")
keyframe5.Time = 0.13333334028720856
keyframe5.Parent = KeyframeSequence

--HumanoidRootPart
 HumanoidRootPart2_k5_HumanoidRootPart = Instance.new("Pose")
HumanoidRootPart2_k5_HumanoidRootPart.Name = "HumanoidRootPart"
HumanoidRootPart2_k5_HumanoidRootPart.CFrame = cf(0.000000, 0.000000, 0.000000, 1.000000, 0.000000, 0.000000, 0.000000, 1.000000, 0.000000, 0.000000, 0.000000, 1.000000)
HumanoidRootPart2_k5_HumanoidRootPart.Parent = keyframe5



--Torso
 Torso2_k5_HumanoidRootPart_Torso = Instance.new("Pose")
Torso2_k5_HumanoidRootPart_Torso.Name = "Torso"
Torso2_k5_HumanoidRootPart_Torso.CFrame = cf(1.009678, 0.000000, -0.656291, 0.922755, -0.068145, 0.379314, 0.158858, 0.963992, -0.213269, -0.351122, 0.257053, 0.900354)
Torso2_k5_HumanoidRootPart_Torso.Parent = HumanoidRootPart2_k5_HumanoidRootPart



--Left Leg
 Left_Leg2_k5_HumanoidRootPart_Torso_Left_Leg = Instance.new("Pose")
Left_Leg2_k5_HumanoidRootPart_Torso_Left_Leg.Name = "Left Leg"
Left_Leg2_k5_HumanoidRootPart_Torso_Left_Leg.CFrame = cf(-0.308812, 1.257201, 0.266983, 0.849677, 0.069450, 0.522709, -0.290273, 0.889176, 0.353706, -0.440216, -0.452264, 0.775672)
Left_Leg2_k5_HumanoidRootPart_Torso_Left_Leg.Parent = Torso2_k5_HumanoidRootPart_Torso



--Right Arm
 Right_Arm2_k5_HumanoidRootPart_Torso_Right_Arm = Instance.new("Pose")
Right_Arm2_k5_HumanoidRootPart_Torso_Right_Arm.Name = "Right Arm"
Right_Arm2_k5_HumanoidRootPart_Torso_Right_Arm.CFrame = cf(-0.020198, 0.029744, 0.466254, 0.863597, 0.301952, -0.403765, 0.423001, 0.001856, 0.906127, 0.274356, -0.953321, -0.126123)
Right_Arm2_k5_HumanoidRootPart_Torso_Right_Arm.Parent = Torso2_k5_HumanoidRootPart_Torso



--Left Arm
 Left_Arm2_k5_HumanoidRootPart_Torso_Left_Arm = Instance.new("Pose")
Left_Arm2_k5_HumanoidRootPart_Torso_Left_Arm.Name = "Left Arm"
Left_Arm2_k5_HumanoidRootPart_Torso_Left_Arm.CFrame = cf(-0.338981, -0.520231, 0.343068, -0.864191, -0.003293, -0.503154, -0.495144, -0.172268, 0.851561, -0.089481, 0.985045, 0.147242)
Left_Arm2_k5_HumanoidRootPart_Torso_Left_Arm.Parent = Torso2_k5_HumanoidRootPart_Torso



--Head
 Head2_k5_HumanoidRootPart_Torso_Head = Instance.new("Pose")
Head2_k5_HumanoidRootPart_Torso_Head.Name = "Head"
Head2_k5_HumanoidRootPart_Torso_Head.CFrame = cf(0.000000, -0.000000, 0.000000, 0.958479, 0.070202, -0.276387, -0.026604, 0.987010, 0.158439, 0.283920, -0.144507, 0.947896)
Head2_k5_HumanoidRootPart_Torso_Head.Parent = Torso2_k5_HumanoidRootPart_Torso



--Right Leg
 Right_Leg2_k5_HumanoidRootPart_Torso_Right_Leg = Instance.new("Pose")
Right_Leg2_k5_HumanoidRootPart_Torso_Right_Leg.Name = "Right Leg"
Right_Leg2_k5_HumanoidRootPart_Torso_Right_Leg.CFrame = cf(0.729851, 0.127294, -0.167832, 0.979605, 0.186913, -0.073740, -0.131680, 0.874381, 0.467032, 0.151771, -0.447797, 0.881160)
Right_Leg2_k5_HumanoidRootPart_Torso_Right_Leg.Parent = Torso2_k5_HumanoidRootPart_Torso



-- Keyframe 6 (Time: 0.1666666716337204)
 keyframe6 = Instance.new("Keyframe")
keyframe6.Time = 0.1666666716337204
keyframe6.Parent = KeyframeSequence

--HumanoidRootPart
 HumanoidRootPart2_k6_HumanoidRootPart = Instance.new("Pose")
HumanoidRootPart2_k6_HumanoidRootPart.Name = "HumanoidRootPart"
HumanoidRootPart2_k6_HumanoidRootPart.CFrame = cf(0.000000, 0.000000, 0.000000, 1.000000, 0.000000, 0.000000, 0.000000, 1.000000, 0.000000, 0.000000, 0.000000, 1.000000)
HumanoidRootPart2_k6_HumanoidRootPart.Parent = keyframe6



--Torso
 Torso2_k6_HumanoidRootPart_Torso = Instance.new("Pose")
Torso2_k6_HumanoidRootPart_Torso.Name = "Torso"
Torso2_k6_HumanoidRootPart_Torso.CFrame = cf(1.009678, 0.000000, -0.656291, 0.922755, -0.068145, 0.379314, 0.158858, 0.963992, -0.213269, -0.351122, 0.257053, 0.900354)
Torso2_k6_HumanoidRootPart_Torso.Parent = HumanoidRootPart2_k6_HumanoidRootPart



--Left Leg
 Left_Leg2_k6_HumanoidRootPart_Torso_Left_Leg = Instance.new("Pose")
Left_Leg2_k6_HumanoidRootPart_Torso_Left_Leg.Name = "Left Leg"
Left_Leg2_k6_HumanoidRootPart_Torso_Left_Leg.CFrame = cf(-0.308812, 1.257201, 0.266983, 0.849677, 0.069450, 0.522709, -0.290273, 0.889176, 0.353706, -0.440216, -0.452264, 0.775672)
Left_Leg2_k6_HumanoidRootPart_Torso_Left_Leg.Parent = Torso2_k6_HumanoidRootPart_Torso



--Right Arm
 Right_Arm2_k6_HumanoidRootPart_Torso_Right_Arm = Instance.new("Pose")
Right_Arm2_k6_HumanoidRootPart_Torso_Right_Arm.Name = "Right Arm"
Right_Arm2_k6_HumanoidRootPart_Torso_Right_Arm.CFrame = cf(-0.020198, 0.029744, 0.466254, 0.863597, 0.301952, -0.403765, 0.423001, 0.001856, 0.906127, 0.274356, -0.953321, -0.126123)
Right_Arm2_k6_HumanoidRootPart_Torso_Right_Arm.Parent = Torso2_k6_HumanoidRootPart_Torso



--Left Arm
 Left_Arm2_k6_HumanoidRootPart_Torso_Left_Arm = Instance.new("Pose")
Left_Arm2_k6_HumanoidRootPart_Torso_Left_Arm.Name = "Left Arm"
Left_Arm2_k6_HumanoidRootPart_Torso_Left_Arm.CFrame = cf(-0.338981, -0.520231, 0.343068, -0.864191, -0.003293, -0.503154, -0.495144, -0.172268, 0.851561, -0.089481, 0.985045, 0.147242)
Left_Arm2_k6_HumanoidRootPart_Torso_Left_Arm.Parent = Torso2_k6_HumanoidRootPart_Torso



--Head
 Head2_k6_HumanoidRootPart_Torso_Head = Instance.new("Pose")
Head2_k6_HumanoidRootPart_Torso_Head.Name = "Head"
Head2_k6_HumanoidRootPart_Torso_Head.CFrame = cf(0.000000, -0.000000, 0.000000, 0.958479, 0.070202, -0.276387, -0.026604, 0.987010, 0.158439, 0.283920, -0.144507, 0.947896)
Head2_k6_HumanoidRootPart_Torso_Head.Parent = Torso2_k6_HumanoidRootPart_Torso



--Right Leg
 Right_Leg2_k6_HumanoidRootPart_Torso_Right_Leg = Instance.new("Pose")
Right_Leg2_k6_HumanoidRootPart_Torso_Right_Leg.Name = "Right Leg"
Right_Leg2_k6_HumanoidRootPart_Torso_Right_Leg.CFrame = cf(0.729851, 0.127294, -0.167832, 0.979605, 0.186913, -0.073740, -0.131680, 0.874381, 0.467032, 0.151771, -0.447797, 0.881160)
Right_Leg2_k6_HumanoidRootPart_Torso_Right_Leg.Parent = Torso2_k6_HumanoidRootPart_Torso



-- Keyframe 7 (Time: 0.20000000298023224)
 keyframe7 = Instance.new("Keyframe")
keyframe7.Time = 0.20000000298023224
keyframe7.Parent = KeyframeSequence

--HumanoidRootPart
 HumanoidRootPart2_k7_HumanoidRootPart = Instance.new("Pose")
HumanoidRootPart2_k7_HumanoidRootPart.Name = "HumanoidRootPart"
HumanoidRootPart2_k7_HumanoidRootPart.CFrame = cf(0.000000, 0.000000, 0.000000, 1.000000, 0.000000, 0.000000, 0.000000, 1.000000, 0.000000, 0.000000, 0.000000, 1.000000)
HumanoidRootPart2_k7_HumanoidRootPart.Parent = keyframe7



--Torso
 Torso2_k7_HumanoidRootPart_Torso = Instance.new("Pose")
Torso2_k7_HumanoidRootPart_Torso.Name = "Torso"
Torso2_k7_HumanoidRootPart_Torso.CFrame = cf(0.429113, 0.000000, -0.441735, 0.997677, -0.005879, 0.067863, 0.016279, 0.987980, -0.153724, -0.066143, 0.154471, 0.985781)
Torso2_k7_HumanoidRootPart_Torso.Parent = HumanoidRootPart2_k7_HumanoidRootPart



--Left Leg
 Left_Leg2_k7_HumanoidRootPart_Torso_Left_Leg = Instance.new("Pose")
Left_Leg2_k7_HumanoidRootPart_Torso_Left_Leg.Name = "Left Leg"
Left_Leg2_k7_HumanoidRootPart_Torso_Left_Leg.CFrame = cf(-0.270594, 0.573113, 0.200952, 0.717246, -0.095621, 0.690228, -0.286291, 0.862639, 0.417003, -0.635292, -0.496700, 0.591349)
Left_Leg2_k7_HumanoidRootPart_Torso_Left_Leg.Parent = Torso2_k7_HumanoidRootPart_Torso



--Right Arm
 Right_Arm2_k7_HumanoidRootPart_Torso_Right_Arm = Instance.new("Pose")
Right_Arm2_k7_HumanoidRootPart_Torso_Right_Arm.Name = "Right Arm"
Right_Arm2_k7_HumanoidRootPart_Torso_Right_Arm.CFrame = cf(-0.004621, -0.029683, 0.507197, 0.873742, 0.252480, -0.415726, 0.383072, 0.169475, 0.908039, 0.299717, -0.952645, 0.051359)
Right_Arm2_k7_HumanoidRootPart_Torso_Right_Arm.Parent = Torso2_k7_HumanoidRootPart_Torso



--Left Arm
 Left_Arm2_k7_HumanoidRootPart_Torso_Left_Arm = Instance.new("Pose")
Left_Arm2_k7_HumanoidRootPart_Torso_Left_Arm.Name = "Left Arm"
Left_Arm2_k7_HumanoidRootPart_Torso_Left_Arm.CFrame = cf(-0.362161, -0.613562, 0.279632, -0.870135, 0.088000, -0.484892, -0.469320, 0.152204, 0.869812, 0.150346, 0.984424, -0.091138)
Left_Arm2_k7_HumanoidRootPart_Torso_Left_Arm.Parent = Torso2_k7_HumanoidRootPart_Torso



--Head
 Head2_k7_HumanoidRootPart_Torso_Head = Instance.new("Pose")
Head2_k7_HumanoidRootPart_Torso_Head.Name = "Head"
Head2_k7_HumanoidRootPart_Torso_Head.CFrame = cf(0.000000, 0.000000, 0.000000, 0.998189, -0.058293, 0.014892, 0.054392, 0.980128, 0.190766, -0.025716, -0.189610, 0.981523)
Head2_k7_HumanoidRootPart_Torso_Head.Parent = Torso2_k7_HumanoidRootPart_Torso



--Right Leg
 Right_Leg2_k7_HumanoidRootPart_Torso_Right_Leg = Instance.new("Pose")
Right_Leg2_k7_HumanoidRootPart_Torso_Right_Leg.Name = "Right Leg"
Right_Leg2_k7_HumanoidRootPart_Torso_Right_Leg.CFrame = cf(0.970955, 0.222068, -0.388478, 0.932565, 0.260913, 0.249493, -0.359409, 0.735875, 0.573858, -0.033869, -0.624830, 0.780026)
Right_Leg2_k7_HumanoidRootPart_Torso_Right_Leg.Parent = Torso2_k7_HumanoidRootPart_Torso



-- Keyframe 8 (Time: 0.23333333432674408)
 keyframe8 = Instance.new("Keyframe")
keyframe8.Time = 0.23333333432674408
keyframe8.Parent = KeyframeSequence

--HumanoidRootPart
 HumanoidRootPart2_k8_HumanoidRootPart = Instance.new("Pose")
HumanoidRootPart2_k8_HumanoidRootPart.Name = "HumanoidRootPart"
HumanoidRootPart2_k8_HumanoidRootPart.CFrame = cf(0.000000, 0.000000, 0.000000, 1.000000, 0.000000, 0.000000, 0.000000, 1.000000, 0.000000, 0.000000, 0.000000, 1.000000)
HumanoidRootPart2_k8_HumanoidRootPart.Parent = keyframe8



--Torso
 Torso2_k8_HumanoidRootPart_Torso = Instance.new("Pose")
Torso2_k8_HumanoidRootPart_Torso.Name = "Torso"
Torso2_k8_HumanoidRootPart_Torso.CFrame = cf(0.429113, 0.000000, -0.441735, 0.997677, -0.005879, 0.067863, 0.016279, 0.987980, -0.153724, -0.066143, 0.154471, 0.985781)
Torso2_k8_HumanoidRootPart_Torso.Parent = HumanoidRootPart2_k8_HumanoidRootPart



--Left Leg
 Left_Leg2_k8_HumanoidRootPart_Torso_Left_Leg = Instance.new("Pose")
Left_Leg2_k8_HumanoidRootPart_Torso_Left_Leg.Name = "Left Leg"
Left_Leg2_k8_HumanoidRootPart_Torso_Left_Leg.CFrame = cf(-0.270594, 0.573113, 0.200952, 0.717246, -0.095621, 0.690228, -0.286291, 0.862639, 0.417003, -0.635292, -0.496700, 0.591349)
Left_Leg2_k8_HumanoidRootPart_Torso_Left_Leg.Parent = Torso2_k8_HumanoidRootPart_Torso



--Right Arm
 Right_Arm2_k8_HumanoidRootPart_Torso_Right_Arm = Instance.new("Pose")
Right_Arm2_k8_HumanoidRootPart_Torso_Right_Arm.Name = "Right Arm"
Right_Arm2_k8_HumanoidRootPart_Torso_Right_Arm.CFrame = cf(-0.004621, -0.029683, 0.507197, 0.873742, 0.252480, -0.415726, 0.383072, 0.169475, 0.908039, 0.299717, -0.952645, 0.051359)
Right_Arm2_k8_HumanoidRootPart_Torso_Right_Arm.Parent = Torso2_k8_HumanoidRootPart_Torso



--Left Arm
 Left_Arm2_k8_HumanoidRootPart_Torso_Left_Arm = Instance.new("Pose")
Left_Arm2_k8_HumanoidRootPart_Torso_Left_Arm.Name = "Left Arm"
Left_Arm2_k8_HumanoidRootPart_Torso_Left_Arm.CFrame = cf(-0.362161, -0.613562, 0.279632, -0.870135, 0.088000, -0.484892, -0.469320, 0.152204, 0.869812, 0.150346, 0.984424, -0.091138)
Left_Arm2_k8_HumanoidRootPart_Torso_Left_Arm.Parent = Torso2_k8_HumanoidRootPart_Torso



--Head
 Head2_k8_HumanoidRootPart_Torso_Head = Instance.new("Pose")
Head2_k8_HumanoidRootPart_Torso_Head.Name = "Head"
Head2_k8_HumanoidRootPart_Torso_Head.CFrame = cf(0.000000, 0.000000, 0.000000, 0.998189, -0.058293, 0.014892, 0.054392, 0.980128, 0.190766, -0.025716, -0.189610, 0.981523)
Head2_k8_HumanoidRootPart_Torso_Head.Parent = Torso2_k8_HumanoidRootPart_Torso



--Right Leg
 Right_Leg2_k8_HumanoidRootPart_Torso_Right_Leg = Instance.new("Pose")
Right_Leg2_k8_HumanoidRootPart_Torso_Right_Leg.Name = "Right Leg"
Right_Leg2_k8_HumanoidRootPart_Torso_Right_Leg.CFrame = cf(0.970955, 0.222068, -0.388478, 0.932565, 0.260913, 0.249493, -0.359409, 0.735875, 0.573858, -0.033869, -0.624830, 0.780026)
Right_Leg2_k8_HumanoidRootPart_Torso_Right_Leg.Parent = Torso2_k8_HumanoidRootPart_Torso



-- Keyframe 9 (Time: 0.2666666805744171)
 keyframe9 = Instance.new("Keyframe")
keyframe9.Time = 0.2666666805744171
keyframe9.Parent = KeyframeSequence

--HumanoidRootPart
 HumanoidRootPart2_k9_HumanoidRootPart = Instance.new("Pose")
HumanoidRootPart2_k9_HumanoidRootPart.Name = "HumanoidRootPart"
HumanoidRootPart2_k9_HumanoidRootPart.CFrame = cf(0.000000, 0.000000, 0.000000, 1.000000, 0.000000, 0.000000, 0.000000, 1.000000, 0.000000, 0.000000, 0.000000, 1.000000)
HumanoidRootPart2_k9_HumanoidRootPart.Parent = keyframe9



--Torso
 Torso2_k9_HumanoidRootPart_Torso = Instance.new("Pose")
Torso2_k9_HumanoidRootPart_Torso.Name = "Torso"
Torso2_k9_HumanoidRootPart_Torso.CFrame = cf(0.100968, 0.000000, -0.466977, 0.999093, -0.022122, -0.036380, 0.016279, 0.987980, -0.153724, 0.039343, 0.152992, 0.987444)
Torso2_k9_HumanoidRootPart_Torso.Parent = HumanoidRootPart2_k9_HumanoidRootPart



--Left Leg
 Left_Leg2_k9_HumanoidRootPart_Torso_Left_Leg = Instance.new("Pose")
Left_Leg2_k9_HumanoidRootPart_Torso_Left_Leg.Name = "Left Leg"
Left_Leg2_k9_HumanoidRootPart_Torso_Left_Leg.CFrame = cf(-0.341808, 0.355568, 0.126511, 0.924841, -0.030148, 0.379157, -0.217281, 0.776310, 0.591719, -0.312183, -0.629629, 0.711413)
Left_Leg2_k9_HumanoidRootPart_Torso_Left_Leg.Parent = Torso2_k9_HumanoidRootPart_Torso



--Right Arm
 Right_Arm2_k9_HumanoidRootPart_Torso_Right_Arm = Instance.new("Pose")
Right_Arm2_k9_HumanoidRootPart_Torso_Right_Arm.Name = "Right Arm"
Right_Arm2_k9_HumanoidRootPart_Torso_Right_Arm.CFrame = cf(0.178134, -0.154984, 0.470511, -0.335821, -0.902199, 0.270669, 0.193693, 0.215071, 0.957198, -0.921796, 0.373874, 0.102524)
Right_Arm2_k9_HumanoidRootPart_Torso_Right_Arm.Parent = Torso2_k9_HumanoidRootPart_Torso



--Left Arm
 Left_Arm2_k9_HumanoidRootPart_Torso_Left_Arm = Instance.new("Pose")
Left_Arm2_k9_HumanoidRootPart_Torso_Left_Arm.Name = "Left Arm"
Left_Arm2_k9_HumanoidRootPart_Torso_Left_Arm.CFrame = cf(-0.056686, -0.427254, 0.316940, 0.811502, 0.582788, -0.042698, -0.140873, 0.266025, 0.953617, 0.567115, -0.767846, 0.297980)
Left_Arm2_k9_HumanoidRootPart_Torso_Left_Arm.Parent = Torso2_k9_HumanoidRootPart_Torso



--Head
 Head2_k9_HumanoidRootPart_Torso_Head = Instance.new("Pose")
Head2_k9_HumanoidRootPart_Torso_Head.Name = "Head"
Head2_k9_HumanoidRootPart_Torso_Head.CFrame = cf(0.000000, -0.000000, 0.000000, 0.990843, -0.061741, 0.120075, 0.038372, 0.981422, 0.187987, -0.129451, -0.181659, 0.974804)
Head2_k9_HumanoidRootPart_Torso_Head.Parent = Torso2_k9_HumanoidRootPart_Torso



--Right Leg
 Right_Leg2_k9_HumanoidRootPart_Torso_Right_Leg = Instance.new("Pose")
Right_Leg2_k9_HumanoidRootPart_Torso_Right_Leg.Name = "Right Leg"
Right_Leg2_k9_HumanoidRootPart_Torso_Right_Leg.CFrame = cf(0.270502, 0.613157, 0.216834, 0.654494, 0.154273, -0.740160, 0.031934, 0.972447, 0.230927, 0.755392, -0.174777, 0.631534)
Right_Leg2_k9_HumanoidRootPart_Torso_Right_Leg.Parent = Torso2_k9_HumanoidRootPart_Torso



-- Keyframe 10 (Time: 0.30000001192092896)
 keyframe10 = Instance.new("Keyframe")
keyframe10.Time = 0.30000001192092896
keyframe10.Parent = KeyframeSequence

--HumanoidRootPart
 HumanoidRootPart2_k10_HumanoidRootPart = Instance.new("Pose")
HumanoidRootPart2_k10_HumanoidRootPart.Name = "HumanoidRootPart"
HumanoidRootPart2_k10_HumanoidRootPart.CFrame = cf(0.000000, 0.000000, 0.000000, 1.000000, 0.000000, 0.000000, 0.000000, 1.000000, 0.000000, 0.000000, 0.000000, 1.000000)
HumanoidRootPart2_k10_HumanoidRootPart.Parent = keyframe10



--Torso
 Torso2_k10_HumanoidRootPart_Torso = Instance.new("Pose")
Torso2_k10_HumanoidRootPart_Torso.Name = "Torso"
Torso2_k10_HumanoidRootPart_Torso.CFrame = cf(-0.858226, 0.000000, -0.580565, 0.922755, 0.068145, -0.379314, -0.158858, 0.963992, -0.213269, 0.351123, 0.257053, 0.900354)
Torso2_k10_HumanoidRootPart_Torso.Parent = HumanoidRootPart2_k10_HumanoidRootPart



--Left Leg
 Left_Leg2_k10_HumanoidRootPart_Torso_Left_Leg = Instance.new("Pose")
Left_Leg2_k10_HumanoidRootPart_Torso_Left_Leg.Name = "Left Leg"
Left_Leg2_k10_HumanoidRootPart_Torso_Left_Leg.CFrame = cf(-0.586314, 0.014017, -0.410034, 0.859249, 0.074793, -0.506061, 0.223339, 0.835148, 0.502640, 0.460230, -0.544916, 0.700896)
Left_Leg2_k10_HumanoidRootPart_Torso_Left_Leg.Parent = Torso2_k10_HumanoidRootPart_Torso



--Right Arm
 Right_Arm2_k10_HumanoidRootPart_Torso_Right_Arm = Instance.new("Pose")
Right_Arm2_k10_HumanoidRootPart_Torso_Right_Arm.Name = "Right Arm"
Right_Arm2_k10_HumanoidRootPart_Torso_Right_Arm.CFrame = cf(0.344619, -0.538998, 0.340265, -0.866991, -0.010803, 0.498207, 0.495480, -0.125349, 0.859527, 0.053165, 0.992054, 0.114029)
Right_Arm2_k10_HumanoidRootPart_Torso_Right_Arm.Parent = Torso2_k10_HumanoidRootPart_Torso



--Left Arm
 Left_Arm2_k10_HumanoidRootPart_Torso_Left_Arm = Instance.new("Pose")
Left_Arm2_k10_HumanoidRootPart_Torso_Left_Arm.Name = "Left Arm"
Left_Arm2_k10_HumanoidRootPart_Torso_Left_Arm.CFrame = cf(0.009055, -0.006404, 0.467834, 0.868859, -0.274094, 0.412257, -0.402952, 0.092224, 0.910563, -0.287600, -0.957271, -0.030317)
Left_Arm2_k10_HumanoidRootPart_Torso_Left_Arm.Parent = Torso2_k10_HumanoidRootPart_Torso



--Head
 Head2_k10_HumanoidRootPart_Torso_Head = Instance.new("Pose")
Head2_k10_HumanoidRootPart_Torso_Head.Name = "Head"
Head2_k10_HumanoidRootPart_Torso_Head.CFrame = cf(0.000000, 0.000000, -0.000000, 0.973960, 0.030373, 0.224678, -0.061562, 0.989183, 0.133140, -0.218204, -0.143505, 0.965295)
Head2_k10_HumanoidRootPart_Torso_Head.Parent = Torso2_k10_HumanoidRootPart_Torso



--Right Leg
 Right_Leg2_k10_HumanoidRootPart_Torso_Right_Leg = Instance.new("Pose")
Right_Leg2_k10_HumanoidRootPart_Torso_Right_Leg.Name = "Right Leg"
Right_Leg2_k10_HumanoidRootPart_Torso_Right_Leg.CFrame = cf(0.171671, 1.145298, 0.554178, 0.749938, -0.094067, -0.654786, 0.216728, 0.970145, 0.108851, 0.624998, -0.223542, 0.747935)
Right_Leg2_k10_HumanoidRootPart_Torso_Right_Leg.Parent = Torso2_k10_HumanoidRootPart_Torso



-- Keyframe 11 (Time: 0.3333333432674408)
 keyframe11 = Instance.new("Keyframe")
keyframe11.Time = 0.3333333432674408
keyframe11.Parent = KeyframeSequence

--HumanoidRootPart
 HumanoidRootPart2_k11_HumanoidRootPart = Instance.new("Pose")
HumanoidRootPart2_k11_HumanoidRootPart.Name = "HumanoidRootPart"
HumanoidRootPart2_k11_HumanoidRootPart.CFrame = cf(0.000000, 0.000000, 0.000000, 1.000000, 0.000000, 0.000000, 0.000000, 1.000000, 0.000000, 0.000000, 0.000000, 1.000000)
HumanoidRootPart2_k11_HumanoidRootPart.Parent = keyframe11



--Torso
 Torso2_k11_HumanoidRootPart_Torso = Instance.new("Pose")
Torso2_k11_HumanoidRootPart_Torso.Name = "Torso"
Torso2_k11_HumanoidRootPart_Torso.CFrame = cf(-0.858226, 0.000000, -0.580565, 0.922755, 0.068145, -0.379314, -0.158858, 0.963992, -0.213269, 0.351123, 0.257053, 0.900354)
Torso2_k11_HumanoidRootPart_Torso.Parent = HumanoidRootPart2_k11_HumanoidRootPart



--Left Leg
 Left_Leg2_k11_HumanoidRootPart_Torso_Left_Leg = Instance.new("Pose")
Left_Leg2_k11_HumanoidRootPart_Torso_Left_Leg.Name = "Left Leg"
Left_Leg2_k11_HumanoidRootPart_Torso_Left_Leg.CFrame = cf(-0.586314, 0.014017, -0.410034, 0.859249, 0.074793, -0.506061, 0.223339, 0.835148, 0.502640, 0.460230, -0.544916, 0.700896)
Left_Leg2_k11_HumanoidRootPart_Torso_Left_Leg.Parent = Torso2_k11_HumanoidRootPart_Torso



--Right Arm
 Right_Arm2_k11_HumanoidRootPart_Torso_Right_Arm = Instance.new("Pose")
Right_Arm2_k11_HumanoidRootPart_Torso_Right_Arm.Name = "Right Arm"
Right_Arm2_k11_HumanoidRootPart_Torso_Right_Arm.CFrame = cf(0.344619, -0.538998, 0.340265, -0.866991, -0.010803, 0.498207, 0.495480, -0.125349, 0.859527, 0.053165, 0.992054, 0.114029)
Right_Arm2_k11_HumanoidRootPart_Torso_Right_Arm.Parent = Torso2_k11_HumanoidRootPart_Torso



--Left Arm
 Left_Arm2_k11_HumanoidRootPart_Torso_Left_Arm = Instance.new("Pose")
Left_Arm2_k11_HumanoidRootPart_Torso_Left_Arm.Name = "Left Arm"
Left_Arm2_k11_HumanoidRootPart_Torso_Left_Arm.CFrame = cf(0.009055, -0.006404, 0.467834, 0.868859, -0.274094, 0.412257, -0.402952, 0.092224, 0.910563, -0.287600, -0.957271, -0.030317)
Left_Arm2_k11_HumanoidRootPart_Torso_Left_Arm.Parent = Torso2_k11_HumanoidRootPart_Torso



--Head
 Head2_k11_HumanoidRootPart_Torso_Head = Instance.new("Pose")
Head2_k11_HumanoidRootPart_Torso_Head.Name = "Head"
Head2_k11_HumanoidRootPart_Torso_Head.CFrame = cf(0.000000, 0.000000, -0.000000, 0.973960, 0.030373, 0.224678, -0.061562, 0.989183, 0.133140, -0.218204, -0.143505, 0.965295)
Head2_k11_HumanoidRootPart_Torso_Head.Parent = Torso2_k11_HumanoidRootPart_Torso



--Right Leg
 Right_Leg2_k11_HumanoidRootPart_Torso_Right_Leg = Instance.new("Pose")
Right_Leg2_k11_HumanoidRootPart_Torso_Right_Leg.Name = "Right Leg"
Right_Leg2_k11_HumanoidRootPart_Torso_Right_Leg.CFrame = cf(0.171671, 1.145298, 0.554178, 0.749938, -0.094067, -0.654786, 0.216728, 0.970145, 0.108851, 0.624998, -0.223542, 0.747935)
Right_Leg2_k11_HumanoidRootPart_Torso_Right_Leg.Parent = Torso2_k11_HumanoidRootPart_Torso



-- Keyframe 12 (Time: 0.36666667461395264)
 keyframe12 = Instance.new("Keyframe")
keyframe12.Time = 0.36666667461395264
keyframe12.Parent = KeyframeSequence

--HumanoidRootPart
 HumanoidRootPart2_k12_HumanoidRootPart = Instance.new("Pose")
HumanoidRootPart2_k12_HumanoidRootPart.Name = "HumanoidRootPart"
HumanoidRootPart2_k12_HumanoidRootPart.CFrame = cf(0.000000, 0.000000, 0.000000, 1.000000, 0.000000, 0.000000, 0.000000, 1.000000, 0.000000, 0.000000, 0.000000, 1.000000)
HumanoidRootPart2_k12_HumanoidRootPart.Parent = keyframe12



--Torso
 Torso2_k12_HumanoidRootPart_Torso = Instance.new("Pose")
Torso2_k12_HumanoidRootPart_Torso.Name = "Torso"
Torso2_k12_HumanoidRootPart_Torso.CFrame = cf(-0.858226, 0.000000, -0.580565, 0.922755, 0.068145, -0.379314, -0.158858, 0.963992, -0.213269, 0.351123, 0.257053, 0.900354)
Torso2_k12_HumanoidRootPart_Torso.Parent = HumanoidRootPart2_k12_HumanoidRootPart



--Left Leg
 Left_Leg2_k12_HumanoidRootPart_Torso_Left_Leg = Instance.new("Pose")
Left_Leg2_k12_HumanoidRootPart_Torso_Left_Leg.Name = "Left Leg"
Left_Leg2_k12_HumanoidRootPart_Torso_Left_Leg.CFrame = cf(-0.586314, 0.014017, -0.410034, 0.859249, 0.074793, -0.506061, 0.223339, 0.835148, 0.502640, 0.460230, -0.544916, 0.700896)
Left_Leg2_k12_HumanoidRootPart_Torso_Left_Leg.Parent = Torso2_k12_HumanoidRootPart_Torso



--Right Arm
 Right_Arm2_k12_HumanoidRootPart_Torso_Right_Arm = Instance.new("Pose")
Right_Arm2_k12_HumanoidRootPart_Torso_Right_Arm.Name = "Right Arm"
Right_Arm2_k12_HumanoidRootPart_Torso_Right_Arm.CFrame = cf(0.344619, -0.538998, 0.340265, -0.866991, -0.010803, 0.498207, 0.495480, -0.125349, 0.859527, 0.053165, 0.992054, 0.114029)
Right_Arm2_k12_HumanoidRootPart_Torso_Right_Arm.Parent = Torso2_k12_HumanoidRootPart_Torso



--Left Arm
 Left_Arm2_k12_HumanoidRootPart_Torso_Left_Arm = Instance.new("Pose")
Left_Arm2_k12_HumanoidRootPart_Torso_Left_Arm.Name = "Left Arm"
Left_Arm2_k12_HumanoidRootPart_Torso_Left_Arm.CFrame = cf(0.009055, -0.006404, 0.467834, 0.868859, -0.274094, 0.412257, -0.402952, 0.092224, 0.910563, -0.287600, -0.957271, -0.030317)
Left_Arm2_k12_HumanoidRootPart_Torso_Left_Arm.Parent = Torso2_k12_HumanoidRootPart_Torso



--Head
 Head2_k12_HumanoidRootPart_Torso_Head = Instance.new("Pose")
Head2_k12_HumanoidRootPart_Torso_Head.Name = "Head"
Head2_k12_HumanoidRootPart_Torso_Head.CFrame = cf(0.000000, 0.000000, -0.000000, 0.973960, 0.030373, 0.224678, -0.061562, 0.989183, 0.133140, -0.218204, -0.143505, 0.965295)
Head2_k12_HumanoidRootPart_Torso_Head.Parent = Torso2_k12_HumanoidRootPart_Torso



--Right Leg
 Right_Leg2_k12_HumanoidRootPart_Torso_Right_Leg = Instance.new("Pose")
Right_Leg2_k12_HumanoidRootPart_Torso_Right_Leg.Name = "Right Leg"
Right_Leg2_k12_HumanoidRootPart_Torso_Right_Leg.CFrame = cf(0.171671, 1.145298, 0.554178, 0.749938, -0.094067, -0.654786, 0.216728, 0.970145, 0.108851, 0.624998, -0.223542, 0.747935)
Right_Leg2_k12_HumanoidRootPart_Torso_Right_Leg.Parent = Torso2_k12_HumanoidRootPart_Torso



-- Keyframe 13 (Time: 0.4000000059604645)
 keyframe13 = Instance.new("Keyframe")
keyframe13.Time = 0.4000000059604645
keyframe13.Parent = KeyframeSequence

--HumanoidRootPart
 HumanoidRootPart2_k13_HumanoidRootPart = Instance.new("Pose")
HumanoidRootPart2_k13_HumanoidRootPart.Name = "HumanoidRootPart"
HumanoidRootPart2_k13_HumanoidRootPart.CFrame = cf(0.000000, 0.000000, 0.000000, 1.000000, 0.000000, 0.000000, 0.000000, 1.000000, 0.000000, 0.000000, 0.000000, 1.000000)
HumanoidRootPart2_k13_HumanoidRootPart.Parent = keyframe13



--Torso
 Torso2_k13_HumanoidRootPart_Torso = Instance.new("Pose")
Torso2_k13_HumanoidRootPart_Torso.Name = "Torso"
Torso2_k13_HumanoidRootPart_Torso.CFrame = cf(-0.908710, 0.000000, -0.618428, 0.921357, 0.067126, -0.382877, -0.158858, 0.963992, -0.213269, 0.354775, 0.257320, 0.898844)
Torso2_k13_HumanoidRootPart_Torso.Parent = HumanoidRootPart2_k13_HumanoidRootPart



--Left Leg
 Left_Leg2_k13_HumanoidRootPart_Torso_Left_Leg = Instance.new("Pose")
Left_Leg2_k13_HumanoidRootPart_Torso_Left_Leg.Name = "Left Leg"
Left_Leg2_k13_HumanoidRootPart_Torso_Left_Leg.CFrame = cf(-0.541866, 0.022858, -0.372081, 0.878375, 0.084356, -0.470469, 0.200949, 0.827913, 0.523622, 0.433678, -0.554477, 0.710267)
Left_Leg2_k13_HumanoidRootPart_Torso_Left_Leg.Parent = Torso2_k13_HumanoidRootPart_Torso



--Right Arm
 Right_Arm2_k13_HumanoidRootPart_Torso_Right_Arm = Instance.new("Pose")
Right_Arm2_k13_HumanoidRootPart_Torso_Right_Arm.Name = "Right Arm"
Right_Arm2_k13_HumanoidRootPart_Torso_Right_Arm.CFrame = cf(0.335557, -0.494138, 0.345493, -0.862733, -0.002266, 0.505654, 0.498738, -0.168696, 0.850178, 0.083376, 0.985666, 0.146670)
Right_Arm2_k13_HumanoidRootPart_Torso_Right_Arm.Parent = Torso2_k13_HumanoidRootPart_Torso



--Left Arm
 Left_Arm2_k13_HumanoidRootPart_Torso_Left_Arm = Instance.new("Pose")
Left_Arm2_k13_HumanoidRootPart_Torso_Left_Arm.Name = "Left Arm"
Left_Arm2_k13_HumanoidRootPart_Torso_Left_Arm.CFrame = cf(0.018624, 0.038731, 0.465310, 0.869049, -0.283897, 0.405162, -0.409083, 0.048190, 0.911224, -0.278219, -0.957643, -0.074258)
Left_Arm2_k13_HumanoidRootPart_Torso_Left_Arm.Parent = Torso2_k13_HumanoidRootPart_Torso



--Head
 Head2_k13_HumanoidRootPart_Torso_Head = Instance.new("Pose")
Head2_k13_HumanoidRootPart_Torso_Head.Name = "Head"
Head2_k13_HumanoidRootPart_Torso_Head.CFrame = cf(0.000000, -0.000000, 0.000000, 0.978868, 0.033774, 0.201686, -0.052711, 0.994612, 0.089273, -0.197585, -0.098017, 0.975373)
Head2_k13_HumanoidRootPart_Torso_Head.Parent = Torso2_k13_HumanoidRootPart_Torso



--Right Leg
 Right_Leg2_k13_HumanoidRootPart_Torso_Right_Leg = Instance.new("Pose")
Right_Leg2_k13_HumanoidRootPart_Torso_Right_Leg.Name = "Right Leg"
Right_Leg2_k13_HumanoidRootPart_Torso_Right_Leg.CFrame = cf(0.174725, 1.170000, 0.561066, 0.765392, -0.089525, -0.637307, 0.191519, 0.977096, 0.092754, 0.614407, -0.193050, 0.765007)
Right_Leg2_k13_HumanoidRootPart_Torso_Right_Leg.Parent = Torso2_k13_HumanoidRootPart_Torso



-- Keyframe 14 (Time: 0.4333333373069763)
 keyframe14 = Instance.new("Keyframe")
keyframe14.Time = 0.4333333373069763
keyframe14.Parent = KeyframeSequence

--HumanoidRootPart
 HumanoidRootPart2_k14_HumanoidRootPart = Instance.new("Pose")
HumanoidRootPart2_k14_HumanoidRootPart.Name = "HumanoidRootPart"
HumanoidRootPart2_k14_HumanoidRootPart.CFrame = cf(0.000000, 0.000000, 0.000000, 1.000000, 0.000000, 0.000000, 0.000000, 1.000000, 0.000000, 0.000000, 0.000000, 1.000000)
HumanoidRootPart2_k14_HumanoidRootPart.Parent = keyframe14



--Torso
 Torso2_k14_HumanoidRootPart_Torso = Instance.new("Pose")
Torso2_k14_HumanoidRootPart_Torso.Name = "Torso"
Torso2_k14_HumanoidRootPart_Torso.CFrame = cf(-0.908710, 0.000000, -0.618428, 0.921357, 0.067126, -0.382877, -0.158858, 0.963992, -0.213269, 0.354775, 0.257320, 0.898844)
Torso2_k14_HumanoidRootPart_Torso.Parent = HumanoidRootPart2_k14_HumanoidRootPart



--Left Leg
 Left_Leg2_k14_HumanoidRootPart_Torso_Left_Leg = Instance.new("Pose")
Left_Leg2_k14_HumanoidRootPart_Torso_Left_Leg.Name = "Left Leg"
Left_Leg2_k14_HumanoidRootPart_Torso_Left_Leg.CFrame = cf(-0.541866, 0.022858, -0.372081, 0.878375, 0.084356, -0.470469, 0.200949, 0.827913, 0.523622, 0.433678, -0.554477, 0.710267)
Left_Leg2_k14_HumanoidRootPart_Torso_Left_Leg.Parent = Torso2_k14_HumanoidRootPart_Torso



--Right Arm
