-- KeyframeSequence Export: fnf thing
-- Generated on 2025-09-04 20:35:59

local KeyframeSequence = Instance.new("KeyframeSequence")
KeyframeSequence.Name = "Billy2"
local cf=CFrame.new

-- Keyframe 1 (Time: 0)
local keyframe1 = Instance.new("Keyframe")
keyframe1.Time = 0
keyframe1.Parent = KeyframeSequence

--HumanoidRootPart
local HumanoidRootPart_k1_HumanoidRootPart = Instance.new("Pose")
HumanoidRootPart_k1_HumanoidRootPart.Name = "HumanoidRootPart"
HumanoidRootPart_k1_HumanoidRootPart.CFrame = cf(0.000000, 0.000000, 0.000000, 1.000000, 0.000000, 0.000000, 0.000000, 1.000000, 0.000000, 0.000000, 0.000000, 1.000000)
HumanoidRootPart_k1_HumanoidRootPart.Parent = keyframe1



--Torso
local Torso_k1_HumanoidRootPart_Torso = Instance.new("Pose")
Torso_k1_HumanoidRootPart_Torso.Name = "Torso"
Torso_k1_HumanoidRootPart_Torso.CFrame = cf(0.037391, 0.136226, -0.445198, 0.995933, -0.082042, 0.037242, 0.076299, 0.987810, 0.135685, -0.047920, -0.132291, 0.990052)
Torso_k1_HumanoidRootPart_Torso.Parent = HumanoidRootPart_k1_HumanoidRootPart



--Head
local Head_k1_HumanoidRootPart_Torso_Head = Instance.new("Pose")
Head_k1_HumanoidRootPart_Torso_Head.Name = "Head"
Head_k1_HumanoidRootPart_Torso_Head.CFrame = cf(0.000000, -0.000000, 0.015232, 0.998555, 0.025008, 0.047572, -0.010278, 0.957665, -0.287703, -0.052753, 0.286798, 0.956537)
Head_k1_HumanoidRootPart_Torso_Head.Parent = Torso_k1_HumanoidRootPart_Torso



--Left Arm
local Left_Arm_k1_HumanoidRootPart_Torso = Instance.new("Pose")
Left_Arm_k1_HumanoidRootPart_Torso.Name = "Left Arm"
Left_Arm_k1_HumanoidRootPart_Torso.CFrame = cf(0.669141, -0.232983, -0.619578, 0.786512, 0.502991, 0.358327, -0.571027, 0.813289, 0.111750, -0.235215, -0.292507, 0.926884)
Left_Arm_k1_HumanoidRootPart_Torso.Parent = Torso_k1_HumanoidRootPart_Torso




--Right Arm
local Right_Arm_k1_HumanoidRootPart_Torso = Instance.new("Pose")
Right_Arm_k1_HumanoidRootPart_Torso.Name = "Right Arm"
Right_Arm_k1_HumanoidRootPart_Torso.CFrame = cf(-0.541052, -0.773468, -0.219478, 0.661655, -0.710117, 0.240720, 0.704478, 0.698680, 0.124724, -0.256755, 0.087058, 0.962548)
Right_Arm_k1_HumanoidRootPart_Torso.Parent = Torso_k1_HumanoidRootPart_Torso



--Left Leg
local Left_Leg_k1_HumanoidRootPart_Torso = Instance.new("Pose")
Left_Leg_k1_HumanoidRootPart_Torso.Name = "Left Leg"
Left_Leg_k1_HumanoidRootPart_Torso.CFrame = cf(-0.675381, 0.441148, 0.023036, 0.929464, -0.315261, 0.191590, 0.246936, 0.917504, 0.311784, -0.274078, -0.242482, 0.930636)
Left_Leg_k1_HumanoidRootPart_Torso.Parent = Torso_k1_HumanoidRootPart_Torso



--Right Leg
local Right_Leg_k1_HumanoidRootPart_Torso = Instance.new("Pose")
Right_Leg_k1_HumanoidRootPart_Torso.Name = "Right Leg"
Right_Leg_k1_HumanoidRootPart_Torso.CFrame = cf(0.754966, 0.262875, 0.065631, 0.899273, 0.418585, -0.126863, -0.402499, 0.905484, 0.134513, 0.171178, -0.069902, 0.982757)
Right_Leg_k1_HumanoidRootPart_Torso.Parent = Torso_k1_HumanoidRootPart_Torso



-- Keyframe 2 (Time: 0.1666666716337204)
 keyframe2 = Instance.new("Keyframe")
keyframe2.Time = 0.1666666716337204
keyframe2.Parent = KeyframeSequence

--HumanoidRootPart
 HumanoidRootPart_k2_HumanoidRootPart = Instance.new("Pose")
HumanoidRootPart_k2_HumanoidRootPart.Name = "HumanoidRootPart"
HumanoidRootPart_k2_HumanoidRootPart.CFrame = cf(0.000000, 0.000000, 0.000000, 1.000000, 0.000000, 0.000000, 0.000000, 1.000000, 0.000000, 0.000000, 0.000000, 1.000000)
HumanoidRootPart_k2_HumanoidRootPart.Parent = keyframe2



--Torso
 Torso_k2_HumanoidRootPart_Torso = Instance.new("Pose")
Torso_k2_HumanoidRootPart_Torso.Name = "Torso"
Torso_k2_HumanoidRootPart_Torso.CFrame = cf(0.037391, 0.136226, -0.445198, 0.995933, -0.082042, 0.037242, 0.076299, 0.987810, 0.135685, -0.047920, -0.132291, 0.990052)
Torso_k2_HumanoidRootPart_Torso.Parent = HumanoidRootPart_k2_HumanoidRootPart



--Head
 Head_k2_HumanoidRootPart_Torso_Head = Instance.new("Pose")
Head_k2_HumanoidRootPart_Torso_Head.Name = "Head"
Head_k2_HumanoidRootPart_Torso_Head.CFrame = cf(0.000000, -0.000000, 0.015232, 0.998555, 0.025008, 0.047572, -0.010278, 0.957665, -0.287703, -0.052753, 0.286798, 0.956537)
Head_k2_HumanoidRootPart_Torso_Head.Parent = Torso_k2_HumanoidRootPart_Torso



--Left Arm
 Left_Arm_k2_HumanoidRootPart_Torso = Instance.new("Pose")
Left_Arm_k2_HumanoidRootPart_Torso.Name = "Left Arm"
Left_Arm_k2_HumanoidRootPart_Torso.CFrame = cf(0.669141, -0.232983, -0.619578, 0.786512, 0.502991, 0.358327, -0.571027, 0.813289, 0.111750, -0.235215, -0.292507, 0.926884)
Left_Arm_k2_HumanoidRootPart_Torso.Parent = Torso_k2_HumanoidRootPart_Torso



--Handle
local Handle_k2_HumanoidRootPart_Torso_Handle = Instance.new("Pose")
Handle_k2_HumanoidRootPart_Torso_Handle.Name = "Handle"
Handle_k2_HumanoidRootPart_Torso_Handle.CFrame = cf(-0.000161, -0.002790, -0.000000, 1.000000, -0.000000, 0.000000, -0.000000, 1.000000, 0.000000, -0.000000, 0.000000, 1.000000)
Handle_k2_HumanoidRootPart_Torso_Handle.Parent = Left_Arm_k2_HumanoidRootPart_Torso



--Right Arm
 Right_Arm_k2_HumanoidRootPart_Torso = Instance.new("Pose")
Right_Arm_k2_HumanoidRootPart_Torso.Name = "Right Arm"
Right_Arm_k2_HumanoidRootPart_Torso.CFrame = cf(-0.541052, -0.773468, -0.219478, 0.661655, -0.710117, 0.240720, 0.704478, 0.698680, 0.124724, -0.256755, 0.087058, 0.962548)
Right_Arm_k2_HumanoidRootPart_Torso.Parent = Torso_k2_HumanoidRootPart_Torso



--Left Leg
 Left_Leg_k2_HumanoidRootPart_Torso = Instance.new("Pose")
Left_Leg_k2_HumanoidRootPart_Torso.Name = "Left Leg"
Left_Leg_k2_HumanoidRootPart_Torso.CFrame = cf(-0.675381, 0.441148, 0.023036, 0.929464, -0.315261, 0.191590, 0.246936, 0.917504, 0.311784, -0.274078, -0.242482, 0.930636)
Left_Leg_k2_HumanoidRootPart_Torso.Parent = Torso_k2_HumanoidRootPart_Torso



--Right Leg
 Right_Leg_k2_HumanoidRootPart_Torso = Instance.new("Pose")
Right_Leg_k2_HumanoidRootPart_Torso.Name = "Right Leg"
Right_Leg_k2_HumanoidRootPart_Torso.CFrame = cf(0.754966, 0.262875, 0.065631, 0.899273, 0.418585, -0.126863, -0.402499, 0.905484, 0.134513, 0.171178, -0.069902, 0.982757)
Right_Leg_k2_HumanoidRootPart_Torso.Parent = Torso_k2_HumanoidRootPart_Torso



-- Keyframe 3 (Time: 0.20000000298023224)
 keyframe3 = Instance.new("Keyframe")
keyframe3.Time = 0.20000000298023224
keyframe3.Parent = KeyframeSequence

--HumanoidRootPart
 HumanoidRootPart_k3_HumanoidRootPart = Instance.new("Pose")
HumanoidRootPart_k3_HumanoidRootPart.Name = "HumanoidRootPart"
HumanoidRootPart_k3_HumanoidRootPart.CFrame = cf(0.000000, 0.000000, 0.000000, 1.000000, 0.000000, 0.000000, 0.000000, 1.000000, 0.000000, 0.000000, 0.000000, 1.000000)
HumanoidRootPart_k3_HumanoidRootPart.Parent = keyframe3



--Torso
 Torso_k3_HumanoidRootPart_Torso = Instance.new("Pose")
Torso_k3_HumanoidRootPart_Torso.Name = "Torso"
Torso_k3_HumanoidRootPart_Torso.CFrame = cf(-0.010459, 0.040543, -0.464690, 0.998154, -0.059957, 0.009681, 0.059763, 0.998027, 0.019277, -0.010817, -0.018662, 0.999767)
Torso_k3_HumanoidRootPart_Torso.Parent = HumanoidRootPart_k3_HumanoidRootPart



--Head
 Head_k3_HumanoidRootPart_Torso_Head = Instance.new("Pose")
Head_k3_HumanoidRootPart_Torso_Head.Name = "Head"
Head_k3_HumanoidRootPart_Torso_Head.CFrame = cf(0.000000, 0.000000, 0.015231, 0.994878, 0.042692, 0.091629, -0.007714, 0.935866, -0.352273, -0.100792, 0.349761, 0.931401)
Head_k3_HumanoidRootPart_Torso_Head.Parent = Torso_k3_HumanoidRootPart_Torso



--Left Arm
 Left_Arm_k3_HumanoidRootPart_Torso = Instance.new("Pose")
Left_Arm_k3_HumanoidRootPart_Torso.Name = "Left Arm"
Left_Arm_k3_HumanoidRootPart_Torso.CFrame = cf(0.042129, -0.370064, -0.531783, 0.184739, 0.666824, 0.721954, -0.880216, 0.439010, -0.180250, -0.437140, -0.602176, 0.668052)
Left_Arm_k3_HumanoidRootPart_Torso.Parent = Torso_k3_HumanoidRootPart_Torso



--Handle
 Handle_k3_HumanoidRootPart_Torso_Handle = Instance.new("Pose")
Handle_k3_HumanoidRootPart_Torso_Handle.Name = "Handle"
Handle_k3_HumanoidRootPart_Torso_Handle.CFrame = cf(-0.000161, -0.002790, -0.000000, 1.000000, -0.000000, -0.000000, -0.000000, 1.000000, 0.000000, -0.000000, 0.000000, 1.000000)
Handle_k3_HumanoidRootPart_Torso_Handle.Parent = Left_Arm_k3_HumanoidRootPart_Torso



--Right Arm
 Right_Arm_k3_HumanoidRootPart_Torso = Instance.new("Pose")
Right_Arm_k3_HumanoidRootPart_Torso.Name = "Right Arm"
Right_Arm_k3_HumanoidRootPart_Torso.CFrame = cf(-0.568298, -0.510319, 0.022660, 0.596782, -0.722808, 0.348426, 0.729656, 0.669509, 0.139143, -0.333848, 0.171193, 0.926951)
Right_Arm_k3_HumanoidRootPart_Torso.Parent = Torso_k3_HumanoidRootPart_Torso



--Left Leg
 Left_Leg_k3_HumanoidRootPart_Torso = Instance.new("Pose")
Left_Leg_k3_HumanoidRootPart_Torso.Name = "Left Leg"
Left_Leg_k3_HumanoidRootPart_Torso.CFrame = cf(-0.609472, 0.509682, 0.043309, 0.948892, -0.203668, 0.241090, 0.137783, 0.954595, 0.264129, -0.283938, -0.217411, 0.933869)
Left_Leg_k3_HumanoidRootPart_Torso.Parent = Torso_k3_HumanoidRootPart_Torso



--Right Leg
 Right_Leg_k3_HumanoidRootPart_Torso = Instance.new("Pose")
Right_Leg_k3_HumanoidRootPart_Torso.Name = "Right Leg"
Right_Leg_k3_HumanoidRootPart_Torso.CFrame = cf(0.758927, 0.412761, 0.040463, 0.942502, 0.309940, -0.125011, -0.291689, 0.945466, 0.144952, 0.163121, -0.100154, 0.981510)
Right_Leg_k3_HumanoidRootPart_Torso.Parent = Torso_k3_HumanoidRootPart_Torso



-- Keyframe 4 (Time: 0.4000000059604645)
 keyframe4 = Instance.new("Keyframe")
keyframe4.Time = 0.4000000059604645
keyframe4.Parent = KeyframeSequence

--HumanoidRootPart
 HumanoidRootPart_k4_HumanoidRootPart = Instance.new("Pose")
HumanoidRootPart_k4_HumanoidRootPart.Name = "HumanoidRootPart"
HumanoidRootPart_k4_HumanoidRootPart.CFrame = cf(0.000000, 0.000000, 0.000000, 1.000000, 0.000000, 0.000000, 0.000000, 1.000000, 0.000000, 0.000000, 0.000000, 1.000000)
HumanoidRootPart_k4_HumanoidRootPart.Parent = keyframe4



--Torso
 Torso_k4_HumanoidRootPart_Torso = Instance.new("Pose")
Torso_k4_HumanoidRootPart_Torso.Name = "Torso"
Torso_k4_HumanoidRootPart_Torso.CFrame = cf(-0.010459, 0.040543, -0.464690, 0.998154, -0.059957, 0.009681, 0.059763, 0.998027, 0.019277, -0.010817, -0.018662, 0.999767)
Torso_k4_HumanoidRootPart_Torso.Parent = HumanoidRootPart_k4_HumanoidRootPart



--Head
 Head_k4_HumanoidRootPart_Torso_Head = Instance.new("Pose")
Head_k4_HumanoidRootPart_Torso_Head.Name = "Head"
Head_k4_HumanoidRootPart_Torso_Head.CFrame = cf(0.000000, 0.000000, 0.015231, 0.994878, 0.042692, 0.091629, -0.007714, 0.935866, -0.352273, -0.100792, 0.349761, 0.931401)
Head_k4_HumanoidRootPart_Torso_Head.Parent = Torso_k4_HumanoidRootPart_Torso



--Left Arm
 Left_Arm_k4_HumanoidRootPart_Torso = Instance.new("Pose")
Left_Arm_k4_HumanoidRootPart_Torso.Name = "Left Arm"
Left_Arm_k4_HumanoidRootPart_Torso.CFrame = cf(0.042129, -0.370064, -0.531783, 0.184739, 0.666824, 0.721954, -0.880216, 0.439010, -0.180250, -0.437140, -0.602176, 0.668052)
Left_Arm_k4_HumanoidRootPart_Torso.Parent = Torso_k4_HumanoidRootPart_Torso



--Handle
 Handle_k4_HumanoidRootPart_Torso_Handle = Instance.new("Pose")
Handle_k4_HumanoidRootPart_Torso_Handle.Name = "Handle"
Handle_k4_HumanoidRootPart_Torso_Handle.CFrame = cf(-0.000161, -0.002790, -0.000000, 1.000000, -0.000000, -0.000000, -0.000000, 1.000000, 0.000000, -0.000000, 0.000000, 1.000000)
Handle_k4_HumanoidRootPart_Torso_Handle.Parent = Left_Arm_k4_HumanoidRootPart_Torso



--Right Arm
 Right_Arm_k4_HumanoidRootPart_Torso = Instance.new("Pose")
Right_Arm_k4_HumanoidRootPart_Torso.Name = "Right Arm"
Right_Arm_k4_HumanoidRootPart_Torso.CFrame = cf(-0.568298, -0.510319, 0.022660, 0.596782, -0.722808, 0.348426, 0.729656, 0.669509, 0.139143, -0.333848, 0.171193, 0.926951)
Right_Arm_k4_HumanoidRootPart_Torso.Parent = Torso_k4_HumanoidRootPart_Torso



--Left Leg
 Left_Leg_k4_HumanoidRootPart_Torso = Instance.new("Pose")
Left_Leg_k4_HumanoidRootPart_Torso.Name = "Left Leg"
Left_Leg_k4_HumanoidRootPart_Torso.CFrame = cf(-0.609472, 0.509682, 0.043309, 0.948892, -0.203668, 0.241090, 0.137783, 0.954595, 0.264129, -0.283938, -0.217411, 0.933869)
Left_Leg_k4_HumanoidRootPart_Torso.Parent = Torso_k4_HumanoidRootPart_Torso



--Right Leg
 Right_Leg_k4_HumanoidRootPart_Torso = Instance.new("Pose")
Right_Leg_k4_HumanoidRootPart_Torso.Name = "Right Leg"
Right_Leg_k4_HumanoidRootPart_Torso.CFrame = cf(0.758927, 0.412761, 0.040463, 0.942502, 0.309940, -0.125011, -0.291689, 0.945466, 0.144952, 0.163121, -0.100154, 0.981510)
Right_Leg_k4_HumanoidRootPart_Torso.Parent = Torso_k4_HumanoidRootPart_Torso



-- Keyframe 5 (Time: 0.4333333373069763)
 keyframe5 = Instance.new("Keyframe")
keyframe5.Time = 0.4333333373069763
keyframe5.Parent = KeyframeSequence

--HumanoidRootPart
 HumanoidRootPart_k5_HumanoidRootPart = Instance.new("Pose")
HumanoidRootPart_k5_HumanoidRootPart.Name = "HumanoidRootPart"
HumanoidRootPart_k5_HumanoidRootPart.CFrame = cf(0.000000, 0.000000, 0.000000, 1.000000, 0.000000, 0.000000, 0.000000, 1.000000, 0.000000, 0.000000, 0.000000, 1.000000)
HumanoidRootPart_k5_HumanoidRootPart.Parent = keyframe5



--Torso
 Torso_k5_HumanoidRootPart_Torso = Instance.new("Pose")
Torso_k5_HumanoidRootPart_Torso.Name = "Torso"
Torso_k5_HumanoidRootPart_Torso.CFrame = cf(-0.036517, 0.025103, -0.464526, 0.999485, -0.029879, -0.011680, 0.029861, 0.999553, -0.001654, 0.011725, 0.001304, 0.999930)
Torso_k5_HumanoidRootPart_Torso.Parent = HumanoidRootPart_k5_HumanoidRootPart



--Head
 Head_k5_HumanoidRootPart_Torso_Head = Instance.new("Pose")
Head_k5_HumanoidRootPart_Torso_Head.Name = "Head"
Head_k5_HumanoidRootPart_Torso_Head.CFrame = cf(0.000000, 0.000000, 0.015232, 0.992199, 0.021950, 0.122720, 0.019991, 0.943625, -0.330412, -0.123054, 0.330288, 0.935825)
Head_k5_HumanoidRootPart_Torso_Head.Parent = Torso_k5_HumanoidRootPart_Torso



--Left Arm
 Left_Arm_k5_HumanoidRootPart_Torso = Instance.new("Pose")
Left_Arm_k5_HumanoidRootPart_Torso.Name = "Left Arm"
Left_Arm_k5_HumanoidRootPart_Torso.CFrame = cf(0.044290, -0.374765, -0.532652, 0.097368, 0.725165, 0.681656, -0.937524, 0.296695, -0.181716, -0.334018, -0.621376, 0.708748)
Left_Arm_k5_HumanoidRootPart_Torso.Parent = Torso_k5_HumanoidRootPart_Torso



--Handle
 Handle_k5_HumanoidRootPart_Torso_Handle = Instance.new("Pose")
Handle_k5_HumanoidRootPart_Torso_Handle.Name = "Handle"
Handle_k5_HumanoidRootPart_Torso_Handle.CFrame = cf(-0.000161, -0.002790, -0.000000, 1.000000, -0.000000, 0.000000, -0.000000, 1.000000, 0.000000, -0.000000, 0.000000, 1.000000)
Handle_k5_HumanoidRootPart_Torso_Handle.Parent = Left_Arm_k5_HumanoidRootPart_Torso



--Right Arm
 Right_Arm_k5_HumanoidRootPart_Torso = Instance.new("Pose")
Right_Arm_k5_HumanoidRootPart_Torso.Name = "Right Arm"
Right_Arm_k5_HumanoidRootPart_Torso.CFrame = cf(-0.567489, -0.510496, 0.007153, 0.593563, -0.720958, 0.357634, 0.729147, 0.669845, 0.140186, -0.340628, 0.177558, 0.923280)
Right_Arm_k5_HumanoidRootPart_Torso.Parent = Torso_k5_HumanoidRootPart_Torso



--Left Leg
 Left_Leg_k5_HumanoidRootPart_Torso = Instance.new("Pose")
Left_Leg_k5_HumanoidRootPart_Torso.Name = "Left Leg"
Left_Leg_k5_HumanoidRootPart_Torso.CFrame = cf(-0.576941, 0.497541, 0.072967, 0.942250, -0.192595, 0.273993, 0.126736, 0.962316, 0.240593, -0.310005, -0.191974, 0.931151)
Left_Leg_k5_HumanoidRootPart_Torso.Parent = Torso_k5_HumanoidRootPart_Torso



--Right Leg
 Right_Leg_k5_HumanoidRootPart_Torso = Instance.new("Pose")
Right_Leg_k5_HumanoidRootPart_Torso.Name = "Right Leg"
Right_Leg_k5_HumanoidRootPart_Torso.CFrame = cf(0.766776, 0.455869, 0.006627, 0.955777, 0.277058, -0.098636, -0.259386, 0.952218, 0.161245, 0.138598, -0.128530, 0.981973)
Right_Leg_k5_HumanoidRootPart_Torso.Parent = Torso_k5_HumanoidRootPart_Torso



-- Keyframe 6 (Time: 0.5333333611488342)
 keyframe6 = Instance.new("Keyframe")
keyframe6.Time = 0.5333333611488342
keyframe6.Parent = KeyframeSequence

--HumanoidRootPart
 HumanoidRootPart_k6_HumanoidRootPart = Instance.new("Pose")
HumanoidRootPart_k6_HumanoidRootPart.Name = "HumanoidRootPart"
HumanoidRootPart_k6_HumanoidRootPart.CFrame = cf(0.000000, 0.000000, 0.000000, 1.000000, 0.000000, 0.000000, 0.000000, 1.000000, 0.000000, 0.000000, 0.000000, 1.000000)
HumanoidRootPart_k6_HumanoidRootPart.Parent = keyframe6



--Torso
 Torso_k6_HumanoidRootPart_Torso = Instance.new("Pose")
Torso_k6_HumanoidRootPart_Torso.Name = "Torso"
Torso_k6_HumanoidRootPart_Torso.CFrame = cf(-0.036517, 0.025103, -0.464526, 0.999485, -0.029879, -0.011680, 0.029861, 0.999553, -0.001654, 0.011725, 0.001304, 0.999930)
Torso_k6_HumanoidRootPart_Torso.Parent = HumanoidRootPart_k6_HumanoidRootPart



--Head
 Head_k6_HumanoidRootPart_Torso_Head = Instance.new("Pose")
Head_k6_HumanoidRootPart_Torso_Head.Name = "Head"
Head_k6_HumanoidRootPart_Torso_Head.CFrame = cf(0.000000, 0.000000, 0.015232, 0.992199, 0.021950, 0.122720, 0.019991, 0.943625, -0.330412, -0.123054, 0.330288, 0.935825)
Head_k6_HumanoidRootPart_Torso_Head.Parent = Torso_k6_HumanoidRootPart_Torso



--Left Arm
 Left_Arm_k6_HumanoidRootPart_Torso = Instance.new("Pose")
Left_Arm_k6_HumanoidRootPart_Torso.Name = "Left Arm"
Left_Arm_k6_HumanoidRootPart_Torso.CFrame = cf(0.044290, -0.374765, -0.532652, 0.097368, 0.725165, 0.681656, -0.937524, 0.296695, -0.181716, -0.334018, -0.621376, 0.708748)
Left_Arm_k6_HumanoidRootPart_Torso.Parent = Torso_k6_HumanoidRootPart_Torso



--Handle
 Handle_k6_HumanoidRootPart_Torso_Handle = Instance.new("Pose")
Handle_k6_HumanoidRootPart_Torso_Handle.Name = "Handle"
Handle_k6_HumanoidRootPart_Torso_Handle.CFrame = cf(-0.000161, -0.002790, -0.000000, 1.000000, -0.000000, 0.000000, -0.000000, 1.000000, 0.000000, -0.000000, 0.000000, 1.000000)
Handle_k6_HumanoidRootPart_Torso_Handle.Parent = Left_Arm_k6_HumanoidRootPart_Torso



--Right Arm
 Right_Arm_k6_HumanoidRootPart_Torso = Instance.new("Pose")
Right_Arm_k6_HumanoidRootPart_Torso.Name = "Right Arm"
Right_Arm_k6_HumanoidRootPart_Torso.CFrame = cf(-0.567489, -0.510496, 0.007153, 0.593563, -0.720958, 0.357634, 0.729147, 0.669845, 0.140186, -0.340628, 0.177558, 0.923280)
Right_Arm_k6_HumanoidRootPart_Torso.Parent = Torso_k6_HumanoidRootPart_Torso



--Left Leg
 Left_Leg_k6_HumanoidRootPart_Torso = Instance.new("Pose")
Left_Leg_k6_HumanoidRootPart_Torso.Name = "Left Leg"
Left_Leg_k6_HumanoidRootPart_Torso.CFrame = cf(-0.576941, 0.497541, 0.072967, 0.942250, -0.192595, 0.273993, 0.126736, 0.962316, 0.240593, -0.310005, -0.191974, 0.931151)
Left_Leg_k6_HumanoidRootPart_Torso.Parent = Torso_k6_HumanoidRootPart_Torso



--Right Leg
 Right_Leg_k6_HumanoidRootPart_Torso = Instance.new("Pose")
Right_Leg_k6_HumanoidRootPart_Torso.Name = "Right Leg"
Right_Leg_k6_HumanoidRootPart_Torso.CFrame = cf(0.766776, 0.455869, 0.006627, 0.955777, 0.277058, -0.098636, -0.259386, 0.952218, 0.161245, 0.138598, -0.128530, 0.981973)
Right_Leg_k6_HumanoidRootPart_Torso.Parent = Torso_k6_HumanoidRootPart_Torso



-- Keyframe 7 (Time: 0.5666666626930237)
 keyframe7 = Instance.new("Keyframe")
keyframe7.Time = 0.5666666626930237
keyframe7.Parent = KeyframeSequence

--HumanoidRootPart
 HumanoidRootPart_k7_HumanoidRootPart = Instance.new("Pose")
HumanoidRootPart_k7_HumanoidRootPart.Name = "HumanoidRootPart"
HumanoidRootPart_k7_HumanoidRootPart.CFrame = cf(0.000000, 0.000000, 0.000000, 1.000000, 0.000000, 0.000000, 0.000000, 1.000000, 0.000000, 0.000000, 0.000000, 1.000000)
HumanoidRootPart_k7_HumanoidRootPart.Parent = keyframe7



--Torso
 Torso_k7_HumanoidRootPart_Torso = Instance.new("Pose")
Torso_k7_HumanoidRootPart_Torso.Name = "Torso"
Torso_k7_HumanoidRootPart_Torso.CFrame = cf(-0.077656, 0.108976, -0.475682, 0.897870, 0.432044, -0.084661, -0.431767, 0.901704, 0.022506, 0.086063, 0.016346, 0.996156)
Torso_k7_HumanoidRootPart_Torso.Parent = HumanoidRootPart_k7_HumanoidRootPart



--Head
 Head_k7_HumanoidRootPart_Torso_Head = Instance.new("Pose")
Head_k7_HumanoidRootPart_Torso_Head.Name = "Head"
Head_k7_HumanoidRootPart_Torso_Head.CFrame = cf(0.000000, -0.000000, 0.015232, 0.925062, -0.371107, 0.080874, 0.379147, 0.889611, -0.254637, 0.022551, 0.266218, 0.963649)
Head_k7_HumanoidRootPart_Torso_Head.Parent = Torso_k7_HumanoidRootPart_Torso



--Left Arm
 Left_Arm_k7_HumanoidRootPart_Torso = Instance.new("Pose")
Left_Arm_k7_HumanoidRootPart_Torso.Name = "Left Arm"
Left_Arm_k7_HumanoidRootPart_Torso.CFrame = cf(-0.075841, -0.460760, -0.217479, 0.087403, 0.913248, -0.397919, -0.935734, 0.212283, 0.281668, 0.341704, 0.347727, 0.873112)
Left_Arm_k7_HumanoidRootPart_Torso.Parent = Torso_k7_HumanoidRootPart_Torso



--Handle
 Handle_k7_HumanoidRootPart_Torso_Handle = Instance.new("Pose")
Handle_k7_HumanoidRootPart_Torso_Handle.Name = "Handle"
Handle_k7_HumanoidRootPart_Torso_Handle.CFrame = cf(-0.000161, -0.002789, -0.000000, 1.000000, 0.000000, 0.000000, -0.000000, 1.000000, 0.000000, -0.000000, 0.000000, 1.000000)
Handle_k7_HumanoidRootPart_Torso_Handle.Parent = Left_Arm_k7_HumanoidRootPart_Torso



--Right Arm
 Right_Arm_k7_HumanoidRootPart_Torso = Instance.new("Pose")
Right_Arm_k7_HumanoidRootPart_Torso.Name = "Right Arm"
Right_Arm_k7_HumanoidRootPart_Torso.CFrame = cf(-0.702531, -0.462808, 0.006079, 0.724303, -0.686979, 0.058699, 0.614788, 0.682032, 0.396064, -0.312122, -0.250783, 0.916345)
Right_Arm_k7_HumanoidRootPart_Torso.Parent = Torso_k7_HumanoidRootPart_Torso



--Left Leg
 Left_Leg_k7_HumanoidRootPart_Torso = Instance.new("Pose")
Left_Leg_k7_HumanoidRootPart_Torso.Name = "Left Leg"
Left_Leg_k7_HumanoidRootPart_Torso.CFrame = cf(-0.263902, 0.372719, 0.326447, 0.662550, -0.343277, 0.665724, 0.266591, 0.938669, 0.218700, -0.699969, 0.032576, 0.713430)
Left_Leg_k7_HumanoidRootPart_Torso.Parent = Torso_k7_HumanoidRootPart_Torso



--Right Leg
 Right_Leg_k7_HumanoidRootPart_Torso = Instance.new("Pose")
Right_Leg_k7_HumanoidRootPart_Torso.Name = "Right Leg"
Right_Leg_k7_HumanoidRootPart_Torso.CFrame = cf(0.424028, 0.589066, -0.113261, 0.972079, -0.152821, -0.178071, 0.209956, 0.905330, 0.369182, 0.104794, -0.396261, 0.912138)
Right_Leg_k7_HumanoidRootPart_Torso.Parent = Torso_k7_HumanoidRootPart_Torso



-- Keyframe 8 (Time: 0.5833333134651184)
 keyframe8 = Instance.new("Keyframe")
keyframe8.Time = 0.5833333134651184
keyframe8.Parent = KeyframeSequence

--HumanoidRootPart
 HumanoidRootPart_k8_HumanoidRootPart = Instance.new("Pose")
HumanoidRootPart_k8_HumanoidRootPart.Name = "HumanoidRootPart"
HumanoidRootPart_k8_HumanoidRootPart.CFrame = cf(0.000000, 0.000000, 0.000000, 1.000000, 0.000000, 0.000000, 0.000000, 1.000000, 0.000000, 0.000000, 0.000000, 1.000000)
HumanoidRootPart_k8_HumanoidRootPart.Parent = keyframe8



--Torso
 Torso_k8_HumanoidRootPart_Torso = Instance.new("Pose")
Torso_k8_HumanoidRootPart_Torso.Name = "Torso"
Torso_k8_HumanoidRootPart_Torso.CFrame = cf(-0.077656, 0.108976, -0.475682, 0.897870, 0.432044, -0.084661, -0.431767, 0.901704, 0.022506, 0.086063, 0.016346, 0.996156)
Torso_k8_HumanoidRootPart_Torso.Parent = HumanoidRootPart_k8_HumanoidRootPart



--Head
 Head_k8_HumanoidRootPart_Torso_Head = Instance.new("Pose")
Head_k8_HumanoidRootPart_Torso_Head.Name = "Head"
Head_k8_HumanoidRootPart_Torso_Head.CFrame = cf(0.000000, -0.000000, 0.015232, 0.925062, -0.371107, 0.080874, 0.379147, 0.889611, -0.254637, 0.022551, 0.266218, 0.963649)
Head_k8_HumanoidRootPart_Torso_Head.Parent = Torso_k8_HumanoidRootPart_Torso



--Left Arm
 Left_Arm_k8_HumanoidRootPart_Torso = Instance.new("Pose")
Left_Arm_k8_HumanoidRootPart_Torso.Name = "Left Arm"
Left_Arm_k8_HumanoidRootPart_Torso.CFrame = cf(-0.075841, -0.460760, -0.217479, 0.087403, 0.913248, -0.397919, -0.935734, 0.212283, 0.281668, 0.341704, 0.347727, 0.873112)
Left_Arm_k8_HumanoidRootPart_Torso.Parent = Torso_k8_HumanoidRootPart_Torso



--Handle
 Handle_k8_HumanoidRootPart_Torso_Handle = Instance.new("Pose")
Handle_k8_HumanoidRootPart_Torso_Handle.Name = "Handle"
Handle_k8_HumanoidRootPart_Torso_Handle.CFrame = cf(-0.000161, -0.002789, -0.000000, 1.000000, 0.000000, 0.000000, -0.000000, 1.000000, 0.000000, -0.000000, 0.000000, 1.000000)
Handle_k8_HumanoidRootPart_Torso_Handle.Parent = Left_Arm_k8_HumanoidRootPart_Torso



--Right Arm
 Right_Arm_k8_HumanoidRootPart_Torso = Instance.new("Pose")
Right_Arm_k8_HumanoidRootPart_Torso.Name = "Right Arm"
Right_Arm_k8_HumanoidRootPart_Torso.CFrame = cf(-0.702531, -0.462808, 0.006079, 0.724303, -0.686979, 0.058699, 0.614788, 0.682032, 0.396064, -0.312122, -0.250783, 0.916345)
Right_Arm_k8_HumanoidRootPart_Torso.Parent = Torso_k8_HumanoidRootPart_Torso



--Left Leg
 Left_Leg_k8_HumanoidRootPart_Torso = Instance.new("Pose")
Left_Leg_k8_HumanoidRootPart_Torso.Name = "Left Leg"
Left_Leg_k8_HumanoidRootPart_Torso.CFrame = cf(-0.263902, 0.372719, 0.326447, 0.662550, -0.343277, 0.665724, 0.266591, 0.938669, 0.218700, -0.699969, 0.032576, 0.713430)
Left_Leg_k8_HumanoidRootPart_Torso.Parent = Torso_k8_HumanoidRootPart_Torso



--Right Leg
 Right_Leg_k8_HumanoidRootPart_Torso = Instance.new("Pose")
Right_Leg_k8_HumanoidRootPart_Torso.Name = "Right Leg"
Right_Leg_k8_HumanoidRootPart_Torso.CFrame = cf(0.424028, 0.589066, -0.113261, 0.972079, -0.152821, -0.178071, 0.209956, 0.905330, 0.369182, 0.104794, -0.396261, 0.912138)
Right_Leg_k8_HumanoidRootPart_Torso.Parent = Torso_k8_HumanoidRootPart_Torso



-- Keyframe 9 (Time: 0.6166666746139526)
 keyframe9 = Instance.new("Keyframe")
keyframe9.Time = 0.6166666746139526
keyframe9.Parent = KeyframeSequence

--HumanoidRootPart
 HumanoidRootPart_k9_HumanoidRootPart = Instance.new("Pose")
HumanoidRootPart_k9_HumanoidRootPart.Name = "HumanoidRootPart"
HumanoidRootPart_k9_HumanoidRootPart.CFrame = cf(0.000000, 0.000000, 0.000000, 1.000000, 0.000000, 0.000000, 0.000000, 1.000000, 0.000000, 0.000000, 0.000000, 1.000000)
HumanoidRootPart_k9_HumanoidRootPart.Parent = keyframe9



--Torso
 Torso_k9_HumanoidRootPart_Torso = Instance.new("Pose")
Torso_k9_HumanoidRootPart_Torso.Name = "Torso"
Torso_k9_HumanoidRootPart_Torso.CFrame = cf(-0.134919, 0.229355, -0.470517, 0.894370, 0.436669, -0.097073, -0.433680, 0.899615, 0.051133, 0.109657, -0.003633, 0.993963)
Torso_k9_HumanoidRootPart_Torso.Parent = HumanoidRootPart_k9_HumanoidRootPart



--Head
 Head_k9_HumanoidRootPart_Torso_Head = Instance.new("Pose")
Head_k9_HumanoidRootPart_Torso_Head.Name = "Head"
Head_k9_HumanoidRootPart_Torso_Head.CFrame = cf(0.000000, 0.000000, 0.015232, 0.994545, -0.091380, 0.050304, 0.103249, 0.931010, -0.350084, -0.014843, 0.353368, 0.935366)
Head_k9_HumanoidRootPart_Torso_Head.Parent = Torso_k9_HumanoidRootPart_Torso



--Left Arm
 Left_Arm_k9_HumanoidRootPart_Torso = Instance.new("Pose")
Left_Arm_k9_HumanoidRootPart_Torso.Name = "Left Arm"
Left_Arm_k9_HumanoidRootPart_Torso.CFrame = cf(-0.157951, -0.471776, -0.219954, -0.081899, 0.913700, -0.398051, -0.902224, 0.101710, 0.419102, 0.423419, 0.393455, 0.816033)
Left_Arm_k9_HumanoidRootPart_Torso.Parent = Torso_k9_HumanoidRootPart_Torso



--Handle
 Handle_k9_HumanoidRootPart_Torso_Handle = Instance.new("Pose")
Handle_k9_HumanoidRootPart_Torso_Handle.Name = "Handle"
Handle_k9_HumanoidRootPart_Torso_Handle.CFrame = cf(-0.000161, -0.002790, -0.000000, 1.000000, -0.000000, 0.000000, -0.000000, 1.000000, 0.000000, -0.000000, 0.000000, 1.000000)
Handle_k9_HumanoidRootPart_Torso_Handle.Parent = Left_Arm_k9_HumanoidRootPart_Torso



--Right Arm
 Right_Arm_k9_HumanoidRootPart_Torso = Instance.new("Pose")
Right_Arm_k9_HumanoidRootPart_Torso.Name = "Right Arm"
Right_Arm_k9_HumanoidRootPart_Torso.CFrame = cf(-0.500488, -0.168153, -0.040755, -0.130980, -0.953087, -0.272892, 0.546741, 0.160176, -0.821838, 0.826994, -0.256846, 0.500112)
Right_Arm_k9_HumanoidRootPart_Torso.Parent = Torso_k9_HumanoidRootPart_Torso



--Left Leg
 Left_Leg_k9_HumanoidRootPart_Torso = Instance.new("Pose")
Left_Leg_k9_HumanoidRootPart_Torso.Name = "Left Leg"
Left_Leg_k9_HumanoidRootPart_Torso.CFrame = cf(-0.228785, 0.363975, 0.291006, 0.682995, -0.308423, 0.662112, 0.214889, 0.951207, 0.221422, -0.698097, -0.008949, 0.715947)
Left_Leg_k9_HumanoidRootPart_Torso.Parent = Torso_k9_HumanoidRootPart_Torso



--Right Leg
 Right_Leg_k9_HumanoidRootPart_Torso = Instance.new("Pose")
Right_Leg_k9_HumanoidRootPart_Torso.Name = "Right Leg"
Right_Leg_k9_HumanoidRootPart_Torso.CFrame = cf(0.300472, 0.567382, 0.010212, 0.920788, -0.196407, -0.337006, 0.282908, 0.931076, 0.230348, 0.268537, -0.307443, 0.912889)
Right_Leg_k9_HumanoidRootPart_Torso.Parent = Torso_k9_HumanoidRootPart_Torso



-- Keyframe 10 (Time: 0.6833333373069763)
 keyframe10 = Instance.new("Keyframe")
keyframe10.Time = 0.6833333373069763
keyframe10.Parent = KeyframeSequence

--HumanoidRootPart
 HumanoidRootPart_k10_HumanoidRootPart = Instance.new("Pose")
HumanoidRootPart_k10_HumanoidRootPart.Name = "HumanoidRootPart"
HumanoidRootPart_k10_HumanoidRootPart.CFrame = cf(0.000000, 0.000000, 0.000000, 1.000000, 0.000000, 0.000000, 0.000000, 1.000000, 0.000000, 0.000000, 0.000000, 1.000000)
HumanoidRootPart_k10_HumanoidRootPart.Parent = keyframe10



--Torso
 Torso_k10_HumanoidRootPart_Torso = Instance.new("Pose")
Torso_k10_HumanoidRootPart_Torso.Name = "Torso"
Torso_k10_HumanoidRootPart_Torso.CFrame = cf(-0.134919, 0.229355, -0.470517, 0.894370, 0.436669, -0.097073, -0.433680, 0.899615, 0.051133, 0.109657, -0.003633, 0.993963)
Torso_k10_HumanoidRootPart_Torso.Parent = HumanoidRootPart_k10_HumanoidRootPart



--Head
 Head_k10_HumanoidRootPart_Torso_Head = Instance.new("Pose")
Head_k10_HumanoidRootPart_Torso_Head.Name = "Head"
Head_k10_HumanoidRootPart_Torso_Head.CFrame = cf(0.000000, 0.000000, 0.015232, 0.994545, -0.091380, 0.050304, 0.103249, 0.931010, -0.350084, -0.014843, 0.353368, 0.935366)
Head_k10_HumanoidRootPart_Torso_Head.Parent = Torso_k10_HumanoidRootPart_Torso



--Left Arm
 Left_Arm_k10_HumanoidRootPart_Torso = Instance.new("Pose")
Left_Arm_k10_HumanoidRootPart_Torso.Name = "Left Arm"
Left_Arm_k10_HumanoidRootPart_Torso.CFrame = cf(-0.157951, -0.471776, -0.219954, -0.081899, 0.913700, -0.398051, -0.902224, 0.101710, 0.419102, 0.423419, 0.393455, 0.816033)
Left_Arm_k10_HumanoidRootPart_Torso.Parent = Torso_k10_HumanoidRootPart_Torso



--Handle
 Handle_k10_HumanoidRootPart_Torso_Handle = Instance.new("Pose")
Handle_k10_HumanoidRootPart_Torso_Handle.Name = "Handle"
Handle_k10_HumanoidRootPart_Torso_Handle.CFrame = cf(-0.000161, -0.002790, -0.000000, 1.000000, -0.000000, 0.000000, -0.000000, 1.000000, 0.000000, -0.000000, 0.000000, 1.000000)
Handle_k10_HumanoidRootPart_Torso_Handle.Parent = Left_Arm_k10_HumanoidRootPart_Torso



--Right Arm
 Right_Arm_k10_HumanoidRootPart_Torso = Instance.new("Pose")
Right_Arm_k10_HumanoidRootPart_Torso.Name = "Right Arm"
Right_Arm_k10_HumanoidRootPart_Torso.CFrame = cf(-0.500488, -0.168153, -0.040755, -0.130980, -0.953087, -0.272892, 0.546741, 0.160176, -0.821838, 0.826994, -0.256846, 0.500112)
Right_Arm_k10_HumanoidRootPart_Torso.Parent = Torso_k10_HumanoidRootPart_Torso



--Left Leg
 Left_Leg_k10_HumanoidRootPart_Torso = Instance.new("Pose")
Left_Leg_k10_HumanoidRootPart_Torso.Name = "Left Leg"
Left_Leg_k10_HumanoidRootPart_Torso.CFrame = cf(-0.228785, 0.363975, 0.291006, 0.682995, -0.308423, 0.662112, 0.214889, 0.951207, 0.221422, -0.698097, -0.008949, 0.715947)
Left_Leg_k10_HumanoidRootPart_Torso.Parent = Torso_k10_HumanoidRootPart_Torso



--Right Leg
 Right_Leg_k10_HumanoidRootPart_Torso = Instance.new("Pose")
Right_Leg_k10_HumanoidRootPart_Torso.Name = "Right Leg"
Right_Leg_k10_HumanoidRootPart_Torso.CFrame = cf(0.300472, 0.567382, 0.010212, 0.920788, -0.196407, -0.337006, 0.282908, 0.931076, 0.230348, 0.268537, -0.307443, 0.912889)
Right_Leg_k10_HumanoidRootPart_Torso.Parent = Torso_k10_HumanoidRootPart_Torso



-- Keyframe 11 (Time: 0.7166666388511658)
 keyframe11 = Instance.new("Keyframe")
keyframe11.Time = 0.7166666388511658
keyframe11.Parent = KeyframeSequence

--HumanoidRootPart
 HumanoidRootPart_k11_HumanoidRootPart = Instance.new("Pose")
HumanoidRootPart_k11_HumanoidRootPart.Name = "HumanoidRootPart"
HumanoidRootPart_k11_HumanoidRootPart.CFrame = cf(0.000000, 0.000000, 0.000000, 1.000000, 0.000000, 0.000000, 0.000000, 1.000000, 0.000000, 0.000000, 0.000000, 1.000000)
HumanoidRootPart_k11_HumanoidRootPart.Parent = keyframe11



--Torso
 Torso_k11_HumanoidRootPart_Torso = Instance.new("Pose")
Torso_k11_HumanoidRootPart_Torso.Name = "Torso"
Torso_k11_HumanoidRootPart_Torso.CFrame = cf(-0.137634, 0.282425, -0.486135, 0.840360, 0.532682, -0.100225, -0.528289, 0.846303, 0.068427, 0.121270, -0.004556, 0.992609)
Torso_k11_HumanoidRootPart_Torso.Parent = HumanoidRootPart_k11_HumanoidRootPart



--Head
 Head_k11_HumanoidRootPart_Torso_Head = Instance.new("Pose")
Head_k11_HumanoidRootPart_Torso_Head.Name = "Head"
Head_k11_HumanoidRootPart_Torso_Head.CFrame = cf(-0.000000, -0.000000, 0.015232, 0.988450, -0.078183, 0.129822, 0.118758, 0.931774, -0.343064, -0.094143, 0.354519, 0.930297)
Head_k11_HumanoidRootPart_Torso_Head.Parent = Torso_k11_HumanoidRootPart_Torso



--Left Arm
 Left_Arm_k11_HumanoidRootPart_Torso = Instance.new("Pose")
Left_Arm_k11_HumanoidRootPart_Torso.Name = "Left Arm"
Left_Arm_k11_HumanoidRootPart_Torso.CFrame = cf(-0.088031, -0.491140, -0.164597, -0.060870, 0.927531, -0.368757, -0.910574, 0.099722, 0.401136, 0.408839, 0.360198, 0.838515)
Left_Arm_k11_HumanoidRootPart_Torso.Parent = Torso_k11_HumanoidRootPart_Torso



--Handle
 Handle_k11_HumanoidRootPart_Torso_Handle = Instance.new("Pose")
Handle_k11_HumanoidRootPart_Torso_Handle.Name = "Handle"
Handle_k11_HumanoidRootPart_Torso_Handle.CFrame = cf(-0.000161, -0.002790, -0.000000, 1.000000, -0.000000, -0.000000, -0.000000, 1.000000, 0.000000, 0.000000, 0.000000, 1.000000)
Handle_k11_HumanoidRootPart_Torso_Handle.Parent = Left_Arm_k11_HumanoidRootPart_Torso



--Right Arm
 Right_Arm_k11_HumanoidRootPart_Torso = Instance.new("Pose")
Right_Arm_k11_HumanoidRootPart_Torso.Name = "Right Arm"
Right_Arm_k11_HumanoidRootPart_Torso.CFrame = cf(-0.527978, -0.167299, -0.032501, -0.176076, -0.940555, -0.290438, 0.544711, 0.152663, -0.824611, 0.819931, -0.303399, 0.485450)
Right_Arm_k11_HumanoidRootPart_Torso.Parent = Torso_k11_HumanoidRootPart_Torso



--Left Leg
 Left_Leg_k11_HumanoidRootPart_Torso = Instance.new("Pose")
Left_Leg_k11_HumanoidRootPart_Torso.Name = "Left Leg"
Left_Leg_k11_HumanoidRootPart_Torso.CFrame = cf(-0.153053, 0.358898, 0.311282, 0.597803, -0.334856, 0.728357, 0.232915, 0.941936, 0.241881, -0.767061, 0.025048, 0.641085)
Left_Leg_k11_HumanoidRootPart_Torso.Parent = Torso_k11_HumanoidRootPart_Torso



--Right Leg
 Right_Leg_k11_HumanoidRootPart_Torso = Instance.new("Pose")
Right_Leg_k11_HumanoidRootPart_Torso.Name = "Right Leg"
Right_Leg_k11_HumanoidRootPart_Torso.CFrame = cf(0.315917, 0.546915, -0.025028, 0.929663, -0.284578, -0.233970, 0.335364, 0.916591, 0.217697, 0.152503, -0.280850, 0.947558)
Right_Leg_k11_HumanoidRootPart_Torso.Parent = Torso_k11_HumanoidRootPart_Torso



-- Keyframe 12 (Time: 0.75)
 keyframe12 = Instance.new("Keyframe")
keyframe12.Time = 0.75
keyframe12.Parent = KeyframeSequence

--HumanoidRootPart
 HumanoidRootPart_k12_HumanoidRootPart = Instance.new("Pose")
HumanoidRootPart_k12_HumanoidRootPart.Name = "HumanoidRootPart"
HumanoidRootPart_k12_HumanoidRootPart.CFrame = cf(0.000000, 0.000000, 0.000000, 1.000000, 0.000000, 0.000000, 0.000000, 1.000000, 0.000000, 0.000000, 0.000000, 1.000000)
HumanoidRootPart_k12_HumanoidRootPart.Parent = keyframe12



--Torso
 Torso_k12_HumanoidRootPart_Torso = Instance.new("Pose")
Torso_k12_HumanoidRootPart_Torso.Name = "Torso"
Torso_k12_HumanoidRootPart_Torso.CFrame = cf(-0.137634, 0.282425, -0.486135, 0.840360, 0.532682, -0.100225, -0.528289, 0.846303, 0.068427, 0.121270, -0.004556, 0.992609)
Torso_k12_HumanoidRootPart_Torso.Parent = HumanoidRootPart_k12_HumanoidRootPart



--Head
 Head_k12_HumanoidRootPart_Torso_Head = Instance.new("Pose")
Head_k12_HumanoidRootPart_Torso_Head.Name = "Head"
Head_k12_HumanoidRootPart_Torso_Head.CFrame = cf(-0.000000, -0.000000, 0.015232, 0.988450, -0.078183, 0.129822, 0.118758, 0.931774, -0.343064, -0.094143, 0.354519, 0.930297)
Head_k12_HumanoidRootPart_Torso_Head.Parent = Torso_k12_HumanoidRootPart_Torso



--Left Arm
 Left_Arm_k12_HumanoidRootPart_Torso = Instance.new("Pose")
Left_Arm_k12_HumanoidRootPart_Torso.Name = "Left Arm"
Left_Arm_k12_HumanoidRootPart_Torso.CFrame = cf(-0.088031, -0.491140, -0.164597, -0.060870, 0.927531, -0.368757, -0.910574, 0.099722, 0.401136, 0.408839, 0.360198, 0.838515)
Left_Arm_k12_HumanoidRootPart_Torso.Parent = Torso_k12_HumanoidRootPart_Torso



--Handle
 Handle_k12_HumanoidRootPart_Torso_Handle = Instance.new("Pose")
Handle_k12_HumanoidRootPart_Torso_Handle.Name = "Handle"
Handle_k12_HumanoidRootPart_Torso_Handle.CFrame = cf(-0.000161, -0.002790, -0.000000, 1.000000, -0.000000, -0.000000, -0.000000, 1.000000, 0.000000, 0.000000, 0.000000, 1.000000)
Handle_k12_HumanoidRootPart_Torso_Handle.Parent = Left_Arm_k12_HumanoidRootPart_Torso



--Right Arm
 Right_Arm_k12_HumanoidRootPart_Torso = Instance.new("Pose")
Right_Arm_k12_HumanoidRootPart_Torso.Name = "Right Arm"
Right_Arm_k12_HumanoidRootPart_Torso.CFrame = cf(-0.527978, -0.167299, -0.032501, -0.176076, -0.940555, -0.290438, 0.544711, 0.152663, -0.824611, 0.819931, -0.303399, 0.485450)
Right_Arm_k12_HumanoidRootPart_Torso.Parent = Torso_k12_HumanoidRootPart_Torso



--Left Leg
 Left_Leg_k12_HumanoidRootPart_Torso = Instance.new("Pose")
Left_Leg_k12_HumanoidRootPart_Torso.Name = "Left Leg"
Left_Leg_k12_HumanoidRootPart_Torso.CFrame = cf(-0.153053, 0.358898, 0.311282, 0.597803, -0.334856, 0.728357, 0.232915, 0.941936, 0.241881, -0.767061, 0.025048, 0.641085)
Left_Leg_k12_HumanoidRootPart_Torso.Parent = Torso_k12_HumanoidRootPart_Torso



--Right Leg
 Right_Leg_k12_HumanoidRootPart_Torso = Instance.new("Pose")
Right_Leg_k12_HumanoidRootPart_Torso.Name = "Right Leg"
Right_Leg_k12_HumanoidRootPart_Torso.CFrame = cf(0.315917, 0.546915, -0.025028, 0.929663, -0.284578, -0.233970, 0.335364, 0.916591, 0.217697, 0.152503, -0.280850, 0.947558)
Right_Leg_k12_HumanoidRootPart_Torso.Parent = Torso_k12_HumanoidRootPart_Torso



-- Keyframe 13 (Time: 0.7833333611488342)
 keyframe13 = Instance.new("Keyframe")
keyframe13.Time = 0.7833333611488342
keyframe13.Parent = KeyframeSequence

--HumanoidRootPart
 HumanoidRootPart_k13_HumanoidRootPart = Instance.new("Pose")
HumanoidRootPart_k13_HumanoidRootPart.Name = "HumanoidRootPart"
HumanoidRootPart_k13_HumanoidRootPart.CFrame = cf(0.000000, 0.000000, 0.000000, 1.000000, 0.000000, 0.000000, 0.000000, 1.000000, 0.000000, 0.000000, 0.000000, 1.000000)
HumanoidRootPart_k13_HumanoidRootPart.Parent = keyframe13



--Torso
 Torso_k13_HumanoidRootPart_Torso = Instance.new("Pose")
Torso_k13_HumanoidRootPart_Torso.Name = "Torso"
Torso_k13_HumanoidRootPart_Torso.CFrame = cf(-0.133941, 0.310017, -0.486287, 0.818612, 0.566047, -0.097291, -0.561149, 0.824347, 0.074587, 0.122421, -0.006463, 0.992457)
Torso_k13_HumanoidRootPart_Torso.Parent = HumanoidRootPart_k13_HumanoidRootPart



--Head
 Head_k13_HumanoidRootPart_Torso_Head = Instance.new("Pose")
Head_k13_HumanoidRootPart_Torso_Head.Name = "Head"
Head_k13_HumanoidRootPart_Torso_Head.CFrame = cf(0.000000, 0.000000, 0.015231, 0.986052, -0.097016, 0.135242, 0.138614, 0.928457, -0.344608, -0.092134, 0.358547, 0.928954)
Head_k13_HumanoidRootPart_Torso_Head.Parent = Torso_k13_HumanoidRootPart_Torso



--Left Arm
 Left_Arm_k13_HumanoidRootPart_Torso = Instance.new("Pose")
Left_Arm_k13_HumanoidRootPart_Torso.Name = "Left Arm"
Left_Arm_k13_HumanoidRootPart_Torso.CFrame = cf(-0.088314, -0.491472, -0.163365, -0.086889, 0.914347, -0.395499, -0.907333, 0.091287, 0.410381, 0.411335, 0.394507, 0.821686)
Left_Arm_k13_HumanoidRootPart_Torso.Parent = Torso_k13_HumanoidRootPart_Torso



--Handle
 Handle_k13_HumanoidRootPart_Torso_Handle = Instance.new("Pose")
Handle_k13_HumanoidRootPart_Torso_Handle.Name = "Handle"
Handle_k13_HumanoidRootPart_Torso_Handle.CFrame = cf(-0.000161, -0.002789, 0.000000, 1.000000, -0.000000, -0.000000, -0.000000, 1.000000, 0.000000, -0.000000, 0.000000, 1.000000)
Handle_k13_HumanoidRootPart_Torso_Handle.Parent = Left_Arm_k13_HumanoidRootPart_Torso



--Right Arm
 Right_Arm_k13_HumanoidRootPart_Torso = Instance.new("Pose")
Right_Arm_k13_HumanoidRootPart_Torso.Name = "Right Arm"
