-- KeyframeSequence Export: KeyframeSequence
-- Generated on 2025-08-30 16:42:19

local KeyframeSequence = Instance.new("KeyframeSequence")
KeyframeSequence.Name = "BombMonkeh"
local CFrame=CFrame.new

-- Keyframe 1 (Time: 0)
local keyframe1 = Instance.new("Keyframe")
keyframe1.Time = 0
keyframe1.Parent = KeyframeSequence

--HumanoidRootPart
local HumanoidRootPart_k1_HumanoidRootPart = Instance.new("Pose")
HumanoidRootPart_k1_HumanoidRootPart.Name = "HumanoidRootPart"
HumanoidRootPart_k1_HumanoidRootPart.CFrame = CFrame(0.000000, 0.000000, 0.000000, 1.000000, 0.000000, 0.000000, 0.000000, 1.000000, 0.000000, 0.000000, 0.000000, 1.000000)
HumanoidRootPart_k1_HumanoidRootPart.Parent = keyframe1



--Torso
local Torso_k1_HumanoidRootPart_Torso = Instance.new("Pose")
Torso_k1_HumanoidRootPart_Torso.Name = "Torso"
Torso_k1_HumanoidRootPart_Torso.CFrame = CFrame(-0.039415, 0.024983, -1.385562, 0.985854, 0.167580, -0.002954, -0.167606, 0.985701, -0.017375, 0.000000, 0.017624, 0.999845)
Torso_k1_HumanoidRootPart_Torso.Parent = HumanoidRootPart_k1_HumanoidRootPart



--Head
local Head_k1_HumanoidRootPart_Torso_Head = Instance.new("Pose")
Head_k1_HumanoidRootPart_Torso_Head.Name = "Head"
Head_k1_HumanoidRootPart_Torso_Head.CFrame = CFrame(0.000000, -0.000000, 0.000000, 1.000000, 0.000000, -0.000000, 0.000000, 1.000000, 0.000000, 0.000000, -0.000000, 1.000000)
Head_k1_HumanoidRootPart_Torso_Head.Parent = Torso_k1_HumanoidRootPart_Torso



--Left Arm
local Left_Arm_k1_HumanoidRootPart_Torso_Left_Arm = Instance.new("Pose")
Left_Arm_k1_HumanoidRootPart_Torso_Left_Arm.Name = "Left Arm"
Left_Arm_k1_HumanoidRootPart_Torso_Left_Arm.CFrame = CFrame(-0.107960, -0.258822, 0.016072, -0.024014, 0.942204, -0.334179, -0.999712, -0.022646, 0.007989, -0.000040, 0.334274, 0.942476)
Left_Arm_k1_HumanoidRootPart_Torso_Left_Arm.Parent = Torso_k1_HumanoidRootPart_Torso



--Right Arm
local Right_Arm_k1_HumanoidRootPart_Torso_Right_Arm = Instance.new("Pose")
Right_Arm_k1_HumanoidRootPart_Torso_Right_Arm.Name = "Right Arm"
Right_Arm_k1_HumanoidRootPart_Torso_Right_Arm.CFrame = CFrame(0.068620, -0.193906, -0.017389, 0.157787, -0.877925, 0.452052, 0.985878, 0.114042, -0.122638, 0.056114, 0.465019, 0.883521)
Right_Arm_k1_HumanoidRootPart_Torso_Right_Arm.Parent = Torso_k1_HumanoidRootPart_Torso



--Left Leg
local Left_Leg_k1_HumanoidRootPart_Torso_Left_Leg = Instance.new("Pose")
Left_Leg_k1_HumanoidRootPart_Torso_Left_Leg.Name = "Left Leg"
Left_Leg_k1_HumanoidRootPart_Torso_Left_Leg.CFrame = CFrame(0.000000, -0.000000, 0.000000, 0.025329, 0.999679, 0.000000, -0.999679, 0.025329, -0.000000, -0.000000, 0.000000, 1.000000)
Left_Leg_k1_HumanoidRootPart_Torso_Left_Leg.Parent = Torso_k1_HumanoidRootPart_Torso



--Right Leg
local Right_Leg_k1_HumanoidRootPart_Torso_Right_Leg = Instance.new("Pose")
Right_Leg_k1_HumanoidRootPart_Torso_Right_Leg.Name = "Right Leg"
Right_Leg_k1_HumanoidRootPart_Torso_Right_Leg.CFrame = CFrame(0.000000, 0.000000, 0.000000, 0.025329, -0.999679, -0.000000, 0.999679, 0.025329, 0.000000, -0.000000, 0.000000, 1.000000)
Right_Leg_k1_HumanoidRootPart_Torso_Right_Leg.Parent = Torso_k1_HumanoidRootPart_Torso



-- Keyframe 2 (Time: 0.020408162847161293)
 keyframe2 = Instance.new("Keyframe")
keyframe2.Time = 0.020408162847161293
keyframe2.Parent = KeyframeSequence

--HumanoidRootPart
 HumanoidRootPart_k2_HumanoidRootPart = Instance.new("Pose")
HumanoidRootPart_k2_HumanoidRootPart.Name = "HumanoidRootPart"
HumanoidRootPart_k2_HumanoidRootPart.CFrame = CFrame(0.000000, 0.000000, 0.000000, 1.000000, 0.000000, 0.000000, 0.000000, 1.000000, 0.000000, 0.000000, 0.000000, 1.000000)
HumanoidRootPart_k2_HumanoidRootPart.Parent = keyframe2



--Torso
 Torso_k2_HumanoidRootPart_Torso = Instance.new("Pose")
Torso_k2_HumanoidRootPart_Torso.Name = "Torso"
Torso_k2_HumanoidRootPart_Torso.CFrame = CFrame(-0.039415, 0.024983, -1.385562, 0.985854, 0.167580, -0.002954, -0.167606, 0.985701, -0.017375, 0.000000, 0.017624, 0.999845)
Torso_k2_HumanoidRootPart_Torso.Parent = HumanoidRootPart_k2_HumanoidRootPart



--Head
 Head_k2_HumanoidRootPart_Torso_Head = Instance.new("Pose")
Head_k2_HumanoidRootPart_Torso_Head.Name = "Head"
Head_k2_HumanoidRootPart_Torso_Head.CFrame = CFrame(0.000000, -0.000000, 0.000000, 1.000000, 0.000000, -0.000000, 0.000000, 1.000000, 0.000000, 0.000000, -0.000000, 1.000000)
Head_k2_HumanoidRootPart_Torso_Head.Parent = Torso_k2_HumanoidRootPart_Torso



--Left Arm
 Left_Arm_k2_HumanoidRootPart_Torso_Left_Arm = Instance.new("Pose")
Left_Arm_k2_HumanoidRootPart_Torso_Left_Arm.Name = "Left Arm"
Left_Arm_k2_HumanoidRootPart_Torso_Left_Arm.CFrame = CFrame(-0.107960, -0.258822, 0.016072, -0.024014, 0.942204, -0.334179, -0.999712, -0.022646, 0.007989, -0.000040, 0.334274, 0.942476)
Left_Arm_k2_HumanoidRootPart_Torso_Left_Arm.Parent = Torso_k2_HumanoidRootPart_Torso



--Right Arm
 Right_Arm_k2_HumanoidRootPart_Torso_Right_Arm = Instance.new("Pose")
Right_Arm_k2_HumanoidRootPart_Torso_Right_Arm.Name = "Right Arm"
Right_Arm_k2_HumanoidRootPart_Torso_Right_Arm.CFrame = CFrame(0.068620, -0.193906, -0.017389, 0.157787, -0.877925, 0.452052, 0.985878, 0.114042, -0.122638, 0.056114, 0.465019, 0.883521)
Right_Arm_k2_HumanoidRootPart_Torso_Right_Arm.Parent = Torso_k2_HumanoidRootPart_Torso



--Left Leg
 Left_Leg_k2_HumanoidRootPart_Torso_Left_Leg = Instance.new("Pose")
Left_Leg_k2_HumanoidRootPart_Torso_Left_Leg.Name = "Left Leg"
Left_Leg_k2_HumanoidRootPart_Torso_Left_Leg.CFrame = CFrame(0.000000, -0.000000, 0.000000, 0.025329, 0.999679, 0.000000, -0.999679, 0.025329, -0.000000, -0.000000, 0.000000, 1.000000)
Left_Leg_k2_HumanoidRootPart_Torso_Left_Leg.Parent = Torso_k2_HumanoidRootPart_Torso



--Right Leg
 Right_Leg_k2_HumanoidRootPart_Torso_Right_Leg = Instance.new("Pose")
Right_Leg_k2_HumanoidRootPart_Torso_Right_Leg.Name = "Right Leg"
Right_Leg_k2_HumanoidRootPart_Torso_Right_Leg.CFrame = CFrame(0.000000, 0.000000, 0.000000, 0.025329, -0.999679, -0.000000, 0.999679, 0.025329, 0.000000, -0.000000, 0.000000, 1.000000)
Right_Leg_k2_HumanoidRootPart_Torso_Right_Leg.Parent = Torso_k2_HumanoidRootPart_Torso



-- Keyframe 3 (Time: 0.040816325694322586)
 keyframe3 = Instance.new("Keyframe")
keyframe3.Time = 0.040816325694322586
keyframe3.Parent = KeyframeSequence

--HumanoidRootPart
 HumanoidRootPart_k3_HumanoidRootPart = Instance.new("Pose")
HumanoidRootPart_k3_HumanoidRootPart.Name = "HumanoidRootPart"
HumanoidRootPart_k3_HumanoidRootPart.CFrame = CFrame(0.000000, 0.000000, 0.000000, 1.000000, 0.000000, 0.000000, 0.000000, 1.000000, 0.000000, 0.000000, 0.000000, 1.000000)
HumanoidRootPart_k3_HumanoidRootPart.Parent = keyframe3



--Torso
 Torso_k3_HumanoidRootPart_Torso = Instance.new("Pose")
Torso_k3_HumanoidRootPart_Torso.Name = "Torso"
Torso_k3_HumanoidRootPart_Torso.CFrame = CFrame(0.083697, -0.087839, -1.459220, 0.969459, -0.244098, -0.023771, 0.243584, 0.969616, -0.022609, 0.028568, 0.016129, 0.999462)
Torso_k3_HumanoidRootPart_Torso.Parent = HumanoidRootPart_k3_HumanoidRootPart



--Head
 Head_k3_HumanoidRootPart_Torso_Head = Instance.new("Pose")
Head_k3_HumanoidRootPart_Torso_Head.Name = "Head"
Head_k3_HumanoidRootPart_Torso_Head.CFrame = CFrame(0.000000, 0.000000, -0.000000, 1.000000, -0.000000, 0.000000, -0.000000, 1.000000, 0.000000, -0.000000, -0.000000, 1.000000)
Head_k3_HumanoidRootPart_Torso_Head.Parent = Torso_k3_HumanoidRootPart_Torso



--Left Arm
 Left_Arm_k3_HumanoidRootPart_Torso_Left_Arm = Instance.new("Pose")
Left_Arm_k3_HumanoidRootPart_Torso_Left_Arm.Name = "Left Arm"
Left_Arm_k3_HumanoidRootPart_Torso_Left_Arm.CFrame = CFrame(-0.108609, -0.260368, 0.017880, -0.011215, 0.947834, -0.318568, -0.999928, -0.009272, 0.007616, 0.004265, 0.318631, 0.947869)
Left_Arm_k3_HumanoidRootPart_Torso_Left_Arm.Parent = Torso_k3_HumanoidRootPart_Torso



--Right Arm
 Right_Arm_k3_HumanoidRootPart_Torso_Right_Arm = Instance.new("Pose")
Right_Arm_k3_HumanoidRootPart_Torso_Right_Arm.Name = "Right Arm"
Right_Arm_k3_HumanoidRootPart_Torso_Right_Arm.CFrame = CFrame(0.070633, -0.193514, -0.013507, 0.150647, -0.895342, 0.419128, 0.986792, 0.110649, -0.118313, 0.059554, 0.431416, 0.900185)
Right_Arm_k3_HumanoidRootPart_Torso_Right_Arm.Parent = Torso_k3_HumanoidRootPart_Torso



--Left Leg
 Left_Leg_k3_HumanoidRootPart_Torso_Left_Leg = Instance.new("Pose")
Left_Leg_k3_HumanoidRootPart_Torso_Left_Leg.Name = "Left Leg"
Left_Leg_k3_HumanoidRootPart_Torso_Left_Leg.CFrame = CFrame(0.000000, 0.000000, -0.000000, 0.025329, 0.999679, 0.000000, -0.999679, 0.025329, -0.000000, -0.000000, -0.000000, 1.000000)
Left_Leg_k3_HumanoidRootPart_Torso_Left_Leg.Parent = Torso_k3_HumanoidRootPart_Torso



--Right Leg
 Right_Leg_k3_HumanoidRootPart_Torso_Right_Leg = Instance.new("Pose")
Right_Leg_k3_HumanoidRootPart_Torso_Right_Leg.Name = "Right Leg"
Right_Leg_k3_HumanoidRootPart_Torso_Right_Leg.CFrame = CFrame(-0.000000, 0.000000, 0.000000, 0.025329, -0.999679, -0.000000, 0.999679, 0.025329, 0.000000, -0.000000, 0.000000, 1.000000)
Right_Leg_k3_HumanoidRootPart_Torso_Right_Leg.Parent = Torso_k3_HumanoidRootPart_Torso



-- Keyframe 4 (Time: 0.06122449040412903)
 keyframe4 = Instance.new("Keyframe")
keyframe4.Time = 0.06122449040412903
keyframe4.Parent = KeyframeSequence

--HumanoidRootPart
 HumanoidRootPart_k4_HumanoidRootPart = Instance.new("Pose")
HumanoidRootPart_k4_HumanoidRootPart.Name = "HumanoidRootPart"
HumanoidRootPart_k4_HumanoidRootPart.CFrame = CFrame(0.000000, 0.000000, 0.000000, 1.000000, 0.000000, 0.000000, 0.000000, 1.000000, 0.000000, 0.000000, 0.000000, 1.000000)
HumanoidRootPart_k4_HumanoidRootPart.Parent = keyframe4



--Torso
 Torso_k4_HumanoidRootPart_Torso = Instance.new("Pose")
Torso_k4_HumanoidRootPart_Torso.Name = "Torso"
Torso_k4_HumanoidRootPart_Torso.CFrame = CFrame(0.083697, -0.087839, -1.459220, 0.969459, -0.244098, -0.023771, 0.243584, 0.969616, -0.022609, 0.028568, 0.016129, 0.999462)
Torso_k4_HumanoidRootPart_Torso.Parent = HumanoidRootPart_k4_HumanoidRootPart



--Head
 Head_k4_HumanoidRootPart_Torso_Head = Instance.new("Pose")
Head_k4_HumanoidRootPart_Torso_Head.Name = "Head"
Head_k4_HumanoidRootPart_Torso_Head.CFrame = CFrame(0.000000, 0.000000, -0.000000, 1.000000, -0.000000, 0.000000, -0.000000, 1.000000, 0.000000, -0.000000, -0.000000, 1.000000)
Head_k4_HumanoidRootPart_Torso_Head.Parent = Torso_k4_HumanoidRootPart_Torso



--Left Arm
 Left_Arm_k4_HumanoidRootPart_Torso_Left_Arm = Instance.new("Pose")
Left_Arm_k4_HumanoidRootPart_Torso_Left_Arm.Name = "Left Arm"
Left_Arm_k4_HumanoidRootPart_Torso_Left_Arm.CFrame = CFrame(-0.108609, -0.260368, 0.017880, -0.011215, 0.947834, -0.318568, -0.999928, -0.009272, 0.007616, 0.004265, 0.318631, 0.947869)
Left_Arm_k4_HumanoidRootPart_Torso_Left_Arm.Parent = Torso_k4_HumanoidRootPart_Torso



--Right Arm
 Right_Arm_k4_HumanoidRootPart_Torso_Right_Arm = Instance.new("Pose")
Right_Arm_k4_HumanoidRootPart_Torso_Right_Arm.Name = "Right Arm"
Right_Arm_k4_HumanoidRootPart_Torso_Right_Arm.CFrame = CFrame(0.070633, -0.193514, -0.013507, 0.150647, -0.895342, 0.419128, 0.986792, 0.110649, -0.118313, 0.059554, 0.431416, 0.900185)
Right_Arm_k4_HumanoidRootPart_Torso_Right_Arm.Parent = Torso_k4_HumanoidRootPart_Torso



--Left Leg
 Left_Leg_k4_HumanoidRootPart_Torso_Left_Leg = Instance.new("Pose")
Left_Leg_k4_HumanoidRootPart_Torso_Left_Leg.Name = "Left Leg"
Left_Leg_k4_HumanoidRootPart_Torso_Left_Leg.CFrame = CFrame(0.000000, 0.000000, -0.000000, 0.025329, 0.999679, 0.000000, -0.999679, 0.025329, -0.000000, -0.000000, -0.000000, 1.000000)
Left_Leg_k4_HumanoidRootPart_Torso_Left_Leg.Parent = Torso_k4_HumanoidRootPart_Torso



--Right Leg
 Right_Leg_k4_HumanoidRootPart_Torso_Right_Leg = Instance.new("Pose")
Right_Leg_k4_HumanoidRootPart_Torso_Right_Leg.Name = "Right Leg"
Right_Leg_k4_HumanoidRootPart_Torso_Right_Leg.CFrame = CFrame(-0.000000, 0.000000, 0.000000, 0.025329, -0.999679, -0.000000, 0.999679, 0.025329, 0.000000, -0.000000, 0.000000, 1.000000)
Right_Leg_k4_HumanoidRootPart_Torso_Right_Leg.Parent = Torso_k4_HumanoidRootPart_Torso



-- Keyframe 5 (Time: 0.08163265138864517)
 keyframe5 = Instance.new("Keyframe")
keyframe5.Time = 0.08163265138864517
keyframe5.Parent = KeyframeSequence

--HumanoidRootPart
 HumanoidRootPart_k5_HumanoidRootPart = Instance.new("Pose")
HumanoidRootPart_k5_HumanoidRootPart.Name = "HumanoidRootPart"
HumanoidRootPart_k5_HumanoidRootPart.CFrame = CFrame(0.000000, 0.000000, 0.000000, 1.000000, 0.000000, 0.000000, 0.000000, 1.000000, 0.000000, 0.000000, 0.000000, 1.000000)
HumanoidRootPart_k5_HumanoidRootPart.Parent = keyframe5



--Torso
 Torso_k5_HumanoidRootPart_Torso = Instance.new("Pose")
Torso_k5_HumanoidRootPart_Torso.Name = "Torso"
Torso_k5_HumanoidRootPart_Torso.CFrame = CFrame(0.008592, -0.307166, -1.082963, 0.677008, -0.730102, -0.092794, 0.730703, 0.681859, -0.033777, 0.087933, -0.044938, 0.995112)
Torso_k5_HumanoidRootPart_Torso.Parent = HumanoidRootPart_k5_HumanoidRootPart



--Head
 Head_k5_HumanoidRootPart_Torso_Head = Instance.new("Pose")
Head_k5_HumanoidRootPart_Torso_Head.Name = "Head"
Head_k5_HumanoidRootPart_Torso_Head.CFrame = CFrame(0.000000, 0.000000, -0.000000, 1.000000, -0.000000, -0.000000, -0.000000, 1.000000, -0.000000, -0.000000, -0.000000, 1.000000)
Head_k5_HumanoidRootPart_Torso_Head.Parent = Torso_k5_HumanoidRootPart_Torso



--Left Arm
 Left_Arm_k5_HumanoidRootPart_Torso_Left_Arm = Instance.new("Pose")
Left_Arm_k5_HumanoidRootPart_Torso_Left_Arm.Name = "Left Arm"
Left_Arm_k5_HumanoidRootPart_Torso_Left_Arm.CFrame = CFrame(-0.326206, -0.255344, -0.236094, 0.051571, 0.847331, -0.528556, -0.995539, 0.001743, -0.094340, -0.079016, 0.531063, 0.843640)
Left_Arm_k5_HumanoidRootPart_Torso_Left_Arm.Parent = Torso_k5_HumanoidRootPart_Torso



--Right Arm
 Right_Arm_k5_HumanoidRootPart_Torso_Right_Arm = Instance.new("Pose")
Right_Arm_k5_HumanoidRootPart_Torso_Right_Arm.Name = "Right Arm"
Right_Arm_k5_HumanoidRootPart_Torso_Right_Arm.CFrame = CFrame(0.225740, -0.199982, -0.221310, 0.192091, -0.839427, 0.508393, 0.974001, 0.099674, -0.203440, 0.120100, 0.534254, 0.836749)
Right_Arm_k5_HumanoidRootPart_Torso_Right_Arm.Parent = Torso_k5_HumanoidRootPart_Torso



--Left Leg
 Left_Leg_k5_HumanoidRootPart_Torso_Left_Leg = Instance.new("Pose")
Left_Leg_k5_HumanoidRootPart_Torso_Left_Leg.Name = "Left Leg"
Left_Leg_k5_HumanoidRootPart_Torso_Left_Leg.CFrame = CFrame(0.000000, -0.000000, -0.000000, 0.173166, 0.984893, -0.000000, -0.984893, 0.173166, -0.000000, -0.000000, 0.000000, 1.000000)
Left_Leg_k5_HumanoidRootPart_Torso_Left_Leg.Parent = Torso_k5_HumanoidRootPart_Torso



--Right Leg
 Right_Leg_k5_HumanoidRootPart_Torso_Right_Leg = Instance.new("Pose")
Right_Leg_k5_HumanoidRootPart_Torso_Right_Leg.Name = "Right Leg"
Right_Leg_k5_HumanoidRootPart_Torso_Right_Leg.CFrame = CFrame(-0.000000, 0.000000, 0.000000, 0.173166, -0.984893, -0.000000, 0.984893, 0.173166, 0.000000, -0.000000, 0.000000, 1.000000)
Right_Leg_k5_HumanoidRootPart_Torso_Right_Leg.Parent = Torso_k5_HumanoidRootPart_Torso



-- Keyframe 6 (Time: 0.10204081982374191)
 keyframe6 = Instance.new("Keyframe")
keyframe6.Time = 0.10204081982374191
keyframe6.Parent = KeyframeSequence

--HumanoidRootPart
 HumanoidRootPart_k6_HumanoidRootPart = Instance.new("Pose")
HumanoidRootPart_k6_HumanoidRootPart.Name = "HumanoidRootPart"
HumanoidRootPart_k6_HumanoidRootPart.CFrame = CFrame(0.000000, 0.000000, 0.000000, 1.000000, 0.000000, 0.000000, 0.000000, 1.000000, 0.000000, 0.000000, 0.000000, 1.000000)
HumanoidRootPart_k6_HumanoidRootPart.Parent = keyframe6



--Torso
 Torso_k6_HumanoidRootPart_Torso = Instance.new("Pose")
Torso_k6_HumanoidRootPart_Torso.Name = "Torso"
Torso_k6_HumanoidRootPart_Torso.CFrame = CFrame(0.008592, -0.307166, -1.082963, 0.677008, -0.730102, -0.092794, 0.730703, 0.681859, -0.033777, 0.087933, -0.044938, 0.995112)
Torso_k6_HumanoidRootPart_Torso.Parent = HumanoidRootPart_k6_HumanoidRootPart



--Head
 Head_k6_HumanoidRootPart_Torso_Head = Instance.new("Pose")
Head_k6_HumanoidRootPart_Torso_Head.Name = "Head"
Head_k6_HumanoidRootPart_Torso_Head.CFrame = CFrame(0.000000, 0.000000, -0.000000, 1.000000, -0.000000, -0.000000, -0.000000, 1.000000, -0.000000, -0.000000, -0.000000, 1.000000)
Head_k6_HumanoidRootPart_Torso_Head.Parent = Torso_k6_HumanoidRootPart_Torso



--Left Arm
 Left_Arm_k6_HumanoidRootPart_Torso_Left_Arm = Instance.new("Pose")
Left_Arm_k6_HumanoidRootPart_Torso_Left_Arm.Name = "Left Arm"
Left_Arm_k6_HumanoidRootPart_Torso_Left_Arm.CFrame = CFrame(-0.326206, -0.255344, -0.236094, 0.051571, 0.847331, -0.528556, -0.995539, 0.001743, -0.094340, -0.079016, 0.531063, 0.843640)
Left_Arm_k6_HumanoidRootPart_Torso_Left_Arm.Parent = Torso_k6_HumanoidRootPart_Torso



--Right Arm
 Right_Arm_k6_HumanoidRootPart_Torso_Right_Arm = Instance.new("Pose")
Right_Arm_k6_HumanoidRootPart_Torso_Right_Arm.Name = "Right Arm"
Right_Arm_k6_HumanoidRootPart_Torso_Right_Arm.CFrame = CFrame(0.225740, -0.199982, -0.221310, 0.192091, -0.839427, 0.508393, 0.974001, 0.099674, -0.203440, 0.120100, 0.534254, 0.836749)
Right_Arm_k6_HumanoidRootPart_Torso_Right_Arm.Parent = Torso_k6_HumanoidRootPart_Torso



--Left Leg
 Left_Leg_k6_HumanoidRootPart_Torso_Left_Leg = Instance.new("Pose")
Left_Leg_k6_HumanoidRootPart_Torso_Left_Leg.Name = "Left Leg"
Left_Leg_k6_HumanoidRootPart_Torso_Left_Leg.CFrame = CFrame(0.000000, -0.000000, -0.000000, 0.173166, 0.984893, -0.000000, -0.984893, 0.173166, -0.000000, -0.000000, 0.000000, 1.000000)
Left_Leg_k6_HumanoidRootPart_Torso_Left_Leg.Parent = Torso_k6_HumanoidRootPart_Torso



--Right Leg
 Right_Leg_k6_HumanoidRootPart_Torso_Right_Leg = Instance.new("Pose")
Right_Leg_k6_HumanoidRootPart_Torso_Right_Leg.Name = "Right Leg"
Right_Leg_k6_HumanoidRootPart_Torso_Right_Leg.CFrame = CFrame(-0.000000, 0.000000, 0.000000, 0.173166, -0.984893, -0.000000, 0.984893, 0.173166, 0.000000, -0.000000, 0.000000, 1.000000)
Right_Leg_k6_HumanoidRootPart_Torso_Right_Leg.Parent = Torso_k6_HumanoidRootPart_Torso



-- Keyframe 7 (Time: 0.12244898080825806)
 keyframe7 = Instance.new("Keyframe")
keyframe7.Time = 0.12244898080825806
keyframe7.Parent = KeyframeSequence

--HumanoidRootPart
 HumanoidRootPart_k7_HumanoidRootPart = Instance.new("Pose")
HumanoidRootPart_k7_HumanoidRootPart.Name = "HumanoidRootPart"
HumanoidRootPart_k7_HumanoidRootPart.CFrame = CFrame(0.000000, 0.000000, 0.000000, 1.000000, 0.000000, 0.000000, 0.000000, 1.000000, 0.000000, 0.000000, 0.000000, 1.000000)
HumanoidRootPart_k7_HumanoidRootPart.Parent = keyframe7



--Torso
 Torso_k7_HumanoidRootPart_Torso = Instance.new("Pose")
Torso_k7_HumanoidRootPart_Torso.Name = "Torso"
Torso_k7_HumanoidRootPart_Torso.CFrame = CFrame(0.008749, -0.428108, -0.874211, -0.059893, -0.993235, -0.099488, 0.997781, -0.056666, -0.034951, 0.029077, -0.101361, 0.994425)
Torso_k7_HumanoidRootPart_Torso.Parent = HumanoidRootPart_k7_HumanoidRootPart



--Head
 Head_k7_HumanoidRootPart_Torso_Head = Instance.new("Pose")
Head_k7_HumanoidRootPart_Torso_Head.Name = "Head"
Head_k7_HumanoidRootPart_Torso_Head.CFrame = CFrame(0.000000, 0.000000, 0.000000, 1.000000, -0.000000, -0.000000, 0.000000, 1.000000, 0.000000, 0.000000, 0.000000, 1.000000)
Head_k7_HumanoidRootPart_Torso_Head.Parent = Torso_k7_HumanoidRootPart_Torso



--Left Arm
 Left_Arm_k7_HumanoidRootPart_Torso_Left_Arm = Instance.new("Pose")
Left_Arm_k7_HumanoidRootPart_Torso_Left_Arm.Name = "Left Arm"
Left_Arm_k7_HumanoidRootPart_Torso_Left_Arm.CFrame = CFrame(-0.326206, -0.255343, -0.236094, 0.051571, 0.847331, -0.528556, -0.995539, 0.001743, -0.094340, -0.079016, 0.531063, 0.843640)
Left_Arm_k7_HumanoidRootPart_Torso_Left_Arm.Parent = Torso_k7_HumanoidRootPart_Torso



--Right Arm
 Right_Arm_k7_HumanoidRootPart_Torso_Right_Arm = Instance.new("Pose")
Right_Arm_k7_HumanoidRootPart_Torso_Right_Arm.Name = "Right Arm"
Right_Arm_k7_HumanoidRootPart_Torso_Right_Arm.CFrame = CFrame(0.225740, -0.199982, -0.221310, 0.192091, -0.839427, 0.508393, 0.974001, 0.099674, -0.203440, 0.120100, 0.534254, 0.836749)
Right_Arm_k7_HumanoidRootPart_Torso_Right_Arm.Parent = Torso_k7_HumanoidRootPart_Torso



--Left Leg
 Left_Leg_k7_HumanoidRootPart_Torso_Left_Leg = Instance.new("Pose")
Left_Leg_k7_HumanoidRootPart_Torso_Left_Leg.Name = "Left Leg"
Left_Leg_k7_HumanoidRootPart_Torso_Left_Leg.CFrame = CFrame(-0.001452, -0.000279, -0.000002, 0.332238, 0.943191, -0.002903, -0.943195, 0.332238, -0.000558, 0.000439, 0.002924, 0.999996)
Left_Leg_k7_HumanoidRootPart_Torso_Left_Leg.Parent = Torso_k7_HumanoidRootPart_Torso



--Right Leg
 Right_Leg_k7_HumanoidRootPart_Torso_Right_Leg = Instance.new("Pose")
Right_Leg_k7_HumanoidRootPart_Torso_Right_Leg.Name = "Right Leg"
Right_Leg_k7_HumanoidRootPart_Torso_Right_Leg.CFrame = CFrame(-0.001452, 0.000279, -0.000002, 0.332238, -0.943191, -0.002903, 0.943195, 0.332238, 0.000558, 0.000439, -0.002924, 0.999996)
Right_Leg_k7_HumanoidRootPart_Torso_Right_Leg.Parent = Torso_k7_HumanoidRootPart_Torso



-- Keyframe 8 (Time: 0.1428571492433548)
 keyframe8 = Instance.new("Keyframe")
keyframe8.Time = 0.1428571492433548
keyframe8.Parent = KeyframeSequence

--HumanoidRootPart
 HumanoidRootPart_k8_HumanoidRootPart = Instance.new("Pose")
HumanoidRootPart_k8_HumanoidRootPart.Name = "HumanoidRootPart"
HumanoidRootPart_k8_HumanoidRootPart.CFrame = CFrame(0.000000, 0.000000, 0.000000, 1.000000, 0.000000, 0.000000, 0.000000, 1.000000, 0.000000, 0.000000, 0.000000, 1.000000)
HumanoidRootPart_k8_HumanoidRootPart.Parent = keyframe8



--Torso
 Torso_k8_HumanoidRootPart_Torso = Instance.new("Pose")
Torso_k8_HumanoidRootPart_Torso.Name = "Torso"
Torso_k8_HumanoidRootPart_Torso.CFrame = CFrame(0.150617, -0.511207, -0.990119, -0.325524, -0.940455, -0.097869, 0.945533, -0.323644, -0.034951, 0.001195, -0.103916, 0.994585)
Torso_k8_HumanoidRootPart_Torso.Parent = HumanoidRootPart_k8_HumanoidRootPart



--Head
 Head_k8_HumanoidRootPart_Torso_Head = Instance.new("Pose")
Head_k8_HumanoidRootPart_Torso_Head.Name = "Head"
Head_k8_HumanoidRootPart_Torso_Head.CFrame = CFrame(0.000000, 0.000000, -0.000000, 1.000000, -0.000000, 0.000000, -0.000000, 1.000000, -0.000000, -0.000000, -0.000000, 1.000000)
Head_k8_HumanoidRootPart_Torso_Head.Parent = Torso_k8_HumanoidRootPart_Torso



--Left Arm
 Left_Arm_k8_HumanoidRootPart_Torso_Left_Arm = Instance.new("Pose")
Left_Arm_k8_HumanoidRootPart_Torso_Left_Arm.Name = "Left Arm"
Left_Arm_k8_HumanoidRootPart_Torso_Left_Arm.CFrame = CFrame(-0.413922, -0.252276, -0.332188, 0.014549, 0.762534, -0.646784, -0.999266, -0.011839, -0.036436, -0.035442, 0.646839, 0.761803)
Left_Arm_k8_HumanoidRootPart_Torso_Left_Arm.Parent = Torso_k8_HumanoidRootPart_Torso



--Right Arm
 Right_Arm_k8_HumanoidRootPart_Torso_Right_Arm = Instance.new("Pose")
Right_Arm_k8_HumanoidRootPart_Torso_Right_Arm.Name = "Right Arm"
Right_Arm_k8_HumanoidRootPart_Torso_Right_Arm.CFrame = CFrame(0.313055, -0.133349, -0.266441, 0.158927, -0.828940, 0.536284, 0.976941, 0.053594, -0.206675, 0.142580, 0.556764, 0.818343)
Right_Arm_k8_HumanoidRootPart_Torso_Right_Arm.Parent = Torso_k8_HumanoidRootPart_Torso



--Left Leg
 Left_Leg_k8_HumanoidRootPart_Torso_Left_Leg = Instance.new("Pose")
Left_Leg_k8_HumanoidRootPart_Torso_Left_Leg.Name = "Left Leg"
Left_Leg_k8_HumanoidRootPart_Torso_Left_Leg.CFrame = CFrame(-0.001452, -0.000279, -0.000002, 0.259742, 0.965674, -0.002903, -0.965678, 0.259741, -0.000558, 0.000216, 0.002949, 0.999996)
Left_Leg_k8_HumanoidRootPart_Torso_Left_Leg.Parent = Torso_k8_HumanoidRootPart_Torso



--Right Leg
 Right_Leg_k8_HumanoidRootPart_Torso_Right_Leg = Instance.new("Pose")
Right_Leg_k8_HumanoidRootPart_Torso_Right_Leg.Name = "Right Leg"
Right_Leg_k8_HumanoidRootPart_Torso_Right_Leg.CFrame = CFrame(-0.001452, 0.000279, -0.000002, 0.259742, -0.965674, -0.002903, 0.965678, 0.259741, 0.000558, 0.000216, -0.002949, 0.999996)
Right_Leg_k8_HumanoidRootPart_Torso_Right_Leg.Parent = Torso_k8_HumanoidRootPart_Torso



-- Keyframe 9 (Time: 0.16326530277729034)
 keyframe9 = Instance.new("Keyframe")
keyframe9.Time = 0.16326530277729034
keyframe9.Parent = KeyframeSequence

--HumanoidRootPart
 HumanoidRootPart_k9_HumanoidRootPart = Instance.new("Pose")
HumanoidRootPart_k9_HumanoidRootPart.Name = "HumanoidRootPart"
HumanoidRootPart_k9_HumanoidRootPart.CFrame = CFrame(0.000000, 0.000000, 0.000000, 1.000000, 0.000000, 0.000000, 0.000000, 1.000000, 0.000000, 0.000000, 0.000000, 1.000000)
HumanoidRootPart_k9_HumanoidRootPart.Parent = keyframe9



--Torso
 Torso_k9_HumanoidRootPart_Torso = Instance.new("Pose")
Torso_k9_HumanoidRootPart_Torso.Name = "Torso"
Torso_k9_HumanoidRootPart_Torso.CFrame = CFrame(0.150617, -0.511207, -0.990119, -0.325524, -0.940455, -0.097869, 0.945533, -0.323644, -0.034951, 0.001195, -0.103916, 0.994585)
Torso_k9_HumanoidRootPart_Torso.Parent = HumanoidRootPart_k9_HumanoidRootPart



--Head
 Head_k9_HumanoidRootPart_Torso_Head = Instance.new("Pose")
Head_k9_HumanoidRootPart_Torso_Head.Name = "Head"
Head_k9_HumanoidRootPart_Torso_Head.CFrame = CFrame(0.000000, 0.000000, -0.000000, 1.000000, -0.000000, 0.000000, -0.000000, 1.000000, -0.000000, -0.000000, -0.000000, 1.000000)
Head_k9_HumanoidRootPart_Torso_Head.Parent = Torso_k9_HumanoidRootPart_Torso



--Left Arm
 Left_Arm_k9_HumanoidRootPart_Torso_Left_Arm = Instance.new("Pose")
Left_Arm_k9_HumanoidRootPart_Torso_Left_Arm.Name = "Left Arm"
Left_Arm_k9_HumanoidRootPart_Torso_Left_Arm.CFrame = CFrame(-0.413922, -0.252276, -0.332188, 0.014549, 0.762534, -0.646784, -0.999266, -0.011839, -0.036436, -0.035442, 0.646839, 0.761803)
Left_Arm_k9_HumanoidRootPart_Torso_Left_Arm.Parent = Torso_k9_HumanoidRootPart_Torso



--Right Arm
 Right_Arm_k9_HumanoidRootPart_Torso_Right_Arm = Instance.new("Pose")
Right_Arm_k9_HumanoidRootPart_Torso_Right_Arm.Name = "Right Arm"
Right_Arm_k9_HumanoidRootPart_Torso_Right_Arm.CFrame = CFrame(0.313055, -0.133349, -0.266441, 0.158927, -0.828940, 0.536284, 0.976941, 0.053594, -0.206675, 0.142580, 0.556764, 0.818343)
Right_Arm_k9_HumanoidRootPart_Torso_Right_Arm.Parent = Torso_k9_HumanoidRootPart_Torso



--Left Leg
 Left_Leg_k9_HumanoidRootPart_Torso_Left_Leg = Instance.new("Pose")
Left_Leg_k9_HumanoidRootPart_Torso_Left_Leg.Name = "Left Leg"
Left_Leg_k9_HumanoidRootPart_Torso_Left_Leg.CFrame = CFrame(-0.001452, -0.000279, -0.000002, 0.259742, 0.965674, -0.002903, -0.965678, 0.259741, -0.000558, 0.000216, 0.002949, 0.999996)
Left_Leg_k9_HumanoidRootPart_Torso_Left_Leg.Parent = Torso_k9_HumanoidRootPart_Torso



--Right Leg
 Right_Leg_k9_HumanoidRootPart_Torso_Right_Leg = Instance.new("Pose")
Right_Leg_k9_HumanoidRootPart_Torso_Right_Leg.Name = "Right Leg"
Right_Leg_k9_HumanoidRootPart_Torso_Right_Leg.CFrame = CFrame(-0.001452, 0.000279, -0.000002, 0.259742, -0.965674, -0.002903, 0.965678, 0.259741, 0.000558, 0.000216, -0.002949, 0.999996)
Right_Leg_k9_HumanoidRootPart_Torso_Right_Leg.Parent = Torso_k9_HumanoidRootPart_Torso



-- Keyframe 10 (Time: 0.18367347121238708)
 keyframe10 = Instance.new("Keyframe")
keyframe10.Time = 0.18367347121238708
keyframe10.Parent = KeyframeSequence

--HumanoidRootPart
 HumanoidRootPart_k10_HumanoidRootPart = Instance.new("Pose")
HumanoidRootPart_k10_HumanoidRootPart.Name = "HumanoidRootPart"
HumanoidRootPart_k10_HumanoidRootPart.CFrame = CFrame(0.000000, 0.000000, 0.000000, 1.000000, 0.000000, 0.000000, 0.000000, 1.000000, 0.000000, 0.000000, 0.000000, 1.000000)
HumanoidRootPart_k10_HumanoidRootPart.Parent = keyframe10



--Torso
 Torso_k10_HumanoidRootPart_Torso = Instance.new("Pose")
Torso_k10_HumanoidRootPart_Torso.Name = "Torso"
Torso_k10_HumanoidRootPart_Torso.CFrame = CFrame(0.519604, -1.021814, -1.547664, -0.994989, 0.095569, -0.029373, -0.096224, -0.995122, 0.021762, -0.027150, 0.024479, 0.999332)
Torso_k10_HumanoidRootPart_Torso.Parent = HumanoidRootPart_k10_HumanoidRootPart



--Head
 Head_k10_HumanoidRootPart_Torso_Head = Instance.new("Pose")
Head_k10_HumanoidRootPart_Torso_Head.Name = "Head"
Head_k10_HumanoidRootPart_Torso_Head.CFrame = CFrame(0.000000, -0.000000, 0.000000, 1.000000, -0.000000, 0.000000, -0.000000, 1.000000, 0.000000, 0.000000, 0.000000, 1.000000)
Head_k10_HumanoidRootPart_Torso_Head.Parent = Torso_k10_HumanoidRootPart_Torso



--Left Arm
 Left_Arm_k10_HumanoidRootPart_Torso_Left_Arm = Instance.new("Pose")
Left_Arm_k10_HumanoidRootPart_Torso_Left_Arm.Name = "Left Arm"
Left_Arm_k10_HumanoidRootPart_Torso_Left_Arm.CFrame = CFrame(-0.107960, -0.258822, 0.016072, -0.024014, 0.942204, -0.334179, -0.999712, -0.022646, 0.007989, -0.000040, 0.334274, 0.942476)
Left_Arm_k10_HumanoidRootPart_Torso_Left_Arm.Parent = Torso_k10_HumanoidRootPart_Torso



--Right Arm
 Right_Arm_k10_HumanoidRootPart_Torso_Right_Arm = Instance.new("Pose")
Right_Arm_k10_HumanoidRootPart_Torso_Right_Arm.Name = "Right Arm"
Right_Arm_k10_HumanoidRootPart_Torso_Right_Arm.CFrame = CFrame(0.068620, -0.193906, -0.017389, 0.157787, -0.877925, 0.452052, 0.985877, 0.114042, -0.122638, 0.056114, 0.465019, 0.883521)
Right_Arm_k10_HumanoidRootPart_Torso_Right_Arm.Parent = Torso_k10_HumanoidRootPart_Torso



--Left Leg
 Left_Leg_k10_HumanoidRootPart_Torso_Left_Leg = Instance.new("Pose")
Left_Leg_k10_HumanoidRootPart_Torso_Left_Leg.Name = "Left Leg"
Left_Leg_k10_HumanoidRootPart_Torso_Left_Leg.CFrame = CFrame(-0.000000, -0.000000, -0.000000, 0.025329, 0.999679, -0.000000, -0.999679, 0.025329, -0.000000, -0.000000, -0.000000, 1.000000)
Left_Leg_k10_HumanoidRootPart_Torso_Left_Leg.Parent = Torso_k10_HumanoidRootPart_Torso



--Right Leg
 Right_Leg_k10_HumanoidRootPart_Torso_Right_Leg = Instance.new("Pose")
Right_Leg_k10_HumanoidRootPart_Torso_Right_Leg.Name = "Right Leg"
Right_Leg_k10_HumanoidRootPart_Torso_Right_Leg.CFrame = CFrame(0.000000, 0.000000, 0.000000, 0.025329, -0.999679, 0.000000, 0.999679, 0.025329, 0.000000, -0.000000, 0.000000, 1.000000)
Right_Leg_k10_HumanoidRootPart_Torso_Right_Leg.Parent = Torso_k10_HumanoidRootPart_Torso



-- Keyframe 11 (Time: 0.20408163964748383)
 keyframe11 = Instance.new("Keyframe")
keyframe11.Time = 0.20408163964748383
keyframe11.Parent = KeyframeSequence

--HumanoidRootPart
 HumanoidRootPart_k11_HumanoidRootPart = Instance.new("Pose")
HumanoidRootPart_k11_HumanoidRootPart.Name = "HumanoidRootPart"
HumanoidRootPart_k11_HumanoidRootPart.CFrame = CFrame(0.000000, 0.000000, 0.000000, 1.000000, 0.000000, 0.000000, 0.000000, 1.000000, 0.000000, 0.000000, 0.000000, 1.000000)
HumanoidRootPart_k11_HumanoidRootPart.Parent = keyframe11



--Torso
 Torso_k11_HumanoidRootPart_Torso = Instance.new("Pose")
Torso_k11_HumanoidRootPart_Torso.Name = "Torso"
Torso_k11_HumanoidRootPart_Torso.CFrame = CFrame(0.519604, -1.021814, -1.547664, -0.994989, 0.095569, -0.029373, -0.096224, -0.995122, 0.021762, -0.027150, 0.024479, 0.999332)
Torso_k11_HumanoidRootPart_Torso.Parent = HumanoidRootPart_k11_HumanoidRootPart



--Head
 Head_k11_HumanoidRootPart_Torso_Head = Instance.new("Pose")
Head_k11_HumanoidRootPart_Torso_Head.Name = "Head"
Head_k11_HumanoidRootPart_Torso_Head.CFrame = CFrame(0.000000, -0.000000, 0.000000, 1.000000, -0.000000, 0.000000, -0.000000, 1.000000, 0.000000, 0.000000, 0.000000, 1.000000)
Head_k11_HumanoidRootPart_Torso_Head.Parent = Torso_k11_HumanoidRootPart_Torso



--Left Arm
 Left_Arm_k11_HumanoidRootPart_Torso_Left_Arm = Instance.new("Pose")
Left_Arm_k11_HumanoidRootPart_Torso_Left_Arm.Name = "Left Arm"
Left_Arm_k11_HumanoidRootPart_Torso_Left_Arm.CFrame = CFrame(-0.107960, -0.258822, 0.016072, -0.024014, 0.942204, -0.334179, -0.999712, -0.022646, 0.007989, -0.000040, 0.334274, 0.942476)
Left_Arm_k11_HumanoidRootPart_Torso_Left_Arm.Parent = Torso_k11_HumanoidRootPart_Torso



--Right Arm
 Right_Arm_k11_HumanoidRootPart_Torso_Right_Arm = Instance.new("Pose")
Right_Arm_k11_HumanoidRootPart_Torso_Right_Arm.Name = "Right Arm"
Right_Arm_k11_HumanoidRootPart_Torso_Right_Arm.CFrame = CFrame(0.068620, -0.193906, -0.017389, 0.157787, -0.877925, 0.452052, 0.985877, 0.114042, -0.122638, 0.056114, 0.465019, 0.883521)
Right_Arm_k11_HumanoidRootPart_Torso_Right_Arm.Parent = Torso_k11_HumanoidRootPart_Torso



--Left Leg
 Left_Leg_k11_HumanoidRootPart_Torso_Left_Leg = Instance.new("Pose")
Left_Leg_k11_HumanoidRootPart_Torso_Left_Leg.Name = "Left Leg"
Left_Leg_k11_HumanoidRootPart_Torso_Left_Leg.CFrame = CFrame(-0.000000, -0.000000, -0.000000, 0.025329, 0.999679, -0.000000, -0.999679, 0.025329, -0.000000, -0.000000, -0.000000, 1.000000)
Left_Leg_k11_HumanoidRootPart_Torso_Left_Leg.Parent = Torso_k11_HumanoidRootPart_Torso



--Right Leg
 Right_Leg_k11_HumanoidRootPart_Torso_Right_Leg = Instance.new("Pose")
Right_Leg_k11_HumanoidRootPart_Torso_Right_Leg.Name = "Right Leg"
Right_Leg_k11_HumanoidRootPart_Torso_Right_Leg.CFrame = CFrame(0.000000, 0.000000, 0.000000, 0.025329, -0.999679, 0.000000, 0.999679, 0.025329, 0.000000, -0.000000, 0.000000, 1.000000)
Right_Leg_k11_HumanoidRootPart_Torso_Right_Leg.Parent = Torso_k11_HumanoidRootPart_Torso



-- Keyframe 12 (Time: 0.22448979318141937)
 keyframe12 = Instance.new("Keyframe")
keyframe12.Time = 0.22448979318141937
keyframe12.Parent = KeyframeSequence

--HumanoidRootPart
 HumanoidRootPart_k12_HumanoidRootPart = Instance.new("Pose")
HumanoidRootPart_k12_HumanoidRootPart.Name = "HumanoidRootPart"
HumanoidRootPart_k12_HumanoidRootPart.CFrame = CFrame(0.000000, 0.000000, 0.000000, 1.000000, 0.000000, 0.000000, 0.000000, 1.000000, 0.000000, 0.000000, 0.000000, 1.000000)
HumanoidRootPart_k12_HumanoidRootPart.Parent = keyframe12



--Torso
 Torso_k12_HumanoidRootPart_Torso = Instance.new("Pose")
Torso_k12_HumanoidRootPart_Torso.Name = "Torso"
Torso_k12_HumanoidRootPart_Torso.CFrame = CFrame(0.641004, -1.116898, -1.584103, -0.972170, 0.232066, -0.032096, -0.232696, -0.972392, 0.017498, -0.027150, 0.024479, 0.999332)
Torso_k12_HumanoidRootPart_Torso.Parent = HumanoidRootPart_k12_HumanoidRootPart



--Head
 Head_k12_HumanoidRootPart_Torso_Head = Instance.new("Pose")
Head_k12_HumanoidRootPart_Torso_Head.Name = "Head"
Head_k12_HumanoidRootPart_Torso_Head.CFrame = CFrame(0.000000, -0.000000, 0.000000, 1.000000, -0.000000, 0.000000, -0.000000, 1.000000, 0.000000, 0.000000, -0.000000, 1.000000)
Head_k12_HumanoidRootPart_Torso_Head.Parent = Torso_k12_HumanoidRootPart_Torso



--Left Arm
 Left_Arm_k12_HumanoidRootPart_Torso_Left_Arm = Instance.new("Pose")
Left_Arm_k12_HumanoidRootPart_Torso_Left_Arm.Name = "Left Arm"
Left_Arm_k12_HumanoidRootPart_Torso_Left_Arm.CFrame = CFrame(-0.108123, -0.258806, 0.016537, -0.024130, 0.943617, -0.330160, -0.999709, -0.022790, 0.007929, -0.000042, 0.330255, 0.943892)
Left_Arm_k12_HumanoidRootPart_Torso_Left_Arm.Parent = Torso_k12_HumanoidRootPart_Torso



--Right Arm
 Right_Arm_k12_HumanoidRootPart_Torso_Right_Arm = Instance.new("Pose")
Right_Arm_k12_HumanoidRootPart_Torso_Right_Arm.Name = "Right Arm"
Right_Arm_k12_HumanoidRootPart_Torso_Right_Arm.CFrame = CFrame(0.070734, -0.193969, -0.013176, 0.156424, -0.896221, 0.415114, 0.985641, 0.114584, -0.124025, 0.063588, 0.428554, 0.901276)
Right_Arm_k12_HumanoidRootPart_Torso_Right_Arm.Parent = Torso_k12_HumanoidRootPart_Torso



--Left Leg
 Left_Leg_k12_HumanoidRootPart_Torso_Left_Leg = Instance.new("Pose")
Left_Leg_k12_HumanoidRootPart_Torso_Left_Leg.Name = "Left Leg"
Left_Leg_k12_HumanoidRootPart_Torso_Left_Leg.CFrame = CFrame(-0.000000, 0.000000, -0.000000, 0.025329, 0.999679, 0.000000, -0.999679, 0.025329, -0.000000, -0.000000, -0.000000, 1.000000)
Left_Leg_k12_HumanoidRootPart_Torso_Left_Leg.Parent = Torso_k12_HumanoidRootPart_Torso



--Right Leg
 Right_Leg_k12_HumanoidRootPart_Torso_Right_Leg = Instance.new("Pose")
Right_Leg_k12_HumanoidRootPart_Torso_Right_Leg.Name = "Right Leg"
Right_Leg_k12_HumanoidRootPart_Torso_Right_Leg.CFrame = CFrame(0.000000, 0.000000, 0.000000, 0.025329, -0.999679, -0.000000, 0.999679, 0.025329, 0.000000, -0.000000, 0.000000, 1.000000)
Right_Leg_k12_HumanoidRootPart_Torso_Right_Leg.Parent = Torso_k12_HumanoidRootPart_Torso



-- Keyframe 13 (Time: 0.2448979616165161)
 keyframe13 = Instance.new("Keyframe")
keyframe13.Time = 0.2448979616165161
keyframe13.Parent = KeyframeSequence

--HumanoidRootPart
 HumanoidRootPart_k13_HumanoidRootPart = Instance.new("Pose")
HumanoidRootPart_k13_HumanoidRootPart.Name = "HumanoidRootPart"
HumanoidRootPart_k13_HumanoidRootPart.CFrame = CFrame(0.000000, 0.000000, 0.000000, 1.000000, 0.000000, 0.000000, 0.000000, 1.000000, 0.000000, 0.000000, 0.000000, 1.000000)
HumanoidRootPart_k13_HumanoidRootPart.Parent = keyframe13



--Torso
 Torso_k13_HumanoidRootPart_Torso = Instance.new("Pose")
Torso_k13_HumanoidRootPart_Torso.Name = "Torso"
Torso_k13_HumanoidRootPart_Torso.CFrame = CFrame(0.641004, -1.116898, -1.584103, -0.972170, 0.232066, -0.032096, -0.232696, -0.972392, 0.017498, -0.027150, 0.024479, 0.999332)
Torso_k13_HumanoidRootPart_Torso.Parent = HumanoidRootPart_k13_HumanoidRootPart



--Head
 Head_k13_HumanoidRootPart_Torso_Head = Instance.new("Pose")
Head_k13_HumanoidRootPart_Torso_Head.Name = "Head"
Head_k13_HumanoidRootPart_Torso_Head.CFrame = CFrame(0.000000, -0.000000, 0.000000, 1.000000, -0.000000, 0.000000, -0.000000, 1.000000, 0.000000, 0.000000, -0.000000, 1.000000)
Head_k13_HumanoidRootPart_Torso_Head.Parent = Torso_k13_HumanoidRootPart_Torso



--Left Arm
 Left_Arm_k13_HumanoidRootPart_Torso_Left_Arm = Instance.new("Pose")
Left_Arm_k13_HumanoidRootPart_Torso_Left_Arm.Name = "Left Arm"
Left_Arm_k13_HumanoidRootPart_Torso_Left_Arm.CFrame = CFrame(-0.108123, -0.258806, 0.016537, -0.024130, 0.943617, -0.330160, -0.999709, -0.022790, 0.007929, -0.000042, 0.330255, 0.943892)
Left_Arm_k13_HumanoidRootPart_Torso_Left_Arm.Parent = Torso_k13_HumanoidRootPart_Torso



--Right Arm
 Right_Arm_k13_HumanoidRootPart_Torso_Right_Arm = Instance.new("Pose")
Right_Arm_k13_HumanoidRootPart_Torso_Right_Arm.Name = "Right Arm"
Right_Arm_k13_HumanoidRootPart_Torso_Right_Arm.CFrame = CFrame(0.070734, -0.193969, -0.013176, 0.156424, -0.896221, 0.415114, 0.985641, 0.114584, -0.124025, 0.063588, 0.428554, 0.901276)
Right_Arm_k13_HumanoidRootPart_Torso_Right_Arm.Parent = Torso_k13_HumanoidRootPart_Torso



--Left Leg
 Left_Leg_k13_HumanoidRootPart_Torso_Left_Leg = Instance.new("Pose")
Left_Leg_k13_HumanoidRootPart_Torso_Left_Leg.Name = "Left Leg"
Left_Leg_k13_HumanoidRootPart_Torso_Left_Leg.CFrame = CFrame(-0.000000, 0.000000, -0.000000, 0.025329, 0.999679, 0.000000, -0.999679, 0.025329, -0.000000, -0.000000, -0.000000, 1.000000)
Left_Leg_k13_HumanoidRootPart_Torso_Left_Leg.Parent = Torso_k13_HumanoidRootPart_Torso



--Right Leg
 Right_Leg_k13_HumanoidRootPart_Torso_Right_Leg = Instance.new("Pose")
Right_Leg_k13_HumanoidRootPart_Torso_Right_Leg.Name = "Right Leg"
Right_Leg_k13_HumanoidRootPart_Torso_Right_Leg.CFrame = CFrame(0.000000, 0.000000, 0.000000, 0.025329, -0.999679, -0.000000, 0.999679, 0.025329, 0.000000, -0.000000, 0.000000, 1.000000)
Right_Leg_k13_HumanoidRootPart_Torso_Right_Leg.Parent = Torso_k13_HumanoidRootPart_Torso



-- Keyframe 14 (Time: 0.26530611515045166)
 keyframe14 = Instance.new("Keyframe")
keyframe14.Time = 0.26530611515045166
keyframe14.Parent = KeyframeSequence

--HumanoidRootPart
 HumanoidRootPart_k14_HumanoidRootPart = Instance.new("Pose")
HumanoidRootPart_k14_HumanoidRootPart.Name = "HumanoidRootPart"
HumanoidRootPart_k14_HumanoidRootPart.CFrame = CFrame(0.000000, 0.000000, 0.000000, 1.000000, 0.000000, 0.000000, 0.000000, 1.000000, 0.000000, 0.000000, 0.000000, 1.000000)
HumanoidRootPart_k14_HumanoidRootPart.Parent = keyframe14



--Torso
 Torso_k14_HumanoidRootPart_Torso = Instance.new("Pose")
Torso_k14_HumanoidRootPart_Torso.Name = "Torso"
Torso_k14_HumanoidRootPart_Torso.CFrame = CFrame(0.667298, -0.631045, -1.007476, -0.221196, 0.974388, -0.040504, -0.975080, -0.220245, 0.026664, 0.017061, 0.045393, 0.998824)
Torso_k14_HumanoidRootPart_Torso.Parent = HumanoidRootPart_k14_HumanoidRootPart



--Head
 Head_k14_HumanoidRootPart_Torso_Head = Instance.new("Pose")
Head_k14_HumanoidRootPart_Torso_Head.Name = "Head"
Head_k14_HumanoidRootPart_Torso_Head.CFrame = CFrame(0.000000, 0.000000, -0.000000, 1.000000, -0.000000, -0.000000, -0.000000, 1.000000, 0.000000, 0.000000, 0.000000, 1.000000)
Head_k14_HumanoidRootPart_Torso_Head.Parent = Torso_k14_HumanoidRootPart_Torso



--Left Arm
