-- KeyframeSequence Export: Brickbattler
-- Generated on 2025-10-17 15:18:51

local KeyframeSequence = Instance.new("KeyframeSequence")
KeyframeSequence.Name = "BrickBattler"
 cf=CFrame.new

-- Keyframe 1 (Time: 0)
 keyframe1 = Instance.new("Keyframe")
keyframe1.Time = 0
keyframe1.Parent = KeyframeSequence

--HumanoidRootPart
 HumanoidRootPart_k1_HumanoidRootPart = Instance.new("Pose")
HumanoidRootPart_k1_HumanoidRootPart.Name = "HumanoidRootPart"
HumanoidRootPart_k1_HumanoidRootPart.CFrame = cf(0.000000, 0.000000, 0.000000, 1.000000, 0.000000, 0.000000, 0.000000, 1.000000, 0.000000, 0.000000, 0.000000, 1.000000)
HumanoidRootPart_k1_HumanoidRootPart.Parent = keyframe1



--Torso
 Torso_k1_HumanoidRootPart_Torso = Instance.new("Pose")
Torso_k1_HumanoidRootPart_Torso.Name = "Torso"
Torso_k1_HumanoidRootPart_Torso.CFrame = cf(0.000000, -0.226288, 0.051974, 1.000000, 0.000000, -0.000000, -0.000000, 0.961415, -0.275102, 0.000000, 0.275102, 0.961415)
Torso_k1_HumanoidRootPart_Torso.Parent = HumanoidRootPart_k1_HumanoidRootPart



--Right Arm
 Right_Arm_k1_HumanoidRootPart_Torso = Instance.new("Pose")
Right_Arm_k1_HumanoidRootPart_Torso.Name = "Right Arm"
Right_Arm_k1_HumanoidRootPart_Torso.CFrame = cf(0.389315, -1.015177, 0.475376, -0.507438, -0.569976, 0.646246, 0.286038, 0.596030, 0.750287, -0.812828, 0.565575, -0.139413)
Right_Arm_k1_HumanoidRootPart_Torso.Parent = Torso_k1_HumanoidRootPart_Torso



--Left Arm
 Left_Arm_k1_HumanoidRootPart_Torso = Instance.new("Pose")
Left_Arm_k1_HumanoidRootPart_Torso.Name = "Left Arm"
Left_Arm_k1_HumanoidRootPart_Torso.CFrame = cf(-0.389315, -1.015177, 0.475376, -0.507437, 0.569977, -0.646246, -0.286038, 0.596030, 0.750287, 0.812828, 0.565575, -0.139413)
Left_Arm_k1_HumanoidRootPart_Torso.Parent = Torso_k1_HumanoidRootPart_Torso



--firebrand
 firebrand_k1_HumanoidRootPart_Torso_firebrand = Instance.new("Pose")
firebrand_k1_HumanoidRootPart_Torso_firebrand.Name = "firebrand"
firebrand_k1_HumanoidRootPart_Torso_firebrand.CFrame = cf(0.000000, 0.000000, 0.000000, 1.000000, 0.000000, 0.000000, 0.000000, 1.000000, 0.000000, 0.000000, 0.000000, 1.000000)
firebrand_k1_HumanoidRootPart_Torso_firebrand.Parent = Left_Arm_k1_HumanoidRootPart_Torso



--Right Leg
 Right_Leg_k1_HumanoidRootPart_Torso = Instance.new("Pose")
Right_Leg_k1_HumanoidRootPart_Torso.Name = "Right Leg"
Right_Leg_k1_HumanoidRootPart_Torso.CFrame = cf(0.824103, 0.030383, 0.016806, 0.992777, 0.115065, -0.033971, -0.109864, 0.985677, 0.127950, 0.048207, -0.123294, 0.991199)
Right_Leg_k1_HumanoidRootPart_Torso.Parent = Torso_k1_HumanoidRootPart_Torso



--Left Leg
 Left_Leg_k1_HumanoidRootPart_Torso = Instance.new("Pose")
Left_Leg_k1_HumanoidRootPart_Torso.Name = "Left Leg"
Left_Leg_k1_HumanoidRootPart_Torso.CFrame = cf(-0.745128, 0.003266, 0.021600, 0.997333, -0.067770, 0.027103, 0.064680, 0.992671, 0.102081, -0.033822, -0.100056, 0.994407)
Left_Leg_k1_HumanoidRootPart_Torso.Parent = Torso_k1_HumanoidRootPart_Torso



--Head
 Head_k1_HumanoidRootPart_Torso_Head = Instance.new("Pose")
Head_k1_HumanoidRootPart_Torso_Head.Name = "Head"
Head_k1_HumanoidRootPart_Torso_Head.CFrame = cf(0.000000, 0.000000, 0.016662, 0.999955, -0.009494, -0.000759, 0.009130, 0.978231, -0.207316, 0.002711, 0.207300, 0.978274)
Head_k1_HumanoidRootPart_Torso_Head.Parent = Torso_k1_HumanoidRootPart_Torso



--Left Eyec
 Left_Eyec_k1_HumanoidRootPart_Torso_Head_Left Eyec = Instance.new("Pose")
Left_Eyec_k1_HumanoidRootPart_Torso_Head_Left Eyec.Name = "Left Eyec"
Left_Eyec_k1_HumanoidRootPart_Torso_Head_Left Eyec.CFrame = cf(0.000000, 0.000000, 0.000000, 1.000000, 0.000000, 0.000000, 0.000000, 1.000000, 0.000000, 0.000000, 0.000000, 1.000000)
Left_Eyec_k1_HumanoidRootPart_Torso_Head_Left Eyec.Parent = Head_k1_HumanoidRootPart_Torso_Head



--Right Eyec
 Right_Eyec_k1_HumanoidRootPart_Torso_Head_Right Eyec = Instance.new("Pose")
Right_Eyec_k1_HumanoidRootPart_Torso_Head_Right Eyec.Name = "Right Eyec"
Right_Eyec_k1_HumanoidRootPart_Torso_Head_Right Eyec.CFrame = cf(0.000000, 0.000000, 0.000000, 1.000000, 0.000000, 0.000000, 0.000000, 1.000000, 0.000000, 0.000000, 0.000000, 1.000000)
Right_Eyec_k1_HumanoidRootPart_Torso_Head_Right Eyec.Parent = Head_k1_HumanoidRootPart_Torso_Head



--BasicSlash
 BasicSlash_k1_HumanoidRootPart_BasicSlash = Instance.new("Pose")
BasicSlash_k1_HumanoidRootPart_BasicSlash.Name = "BasicSlash"
BasicSlash_k1_HumanoidRootPart_BasicSlash.CFrame = cf(0.000000, 0.000000, 0.000000, 1.000000, 0.000000, 0.000000, 0.000000, 1.000000, 0.000000, 0.000000, 0.000000, 1.000000)
BasicSlash_k1_HumanoidRootPart_BasicSlash.Parent = HumanoidRootPart_k1_HumanoidRootPart



-- Keyframe 2 (Time: 0.03333333507180214)
 keyframe2 = Instance.new("Keyframe")
keyframe2.Time = 0.03333333507180214
keyframe2.Parent = KeyframeSequence

--HumanoidRootPart
 HumanoidRootPart_k2_HumanoidRootPart = Instance.new("Pose")
HumanoidRootPart_k2_HumanoidRootPart.Name = "HumanoidRootPart"
HumanoidRootPart_k2_HumanoidRootPart.CFrame = cf(0.000000, 0.000000, 0.000000, 1.000000, 0.000000, 0.000000, 0.000000, 1.000000, 0.000000, 0.000000, 0.000000, 1.000000)
HumanoidRootPart_k2_HumanoidRootPart.Parent = keyframe2



--Torso
 Torso_k2_HumanoidRootPart_Torso = Instance.new("Pose")
Torso_k2_HumanoidRootPart_Torso.Name = "Torso"
Torso_k2_HumanoidRootPart_Torso.CFrame = cf(0.000000, -0.226288, 0.051974, 1.000000, 0.000000, -0.000000, -0.000000, 0.961415, -0.275102, 0.000000, 0.275102, 0.961415)
Torso_k2_HumanoidRootPart_Torso.Parent = HumanoidRootPart_k2_HumanoidRootPart



--Right Arm
 Right_Arm_k2_HumanoidRootPart_Torso = Instance.new("Pose")
Right_Arm_k2_HumanoidRootPart_Torso.Name = "Right Arm"
Right_Arm_k2_HumanoidRootPart_Torso.CFrame = cf(0.389315, -1.015177, 0.475376, -0.507438, -0.569976, 0.646246, 0.286038, 0.596030, 0.750287, -0.812828, 0.565575, -0.139413)
Right_Arm_k2_HumanoidRootPart_Torso.Parent = Torso_k2_HumanoidRootPart_Torso



--Left Arm
 Left_Arm_k2_HumanoidRootPart_Torso = Instance.new("Pose")
Left_Arm_k2_HumanoidRootPart_Torso.Name = "Left Arm"
Left_Arm_k2_HumanoidRootPart_Torso.CFrame = cf(-0.389315, -1.015177, 0.475376, -0.507437, 0.569977, -0.646246, -0.286038, 0.596030, 0.750287, 0.812828, 0.565575, -0.139413)
Left_Arm_k2_HumanoidRootPart_Torso.Parent = Torso_k2_HumanoidRootPart_Torso



--firebrand
 firebrand_k2_HumanoidRootPart_Torso_firebrand = Instance.new("Pose")
firebrand_k2_HumanoidRootPart_Torso_firebrand.Name = "firebrand"
firebrand_k2_HumanoidRootPart_Torso_firebrand.CFrame = cf(0.000000, 0.000000, 0.000000, 1.000000, 0.000000, 0.000000, 0.000000, 1.000000, 0.000000, 0.000000, 0.000000, 1.000000)
firebrand_k2_HumanoidRootPart_Torso_firebrand.Parent = Left_Arm_k2_HumanoidRootPart_Torso



--Right Leg
 Right_Leg_k2_HumanoidRootPart_Torso = Instance.new("Pose")
Right_Leg_k2_HumanoidRootPart_Torso.Name = "Right Leg"
Right_Leg_k2_HumanoidRootPart_Torso.CFrame = cf(0.824103, 0.030383, 0.016806, 0.992777, 0.115065, -0.033971, -0.109864, 0.985677, 0.127950, 0.048207, -0.123294, 0.991199)
Right_Leg_k2_HumanoidRootPart_Torso.Parent = Torso_k2_HumanoidRootPart_Torso



--Left Leg
 Left_Leg_k2_HumanoidRootPart_Torso = Instance.new("Pose")
Left_Leg_k2_HumanoidRootPart_Torso.Name = "Left Leg"
Left_Leg_k2_HumanoidRootPart_Torso.CFrame = cf(-0.745128, 0.003266, 0.021600, 0.997333, -0.067770, 0.027103, 0.064680, 0.992671, 0.102081, -0.033822, -0.100056, 0.994407)
Left_Leg_k2_HumanoidRootPart_Torso.Parent = Torso_k2_HumanoidRootPart_Torso



--Head
 Head_k2_HumanoidRootPart_Torso_Head = Instance.new("Pose")
Head_k2_HumanoidRootPart_Torso_Head.Name = "Head"
Head_k2_HumanoidRootPart_Torso_Head.CFrame = cf(0.000000, 0.000000, 0.016662, 0.999955, -0.009494, -0.000759, 0.009130, 0.978231, -0.207316, 0.002711, 0.207300, 0.978274)
Head_k2_HumanoidRootPart_Torso_Head.Parent = Torso_k2_HumanoidRootPart_Torso



--Left Eyec
 Left_Eyec_k2_HumanoidRootPart_Torso_Head_Left Eyec = Instance.new("Pose")
Left_Eyec_k2_HumanoidRootPart_Torso_Head_Left Eyec.Name = "Left Eyec"
Left_Eyec_k2_HumanoidRootPart_Torso_Head_Left Eyec.CFrame = cf(0.000000, 0.000000, 0.000000, 1.000000, 0.000000, 0.000000, 0.000000, 1.000000, 0.000000, 0.000000, 0.000000, 1.000000)
Left_Eyec_k2_HumanoidRootPart_Torso_Head_Left Eyec.Parent = Head_k2_HumanoidRootPart_Torso_Head



--Right Eyec
 Right_Eyec_k2_HumanoidRootPart_Torso_Head_Right Eyec = Instance.new("Pose")
Right_Eyec_k2_HumanoidRootPart_Torso_Head_Right Eyec.Name = "Right Eyec"
Right_Eyec_k2_HumanoidRootPart_Torso_Head_Right Eyec.CFrame = cf(0.000000, 0.000000, 0.000000, 1.000000, 0.000000, 0.000000, 0.000000, 1.000000, 0.000000, 0.000000, 0.000000, 1.000000)
Right_Eyec_k2_HumanoidRootPart_Torso_Head_Right Eyec.Parent = Head_k2_HumanoidRootPart_Torso_Head



--BasicSlash
 BasicSlash_k2_HumanoidRootPart_BasicSlash = Instance.new("Pose")
BasicSlash_k2_HumanoidRootPart_BasicSlash.Name = "BasicSlash"
BasicSlash_k2_HumanoidRootPart_BasicSlash.CFrame = cf(0.000000, 0.000000, 0.000000, 1.000000, 0.000000, 0.000000, 0.000000, 1.000000, 0.000000, 0.000000, 0.000000, 1.000000)
BasicSlash_k2_HumanoidRootPart_BasicSlash.Parent = HumanoidRootPart_k2_HumanoidRootPart



-- Keyframe 3 (Time: 0.06666667014360428)
 keyframe3 = Instance.new("Keyframe")
keyframe3.Time = 0.06666667014360428
keyframe3.Parent = KeyframeSequence

--HumanoidRootPart
 HumanoidRootPart_k3_HumanoidRootPart = Instance.new("Pose")
HumanoidRootPart_k3_HumanoidRootPart.Name = "HumanoidRootPart"
HumanoidRootPart_k3_HumanoidRootPart.CFrame = cf(0.000000, 0.000000, 0.000000, 1.000000, 0.000000, 0.000000, 0.000000, 1.000000, 0.000000, 0.000000, 0.000000, 1.000000)
HumanoidRootPart_k3_HumanoidRootPart.Parent = keyframe3



--Torso
 Torso_k3_HumanoidRootPart_Torso = Instance.new("Pose")
Torso_k3_HumanoidRootPart_Torso.Name = "Torso"
Torso_k3_HumanoidRootPart_Torso.CFrame = cf(0.000589, -0.188890, 1.070502, 0.999962, -0.008719, 0.000717, 0.008651, 0.973238, -0.229637, 0.001305, 0.229635, 0.973276)
Torso_k3_HumanoidRootPart_Torso.Parent = HumanoidRootPart_k3_HumanoidRootPart



--Right Arm
 Right_Arm_k3_HumanoidRootPart_Torso = Instance.new("Pose")
Right_Arm_k3_HumanoidRootPart_Torso.Name = "Right Arm"
Right_Arm_k3_HumanoidRootPart_Torso.CFrame = cf(0.514951, -0.366027, 0.207756, -0.489056, -0.536403, 0.687819, 0.565054, 0.405894, 0.718307, -0.664484, 0.739947, 0.104592)
Right_Arm_k3_HumanoidRootPart_Torso.Parent = Torso_k3_HumanoidRootPart_Torso



--Left Arm
 Left_Arm_k3_HumanoidRootPart_Torso = Instance.new("Pose")
Left_Arm_k3_HumanoidRootPart_Torso.Name = "Left Arm"
Left_Arm_k3_HumanoidRootPart_Torso.CFrame = cf(-0.507219, -0.375171, 0.200068, -0.450869, 0.833900, -0.318320, -0.346665, 0.165034, 0.923357, 0.822521, 0.526663, 0.214675)
Left_Arm_k3_HumanoidRootPart_Torso.Parent = Torso_k3_HumanoidRootPart_Torso



--firebrand
 firebrand_k3_HumanoidRootPart_Torso_firebrand = Instance.new("Pose")
firebrand_k3_HumanoidRootPart_Torso_firebrand.Name = "firebrand"
firebrand_k3_HumanoidRootPart_Torso_firebrand.CFrame = cf(0.000000, 0.000000, 0.000000, 1.000000, 0.000000, 0.000000, 0.000000, 1.000000, 0.000000, 0.000000, 0.000000, 1.000000)
firebrand_k3_HumanoidRootPart_Torso_firebrand.Parent = Left_Arm_k3_HumanoidRootPart_Torso



--Right Leg
 Right_Leg_k3_HumanoidRootPart_Torso = Instance.new("Pose")
Right_Leg_k3_HumanoidRootPart_Torso.Name = "Right Leg"
Right_Leg_k3_HumanoidRootPart_Torso.CFrame = cf(-0.000384, -0.009377, -0.086909, 0.973034, -0.223950, -0.055233, 0.230624, 0.948796, 0.215868, 0.004062, -0.222785, 0.974859)
Right_Leg_k3_HumanoidRootPart_Torso.Parent = Torso_k3_HumanoidRootPart_Torso



--Left Leg
 Left_Leg_k3_HumanoidRootPart_Torso = Instance.new("Pose")
Left_Leg_k3_HumanoidRootPart_Torso.Name = "Left Leg"
Left_Leg_k3_HumanoidRootPart_Torso.CFrame = cf(0.053270, -0.049900, 0.018497, 0.974482, 0.221487, 0.036441, -0.224164, 0.951864, 0.209058, 0.011617, -0.211892, 0.977224)
Left_Leg_k3_HumanoidRootPart_Torso.Parent = Torso_k3_HumanoidRootPart_Torso



--Head
 Head_k3_HumanoidRootPart_Torso_Head = Instance.new("Pose")
Head_k3_HumanoidRootPart_Torso_Head.Name = "Head"
Head_k3_HumanoidRootPart_Torso_Head.CFrame = cf(0.000000, 0.000000, 0.016662, 0.999989, -0.001511, -0.004338, -0.000020, 0.942957, -0.332915, 0.004594, 0.332912, 0.942947)
Head_k3_HumanoidRootPart_Torso_Head.Parent = Torso_k3_HumanoidRootPart_Torso



--Left Eyec
 Left_Eyec_k3_HumanoidRootPart_Torso_Head_Left Eyec = Instance.new("Pose")
Left_Eyec_k3_HumanoidRootPart_Torso_Head_Left Eyec.Name = "Left Eyec"
Left_Eyec_k3_HumanoidRootPart_Torso_Head_Left Eyec.CFrame = cf(0.000000, 0.000000, 0.000000, 1.000000, 0.000000, 0.000000, 0.000000, 1.000000, 0.000000, 0.000000, 0.000000, 1.000000)
Left_Eyec_k3_HumanoidRootPart_Torso_Head_Left Eyec.Parent = Head_k3_HumanoidRootPart_Torso_Head



--Right Eyec
 Right_Eyec_k3_HumanoidRootPart_Torso_Head_Right Eyec = Instance.new("Pose")
Right_Eyec_k3_HumanoidRootPart_Torso_Head_Right Eyec.Name = "Right Eyec"
Right_Eyec_k3_HumanoidRootPart_Torso_Head_Right Eyec.CFrame = cf(0.000000, 0.000000, 0.000000, 1.000000, 0.000000, 0.000000, 0.000000, 1.000000, 0.000000, 0.000000, 0.000000, 1.000000)
Right_Eyec_k3_HumanoidRootPart_Torso_Head_Right Eyec.Parent = Head_k3_HumanoidRootPart_Torso_Head



--BasicSlash
 BasicSlash_k3_HumanoidRootPart_BasicSlash = Instance.new("Pose")
BasicSlash_k3_HumanoidRootPart_BasicSlash.Name = "BasicSlash"
BasicSlash_k3_HumanoidRootPart_BasicSlash.CFrame = cf(0.000000, 0.000000, 0.000000, 1.000000, 0.000000, 0.000000, 0.000000, 1.000000, 0.000000, 0.000000, 0.000000, 1.000000)
BasicSlash_k3_HumanoidRootPart_BasicSlash.Parent = HumanoidRootPart_k3_HumanoidRootPart



-- Keyframe 4 (Time: 0.10000000149011612)
 keyframe4 = Instance.new("Keyframe")
keyframe4.Time = 0.10000000149011612
keyframe4.Parent = KeyframeSequence

--HumanoidRootPart
 HumanoidRootPart_k4_HumanoidRootPart = Instance.new("Pose")
HumanoidRootPart_k4_HumanoidRootPart.Name = "HumanoidRootPart"
HumanoidRootPart_k4_HumanoidRootPart.CFrame = cf(0.000000, 0.000000, 0.000000, 1.000000, 0.000000, 0.000000, 0.000000, 1.000000, 0.000000, 0.000000, 0.000000, 1.000000)
HumanoidRootPart_k4_HumanoidRootPart.Parent = keyframe4



--Torso
 Torso_k4_HumanoidRootPart_Torso = Instance.new("Pose")
Torso_k4_HumanoidRootPart_Torso.Name = "Torso"
Torso_k4_HumanoidRootPart_Torso.CFrame = cf(0.000589, -0.188890, 1.070502, 0.999962, -0.008719, 0.000717, 0.008651, 0.973238, -0.229637, 0.001305, 0.229635, 0.973276)
Torso_k4_HumanoidRootPart_Torso.Parent = HumanoidRootPart_k4_HumanoidRootPart



--Right Arm
 Right_Arm_k4_HumanoidRootPart_Torso = Instance.new("Pose")
Right_Arm_k4_HumanoidRootPart_Torso.Name = "Right Arm"
Right_Arm_k4_HumanoidRootPart_Torso.CFrame = cf(0.686538, 0.254521, 0.473237, -0.787626, -0.556584, -0.264311, -0.224370, -0.140436, 0.964332, -0.573850, 0.818836, -0.014270)
Right_Arm_k4_HumanoidRootPart_Torso.Parent = Torso_k4_HumanoidRootPart_Torso



--Left Arm
 Left_Arm_k4_HumanoidRootPart_Torso = Instance.new("Pose")
Left_Arm_k4_HumanoidRootPart_Torso.Name = "Left Arm"
Left_Arm_k4_HumanoidRootPart_Torso.CFrame = cf(-0.689764, 0.240866, 0.465379, -0.594630, 0.519474, 0.613647, 0.272158, -0.588131, 0.761598, 0.756535, 0.619878, 0.208341)
Left_Arm_k4_HumanoidRootPart_Torso.Parent = Torso_k4_HumanoidRootPart_Torso



--firebrand
 firebrand_k4_HumanoidRootPart_Torso_firebrand = Instance.new("Pose")
firebrand_k4_HumanoidRootPart_Torso_firebrand.Name = "firebrand"
firebrand_k4_HumanoidRootPart_Torso_firebrand.CFrame = cf(0.000000, 0.000000, 0.000000, 1.000000, 0.000000, 0.000000, 0.000000, 1.000000, 0.000000, 0.000000, 0.000000, 1.000000)
firebrand_k4_HumanoidRootPart_Torso_firebrand.Parent = Left_Arm_k4_HumanoidRootPart_Torso



--Right Leg
 Right_Leg_k4_HumanoidRootPart_Torso = Instance.new("Pose")
Right_Leg_k4_HumanoidRootPart_Torso.Name = "Right Leg"
Right_Leg_k4_HumanoidRootPart_Torso.CFrame = cf(-0.000384, -0.009377, -0.086909, 0.973034, -0.223950, -0.055233, 0.230624, 0.948796, 0.215868, 0.004062, -0.222785, 0.974859)
Right_Leg_k4_HumanoidRootPart_Torso.Parent = Torso_k4_HumanoidRootPart_Torso



--Left Leg
 Left_Leg_k4_HumanoidRootPart_Torso = Instance.new("Pose")
Left_Leg_k4_HumanoidRootPart_Torso.Name = "Left Leg"
Left_Leg_k4_HumanoidRootPart_Torso.CFrame = cf(0.053270, -0.049900, 0.018497, 0.974482, 0.221487, 0.036441, -0.224164, 0.951864, 0.209058, 0.011617, -0.211892, 0.977224)
Left_Leg_k4_HumanoidRootPart_Torso.Parent = Torso_k4_HumanoidRootPart_Torso



--Head
 Head_k4_HumanoidRootPart_Torso_Head = Instance.new("Pose")
Head_k4_HumanoidRootPart_Torso_Head.Name = "Head"
Head_k4_HumanoidRootPart_Torso_Head.CFrame = cf(0.000000, 0.000000, 0.016662, 0.999999, -0.000755, -0.001173, 0.000795, 0.999397, 0.034714, 0.001146, -0.034715, 0.999397)
Head_k4_HumanoidRootPart_Torso_Head.Parent = Torso_k4_HumanoidRootPart_Torso



--Left Eyec
 Left_Eyec_k4_HumanoidRootPart_Torso_Head_Left Eyec = Instance.new("Pose")
Left_Eyec_k4_HumanoidRootPart_Torso_Head_Left Eyec.Name = "Left Eyec"
Left_Eyec_k4_HumanoidRootPart_Torso_Head_Left Eyec.CFrame = cf(0.000000, 0.000000, 0.000000, 1.000000, 0.000000, 0.000000, 0.000000, 1.000000, 0.000000, 0.000000, 0.000000, 1.000000)
Left_Eyec_k4_HumanoidRootPart_Torso_Head_Left Eyec.Parent = Head_k4_HumanoidRootPart_Torso_Head



--Right Eyec
 Right_Eyec_k4_HumanoidRootPart_Torso_Head_Right Eyec = Instance.new("Pose")
Right_Eyec_k4_HumanoidRootPart_Torso_Head_Right Eyec.Name = "Right Eyec"
Right_Eyec_k4_HumanoidRootPart_Torso_Head_Right Eyec.CFrame = cf(0.000000, 0.000000, 0.000000, 1.000000, 0.000000, 0.000000, 0.000000, 1.000000, 0.000000, 0.000000, 0.000000, 1.000000)
Right_Eyec_k4_HumanoidRootPart_Torso_Head_Right Eyec.Parent = Head_k4_HumanoidRootPart_Torso_Head



--BasicSlash
 BasicSlash_k4_HumanoidRootPart_BasicSlash = Instance.new("Pose")
BasicSlash_k4_HumanoidRootPart_BasicSlash.Name = "BasicSlash"
BasicSlash_k4_HumanoidRootPart_BasicSlash.CFrame = cf(0.000000, 0.000000, 0.000000, 1.000000, 0.000000, 0.000000, 0.000000, 1.000000, 0.000000, 0.000000, 0.000000, 1.000000)
BasicSlash_k4_HumanoidRootPart_BasicSlash.Parent = HumanoidRootPart_k4_HumanoidRootPart



-- Keyframe 5 (Time: 0.13333334028720856)
 keyframe5 = Instance.new("Keyframe")
keyframe5.Time = 0.13333334028720856
keyframe5.Parent = KeyframeSequence

--HumanoidRootPart
 HumanoidRootPart_k5_HumanoidRootPart = Instance.new("Pose")
HumanoidRootPart_k5_HumanoidRootPart.Name = "HumanoidRootPart"
HumanoidRootPart_k5_HumanoidRootPart.CFrame = cf(0.000000, 0.000000, 0.000000, 1.000000, 0.000000, 0.000000, 0.000000, 1.000000, 0.000000, 0.000000, 0.000000, 1.000000)
HumanoidRootPart_k5_HumanoidRootPart.Parent = keyframe5



--Torso
 Torso_k5_HumanoidRootPart_Torso = Instance.new("Pose")
Torso_k5_HumanoidRootPart_Torso.Name = "Torso"
Torso_k5_HumanoidRootPart_Torso.CFrame = cf(-0.009581, 0.123211, 1.314280, 0.999997, -0.001717, -0.001713, 0.001930, 0.991091, 0.133174, 0.001469, -0.133177, 0.991091)
Torso_k5_HumanoidRootPart_Torso.Parent = HumanoidRootPart_k5_HumanoidRootPart



--Right Arm
 Right_Arm_k5_HumanoidRootPart_Torso = Instance.new("Pose")
Right_Arm_k5_HumanoidRootPart_Torso.Name = "Right Arm"
Right_Arm_k5_HumanoidRootPart_Torso.CFrame = cf(0.545171, 0.745914, 0.538404, -0.483020, -0.049720, -0.874196, 0.260339, -0.961391, -0.089166, -0.836011, -0.270657, 0.477316)
Right_Arm_k5_HumanoidRootPart_Torso.Parent = Torso_k5_HumanoidRootPart_Torso



--Left Arm
 Left_Arm_k5_HumanoidRootPart_Torso = Instance.new("Pose")
Left_Arm_k5_HumanoidRootPart_Torso.Name = "Left Arm"
Left_Arm_k5_HumanoidRootPart_Torso.CFrame = cf(-0.546224, 0.747406, 0.535272, -0.468194, 0.019489, 0.883411, -0.336845, -0.928201, -0.158045, 0.816902, -0.371568, 0.441143)
Left_Arm_k5_HumanoidRootPart_Torso.Parent = Torso_k5_HumanoidRootPart_Torso



--firebrand
 firebrand_k5_HumanoidRootPart_Torso_firebrand = Instance.new("Pose")
firebrand_k5_HumanoidRootPart_Torso_firebrand.Name = "firebrand"
firebrand_k5_HumanoidRootPart_Torso_firebrand.CFrame = cf(0.000000, 0.000000, 0.000000, 1.000000, 0.000000, 0.000000, 0.000000, 1.000000, 0.000000, 0.000000, 0.000000, 1.000000)
firebrand_k5_HumanoidRootPart_Torso_firebrand.Parent = Left_Arm_k5_HumanoidRootPart_Torso



--Right Leg
 Right_Leg_k5_HumanoidRootPart_Torso = Instance.new("Pose")
Right_Leg_k5_HumanoidRootPart_Torso.Name = "Right Leg"
Right_Leg_k5_HumanoidRootPart_Torso.CFrame = cf(0.014825, 0.095511, 0.051766, 0.989596, 0.130832, 0.059862, -0.143866, 0.904886, 0.400604, -0.001756, -0.405048, 0.914294)
Right_Leg_k5_HumanoidRootPart_Torso.Parent = Torso_k5_HumanoidRootPart_Torso



--Left Leg
 Left_Leg_k5_HumanoidRootPart_Torso = Instance.new("Pose")
Left_Leg_k5_HumanoidRootPart_Torso.Name = "Left Leg"
Left_Leg_k5_HumanoidRootPart_Torso.CFrame = cf(0.037129, 0.057940, 0.063303, 0.987637, -0.144916, -0.059772, 0.156759, 0.913115, 0.376360, 0.000038, -0.381077, 0.924543)
Left_Leg_k5_HumanoidRootPart_Torso.Parent = Torso_k5_HumanoidRootPart_Torso



--Head
 Head_k5_HumanoidRootPart_Torso_Head = Instance.new("Pose")
Head_k5_HumanoidRootPart_Torso_Head.Name = "Head"
Head_k5_HumanoidRootPart_Torso_Head.CFrame = cf(0.000000, 0.000000, 0.016662, 0.999964, -0.008364, 0.001387, 0.007573, 0.954706, 0.297454, -0.003812, -0.297432, 0.954735)
Head_k5_HumanoidRootPart_Torso_Head.Parent = Torso_k5_HumanoidRootPart_Torso



--Left Eyec
 Left_Eyec_k5_HumanoidRootPart_Torso_Head_Left Eyec = Instance.new("Pose")
Left_Eyec_k5_HumanoidRootPart_Torso_Head_Left Eyec.Name = "Left Eyec"
Left_Eyec_k5_HumanoidRootPart_Torso_Head_Left Eyec.CFrame = cf(0.000000, 0.000000, 0.000000, 1.000000, 0.000000, 0.000000, 0.000000, 1.000000, 0.000000, 0.000000, 0.000000, 1.000000)
Left_Eyec_k5_HumanoidRootPart_Torso_Head_Left Eyec.Parent = Head_k5_HumanoidRootPart_Torso_Head



--Right Eyec
 Right_Eyec_k5_HumanoidRootPart_Torso_Head_Right Eyec = Instance.new("Pose")
Right_Eyec_k5_HumanoidRootPart_Torso_Head_Right Eyec.Name = "Right Eyec"
Right_Eyec_k5_HumanoidRootPart_Torso_Head_Right Eyec.CFrame = cf(0.000000, 0.000000, 0.000000, 1.000000, 0.000000, 0.000000, 0.000000, 1.000000, 0.000000, 0.000000, 0.000000, 1.000000)
Right_Eyec_k5_HumanoidRootPart_Torso_Head_Right Eyec.Parent = Head_k5_HumanoidRootPart_Torso_Head



--BasicSlash
 BasicSlash_k5_HumanoidRootPart_BasicSlash = Instance.new("Pose")
BasicSlash_k5_HumanoidRootPart_BasicSlash.Name = "BasicSlash"
BasicSlash_k5_HumanoidRootPart_BasicSlash.CFrame = cf(0.000000, 0.000000, 0.000000, 1.000000, 0.000000, 0.000000, 0.000000, 1.000000, 0.000000, 0.000000, 0.000000, 1.000000)
BasicSlash_k5_HumanoidRootPart_BasicSlash.Parent = HumanoidRootPart_k5_HumanoidRootPart



-- Keyframe 6 (Time: 0.1666666716337204)
 keyframe6 = Instance.new("Keyframe")
keyframe6.Time = 0.1666666716337204
keyframe6.Parent = KeyframeSequence

--HumanoidRootPart
 HumanoidRootPart_k6_HumanoidRootPart = Instance.new("Pose")
HumanoidRootPart_k6_HumanoidRootPart.Name = "HumanoidRootPart"
HumanoidRootPart_k6_HumanoidRootPart.CFrame = cf(0.000000, 0.000000, 0.000000, 1.000000, 0.000000, 0.000000, 0.000000, 1.000000, 0.000000, 0.000000, 0.000000, 1.000000)
HumanoidRootPart_k6_HumanoidRootPart.Parent = keyframe6



--Torso
 Torso_k6_HumanoidRootPart_Torso = Instance.new("Pose")
Torso_k6_HumanoidRootPart_Torso.Name = "Torso"
Torso_k6_HumanoidRootPart_Torso.CFrame = cf(-0.009581, 0.123211, 1.314280, 0.999997, -0.001717, -0.001713, 0.001930, 0.991091, 0.133174, 0.001469, -0.133177, 0.991091)
Torso_k6_HumanoidRootPart_Torso.Parent = HumanoidRootPart_k6_HumanoidRootPart



--Right Arm
 Right_Arm_k6_HumanoidRootPart_Torso = Instance.new("Pose")
Right_Arm_k6_HumanoidRootPart_Torso.Name = "Right Arm"
Right_Arm_k6_HumanoidRootPart_Torso.CFrame = cf(0.545171, 0.745914, 0.538404, -0.483020, -0.049720, -0.874196, 0.260339, -0.961391, -0.089166, -0.836011, -0.270657, 0.477316)
Right_Arm_k6_HumanoidRootPart_Torso.Parent = Torso_k6_HumanoidRootPart_Torso



--Left Arm
 Left_Arm_k6_HumanoidRootPart_Torso = Instance.new("Pose")
Left_Arm_k6_HumanoidRootPart_Torso.Name = "Left Arm"
Left_Arm_k6_HumanoidRootPart_Torso.CFrame = cf(-0.546224, 0.747406, 0.535272, -0.468194, 0.019489, 0.883411, -0.336845, -0.928201, -0.158045, 0.816902, -0.371568, 0.441143)
Left_Arm_k6_HumanoidRootPart_Torso.Parent = Torso_k6_HumanoidRootPart_Torso



--firebrand
 firebrand_k6_HumanoidRootPart_Torso_firebrand = Instance.new("Pose")
firebrand_k6_HumanoidRootPart_Torso_firebrand.Name = "firebrand"
firebrand_k6_HumanoidRootPart_Torso_firebrand.CFrame = cf(0.000000, 0.000000, 0.000000, 1.000000, 0.000000, 0.000000, 0.000000, 1.000000, 0.000000, 0.000000, 0.000000, 1.000000)
firebrand_k6_HumanoidRootPart_Torso_firebrand.Parent = Left_Arm_k6_HumanoidRootPart_Torso



--Right Leg
 Right_Leg_k6_HumanoidRootPart_Torso = Instance.new("Pose")
Right_Leg_k6_HumanoidRootPart_Torso.Name = "Right Leg"
Right_Leg_k6_HumanoidRootPart_Torso.CFrame = cf(0.014825, 0.095511, 0.051766, 0.989596, 0.130832, 0.059862, -0.143866, 0.904886, 0.400604, -0.001756, -0.405048, 0.914294)
Right_Leg_k6_HumanoidRootPart_Torso.Parent = Torso_k6_HumanoidRootPart_Torso



--Left Leg
 Left_Leg_k6_HumanoidRootPart_Torso = Instance.new("Pose")
Left_Leg_k6_HumanoidRootPart_Torso.Name = "Left Leg"
Left_Leg_k6_HumanoidRootPart_Torso.CFrame = cf(0.037129, 0.057940, 0.063303, 0.987637, -0.144916, -0.059772, 0.156759, 0.913115, 0.376360, 0.000038, -0.381077, 0.924543)
Left_Leg_k6_HumanoidRootPart_Torso.Parent = Torso_k6_HumanoidRootPart_Torso



--Head
 Head_k6_HumanoidRootPart_Torso_Head = Instance.new("Pose")
Head_k6_HumanoidRootPart_Torso_Head.Name = "Head"
Head_k6_HumanoidRootPart_Torso_Head.CFrame = cf(0.000000, 0.000000, 0.016662, 0.999964, -0.008364, 0.001387, 0.007573, 0.954706, 0.297454, -0.003812, -0.297432, 0.954735)
Head_k6_HumanoidRootPart_Torso_Head.Parent = Torso_k6_HumanoidRootPart_Torso



--Left Eyec
 Left_Eyec_k6_HumanoidRootPart_Torso_Head_Left Eyec = Instance.new("Pose")
Left_Eyec_k6_HumanoidRootPart_Torso_Head_Left Eyec.Name = "Left Eyec"
Left_Eyec_k6_HumanoidRootPart_Torso_Head_Left Eyec.CFrame = cf(0.000000, 0.000000, 0.000000, 1.000000, 0.000000, 0.000000, 0.000000, 1.000000, 0.000000, 0.000000, 0.000000, 1.000000)
Left_Eyec_k6_HumanoidRootPart_Torso_Head_Left Eyec.Parent = Head_k6_HumanoidRootPart_Torso_Head



--Right Eyec
 Right_Eyec_k6_HumanoidRootPart_Torso_Head_Right Eyec = Instance.new("Pose")
Right_Eyec_k6_HumanoidRootPart_Torso_Head_Right Eyec.Name = "Right Eyec"
Right_Eyec_k6_HumanoidRootPart_Torso_Head_Right Eyec.CFrame = cf(0.000000, 0.000000, 0.000000, 1.000000, 0.000000, 0.000000, 0.000000, 1.000000, 0.000000, 0.000000, 0.000000, 1.000000)
Right_Eyec_k6_HumanoidRootPart_Torso_Head_Right Eyec.Parent = Head_k6_HumanoidRootPart_Torso_Head



--BasicSlash
 BasicSlash_k6_HumanoidRootPart_BasicSlash = Instance.new("Pose")
BasicSlash_k6_HumanoidRootPart_BasicSlash.Name = "BasicSlash"
BasicSlash_k6_HumanoidRootPart_BasicSlash.CFrame = cf(0.000000, 0.000000, 0.000000, 1.000000, 0.000000, 0.000000, 0.000000, 1.000000, 0.000000, 0.000000, 0.000000, 1.000000)
BasicSlash_k6_HumanoidRootPart_BasicSlash.Parent = HumanoidRootPart_k6_HumanoidRootPart



-- Keyframe 7 (Time: 0.20000000298023224)
 keyframe7 = Instance.new("Keyframe")
keyframe7.Time = 0.20000000298023224
keyframe7.Parent = KeyframeSequence

--HumanoidRootPart
 HumanoidRootPart_k7_HumanoidRootPart = Instance.new("Pose")
HumanoidRootPart_k7_HumanoidRootPart.Name = "HumanoidRootPart"
HumanoidRootPart_k7_HumanoidRootPart.CFrame = cf(0.000000, 0.000000, 0.000000, 1.000000, 0.000000, 0.000000, 0.000000, 1.000000, 0.000000, 0.000000, 0.000000, 1.000000)
HumanoidRootPart_k7_HumanoidRootPart.Parent = keyframe7



--Torso
 Torso_k7_HumanoidRootPart_Torso = Instance.new("Pose")
Torso_k7_HumanoidRootPart_Torso.Name = "Torso"
Torso_k7_HumanoidRootPart_Torso.CFrame = cf(-0.009581, 0.123211, 1.314280, 0.999997, -0.001717, -0.001713, 0.001930, 0.991091, 0.133174, 0.001469, -0.133177, 0.991091)
Torso_k7_HumanoidRootPart_Torso.Parent = HumanoidRootPart_k7_HumanoidRootPart



--Right Arm
 Right_Arm_k7_HumanoidRootPart_Torso = Instance.new("Pose")
Right_Arm_k7_HumanoidRootPart_Torso.Name = "Right Arm"
Right_Arm_k7_HumanoidRootPart_Torso.CFrame = cf(0.529650, 0.640948, 0.651872, -0.374370, -0.030258, -0.926786, 0.527796, -0.828723, -0.186144, -0.762416, -0.558841, 0.326219)
Right_Arm_k7_HumanoidRootPart_Torso.Parent = Torso_k7_HumanoidRootPart_Torso



--Left Arm
 Left_Arm_k7_HumanoidRootPart_Torso = Instance.new("Pose")
Left_Arm_k7_HumanoidRootPart_Torso.Name = "Left Arm"
Left_Arm_k7_HumanoidRootPart_Torso.CFrame = cf(-0.530158, 0.641978, 0.650711, -0.371169, 0.015176, 0.928441, -0.559285, -0.801809, -0.210482, 0.741238, -0.597388, 0.306095)
Left_Arm_k7_HumanoidRootPart_Torso.Parent = Torso_k7_HumanoidRootPart_Torso



--firebrand
 firebrand_k7_HumanoidRootPart_Torso_firebrand = Instance.new("Pose")
firebrand_k7_HumanoidRootPart_Torso_firebrand.Name = "firebrand"
firebrand_k7_HumanoidRootPart_Torso_firebrand.CFrame = cf(0.000000, 0.000000, 0.000000, 1.000000, 0.000000, 0.000000, 0.000000, 1.000000, 0.000000, 0.000000, 0.000000, 1.000000)
firebrand_k7_HumanoidRootPart_Torso_firebrand.Parent = Left_Arm_k7_HumanoidRootPart_Torso



--Right Leg
 Right_Leg_k7_HumanoidRootPart_Torso = Instance.new("Pose")
Right_Leg_k7_HumanoidRootPart_Torso.Name = "Right Leg"
Right_Leg_k7_HumanoidRootPart_Torso.CFrame = cf(0.014825, 0.095511, 0.051766, 0.989596, 0.130832, 0.059862, -0.143866, 0.904886, 0.400604, -0.001756, -0.405048, 0.914294)
Right_Leg_k7_HumanoidRootPart_Torso.Parent = Torso_k7_HumanoidRootPart_Torso



--Left Leg
 Left_Leg_k7_HumanoidRootPart_Torso = Instance.new("Pose")
Left_Leg_k7_HumanoidRootPart_Torso.Name = "Left Leg"
Left_Leg_k7_HumanoidRootPart_Torso.CFrame = cf(0.037129, 0.057940, 0.063303, 0.987637, -0.144916, -0.059772, 0.156759, 0.913115, 0.376360, 0.000038, -0.381077, 0.924543)
Left_Leg_k7_HumanoidRootPart_Torso.Parent = Torso_k7_HumanoidRootPart_Torso



--Head
 Head_k7_HumanoidRootPart_Torso_Head = Instance.new("Pose")
Head_k7_HumanoidRootPart_Torso_Head.Name = "Head"
Head_k7_HumanoidRootPart_Torso_Head.CFrame = cf(0.000000, 0.000000, 0.016662, 0.999962, -0.008560, 0.001479, 0.007349, 0.924374, 0.381418, -0.004632, -0.381393, 0.924402)
Head_k7_HumanoidRootPart_Torso_Head.Parent = Torso_k7_HumanoidRootPart_Torso



--Left Eyec
 Left_Eyec_k7_HumanoidRootPart_Torso_Head_Left Eyec = Instance.new("Pose")
Left_Eyec_k7_HumanoidRootPart_Torso_Head_Left Eyec.Name = "Left Eyec"
Left_Eyec_k7_HumanoidRootPart_Torso_Head_Left Eyec.CFrame = cf(0.000000, 0.000000, 0.000000, 1.000000, 0.000000, 0.000000, 0.000000, 1.000000, 0.000000, 0.000000, 0.000000, 1.000000)
Left_Eyec_k7_HumanoidRootPart_Torso_Head_Left Eyec.Parent = Head_k7_HumanoidRootPart_Torso_Head



--Right Eyec
 Right_Eyec_k7_HumanoidRootPart_Torso_Head_Right Eyec = Instance.new("Pose")
Right_Eyec_k7_HumanoidRootPart_Torso_Head_Right Eyec.Name = "Right Eyec"
Right_Eyec_k7_HumanoidRootPart_Torso_Head_Right Eyec.CFrame = cf(0.000000, 0.000000, 0.000000, 1.000000, 0.000000, 0.000000, 0.000000, 1.000000, 0.000000, 0.000000, 0.000000, 1.000000)
Right_Eyec_k7_HumanoidRootPart_Torso_Head_Right Eyec.Parent = Head_k7_HumanoidRootPart_Torso_Head



--BasicSlash
 BasicSlash_k7_HumanoidRootPart_BasicSlash = Instance.new("Pose")
BasicSlash_k7_HumanoidRootPart_BasicSlash.Name = "BasicSlash"
BasicSlash_k7_HumanoidRootPart_BasicSlash.CFrame = cf(0.000000, 0.000000, 0.000000, 1.000000, 0.000000, 0.000000, 0.000000, 1.000000, 0.000000, 0.000000, 0.000000, 1.000000)
BasicSlash_k7_HumanoidRootPart_BasicSlash.Parent = HumanoidRootPart_k7_HumanoidRootPart



-- Keyframe 8 (Time: 0.23333333432674408)
 keyframe8 = Instance.new("Keyframe")
keyframe8.Time = 0.23333333432674408
keyframe8.Parent = KeyframeSequence

--HumanoidRootPart
 HumanoidRootPart_k8_HumanoidRootPart = Instance.new("Pose")
HumanoidRootPart_k8_HumanoidRootPart.Name = "HumanoidRootPart"
HumanoidRootPart_k8_HumanoidRootPart.CFrame = cf(0.000000, 0.000000, 0.000000, 1.000000, 0.000000, 0.000000, 0.000000, 1.000000, 0.000000, 0.000000, 0.000000, 1.000000)
HumanoidRootPart_k8_HumanoidRootPart.Parent = keyframe8



--Torso
 Torso_k8_HumanoidRootPart_Torso = Instance.new("Pose")
Torso_k8_HumanoidRootPart_Torso.Name = "Torso"
Torso_k8_HumanoidRootPart_Torso.CFrame = cf(-0.009581, 0.123211, 1.314280, 0.999997, -0.001717, -0.001713, 0.001930, 0.991091, 0.133174, 0.001469, -0.133177, 0.991091)
Torso_k8_HumanoidRootPart_Torso.Parent = HumanoidRootPart_k8_HumanoidRootPart



--Right Arm
 Right_Arm_k8_HumanoidRootPart_Torso = Instance.new("Pose")
Right_Arm_k8_HumanoidRootPart_Torso.Name = "Right Arm"
Right_Arm_k8_HumanoidRootPart_Torso.CFrame = cf(0.529650, 0.640948, 0.651872, -0.374370, -0.030258, -0.926786, 0.527796, -0.828723, -0.186144, -0.762416, -0.558841, 0.326219)
Right_Arm_k8_HumanoidRootPart_Torso.Parent = Torso_k8_HumanoidRootPart_Torso



--Left Arm
 Left_Arm_k8_HumanoidRootPart_Torso = Instance.new("Pose")
Left_Arm_k8_HumanoidRootPart_Torso.Name = "Left Arm"
Left_Arm_k8_HumanoidRootPart_Torso.CFrame = cf(-0.530158, 0.641978, 0.650711, -0.371169, 0.015176, 0.928441, -0.559285, -0.801809, -0.210482, 0.741238, -0.597388, 0.306095)
Left_Arm_k8_HumanoidRootPart_Torso.Parent = Torso_k8_HumanoidRootPart_Torso



--firebrand
 firebrand_k8_HumanoidRootPart_Torso_firebrand = Instance.new("Pose")
firebrand_k8_HumanoidRootPart_Torso_firebrand.Name = "firebrand"
firebrand_k8_HumanoidRootPart_Torso_firebrand.CFrame = cf(0.000000, 0.000000, 0.000000, 1.000000, 0.000000, 0.000000, 0.000000, 1.000000, 0.000000, 0.000000, 0.000000, 1.000000)
firebrand_k8_HumanoidRootPart_Torso_firebrand.Parent = Left_Arm_k8_HumanoidRootPart_Torso



--Right Leg
 Right_Leg_k8_HumanoidRootPart_Torso = Instance.new("Pose")
Right_Leg_k8_HumanoidRootPart_Torso.Name = "Right Leg"
Right_Leg_k8_HumanoidRootPart_Torso.CFrame = cf(0.014825, 0.095511, 0.051766, 0.989596, 0.130832, 0.059862, -0.143866, 0.904886, 0.400604, -0.001756, -0.405048, 0.914294)
Right_Leg_k8_HumanoidRootPart_Torso.Parent = Torso_k8_HumanoidRootPart_Torso



--Left Leg
 Left_Leg_k8_HumanoidRootPart_Torso = Instance.new("Pose")
Left_Leg_k8_HumanoidRootPart_Torso.Name = "Left Leg"
Left_Leg_k8_HumanoidRootPart_Torso.CFrame = cf(0.037129, 0.057940, 0.063303, 0.987637, -0.144916, -0.059772, 0.156759, 0.913115, 0.376360, 0.000038, -0.381077, 0.924543)
Left_Leg_k8_HumanoidRootPart_Torso.Parent = Torso_k8_HumanoidRootPart_Torso



--Head
 Head_k8_HumanoidRootPart_Torso_Head = Instance.new("Pose")
Head_k8_HumanoidRootPart_Torso_Head.Name = "Head"
Head_k8_HumanoidRootPart_Torso_Head.CFrame = cf(0.000000, 0.000000, 0.016662, 0.999962, -0.008560, 0.001479, 0.007349, 0.924374, 0.381418, -0.004632, -0.381393, 0.924402)
Head_k8_HumanoidRootPart_Torso_Head.Parent = Torso_k8_HumanoidRootPart_Torso



--Left Eyec
 Left_Eyec_k8_HumanoidRootPart_Torso_Head_Left Eyec = Instance.new("Pose")
Left_Eyec_k8_HumanoidRootPart_Torso_Head_Left Eyec.Name = "Left Eyec"
Left_Eyec_k8_HumanoidRootPart_Torso_Head_Left Eyec.CFrame = cf(0.000000, 0.000000, 0.000000, 1.000000, 0.000000, 0.000000, 0.000000, 1.000000, 0.000000, 0.000000, 0.000000, 1.000000)
Left_Eyec_k8_HumanoidRootPart_Torso_Head_Left Eyec.Parent = Head_k8_HumanoidRootPart_Torso_Head



--Right Eyec
 Right_Eyec_k8_HumanoidRootPart_Torso_Head_Right Eyec = Instance.new("Pose")
Right_Eyec_k8_HumanoidRootPart_Torso_Head_Right Eyec.Name = "Right Eyec"
Right_Eyec_k8_HumanoidRootPart_Torso_Head_Right Eyec.CFrame = cf(0.000000, 0.000000, 0.000000, 1.000000, 0.000000, 0.000000, 0.000000, 1.000000, 0.000000, 0.000000, 0.000000, 1.000000)
Right_Eyec_k8_HumanoidRootPart_Torso_Head_Right Eyec.Parent = Head_k8_HumanoidRootPart_Torso_Head



--BasicSlash
 BasicSlash_k8_HumanoidRootPart_BasicSlash = Instance.new("Pose")
BasicSlash_k8_HumanoidRootPart_BasicSlash.Name = "BasicSlash"
BasicSlash_k8_HumanoidRootPart_BasicSlash.CFrame = cf(0.000000, 0.000000, 0.000000, 1.000000, 0.000000, 0.000000, 0.000000, 1.000000, 0.000000, 0.000000, 0.000000, 1.000000)
BasicSlash_k8_HumanoidRootPart_BasicSlash.Parent = HumanoidRootPart_k8_HumanoidRootPart



-- Keyframe 9 (Time: 0.2666666805744171)
 keyframe9 = Instance.new("Keyframe")
keyframe9.Time = 0.2666666805744171
keyframe9.Parent = KeyframeSequence

--HumanoidRootPart
 HumanoidRootPart_k9_HumanoidRootPart = Instance.new("Pose")
HumanoidRootPart_k9_HumanoidRootPart.Name = "HumanoidRootPart"
HumanoidRootPart_k9_HumanoidRootPart.CFrame = cf(0.000000, 0.000000, 0.000000, 1.000000, 0.000000, 0.000000, 0.000000, 1.000000, 0.000000, 0.000000, 0.000000, 1.000000)
HumanoidRootPart_k9_HumanoidRootPart.Parent = keyframe9



--Torso
 Torso_k9_HumanoidRootPart_Torso = Instance.new("Pose")
Torso_k9_HumanoidRootPart_Torso.Name = "Torso"
Torso_k9_HumanoidRootPart_Torso.CFrame = cf(-0.014073, 0.151067, 1.150023, 0.999715, -0.016656, -0.017109, 0.019517, 0.982797, 0.183654, 0.013756, -0.183936, 0.982842)
Torso_k9_HumanoidRootPart_Torso.Parent = HumanoidRootPart_k9_HumanoidRootPart



--Right Arm
 Right_Arm_k9_HumanoidRootPart_Torso = Instance.new("Pose")
Right_Arm_k9_HumanoidRootPart_Torso.Name = "Right Arm"
Right_Arm_k9_HumanoidRootPart_Torso.CFrame = cf(0.372675, 0.084858, 0.750862, 0.227199, 0.170117, -0.958875, 0.887830, -0.440785, 0.132164, -0.400174, -0.881345, -0.251180)
Right_Arm_k9_HumanoidRootPart_Torso.Parent = Torso_k9_HumanoidRootPart_Torso



--Left Arm
 Left_Arm_k9_HumanoidRootPart_Torso = Instance.new("Pose")
Left_Arm_k9_HumanoidRootPart_Torso.Name = "Left Arm"
Left_Arm_k9_HumanoidRootPart_Torso.CFrame = cf(-0.372674, 0.084858, 0.750863, 0.227199, -0.170117, 0.958875, -0.887830, -0.440785, 0.132164, 0.400174, -0.881345, -0.251180)
Left_Arm_k9_HumanoidRootPart_Torso.Parent = Torso_k9_HumanoidRootPart_Torso



--firebrand
 firebrand_k9_HumanoidRootPart_Torso_firebrand = Instance.new("Pose")
firebrand_k9_HumanoidRootPart_Torso_firebrand.Name = "firebrand"
firebrand_k9_HumanoidRootPart_Torso_firebrand.CFrame = cf(0.000000, 0.000000, 0.000000, 1.000000, 0.000000, 0.000000, 0.000000, 1.000000, 0.000000, 0.000000, 0.000000, 1.000000)
firebrand_k9_HumanoidRootPart_Torso_firebrand.Parent = Left_Arm_k9_HumanoidRootPart_Torso



--Right Leg
 Right_Leg_k9_HumanoidRootPart_Torso = Instance.new("Pose")
Right_Leg_k9_HumanoidRootPart_Torso.Name = "Right Leg"
Right_Leg_k9_HumanoidRootPart_Torso.CFrame = cf(0.016072, 0.099581, 0.070357, 0.977984, 0.206760, 0.028224, -0.207615, 0.950430, 0.231469, 0.021034, -0.232233, 0.972433)
Right_Leg_k9_HumanoidRootPart_Torso.Parent = Torso_k9_HumanoidRootPart_Torso



--Left Leg
 Left_Leg_k9_HumanoidRootPart_Torso = Instance.new("Pose")
Left_Leg_k9_HumanoidRootPart_Torso.Name = "Left Leg"
Left_Leg_k9_HumanoidRootPart_Torso.CFrame = cf(0.013659, 0.086896, 0.054339, 0.976315, -0.206252, -0.065336, 0.215717, 0.951142, 0.220894, 0.016584, -0.229756, 0.973107)
Left_Leg_k9_HumanoidRootPart_Torso.Parent = Torso_k9_HumanoidRootPart_Torso



--Head
 Head_k9_HumanoidRootPart_Torso_Head = Instance.new("Pose")
Head_k9_HumanoidRootPart_Torso_Head.Name = "Head"
Head_k9_HumanoidRootPart_Torso_Head.CFrame = cf(0.000000, -0.000000, 0.016662, 0.999777, 0.000133, 0.021093, -0.007496, 0.936947, 0.349393, -0.019716, -0.349473, 0.936739)
Head_k9_HumanoidRootPart_Torso_Head.Parent = Torso_k9_HumanoidRootPart_Torso



--Left Eyec
 Left_Eyec_k9_HumanoidRootPart_Torso_Head_Left Eyec = Instance.new("Pose")
Left_Eyec_k9_HumanoidRootPart_Torso_Head_Left Eyec.Name = "Left Eyec"
Left_Eyec_k9_HumanoidRootPart_Torso_Head_Left Eyec.CFrame = cf(0.000000, 0.000000, 0.000000, 1.000000, 0.000000, 0.000000, 0.000000, 1.000000, 0.000000, 0.000000, 0.000000, 1.000000)
Left_Eyec_k9_HumanoidRootPart_Torso_Head_Left Eyec.Parent = Head_k9_HumanoidRootPart_Torso_Head



--Right Eyec
 Right_Eyec_k9_HumanoidRootPart_Torso_Head_Right Eyec = Instance.new("Pose")
Right_Eyec_k9_HumanoidRootPart_Torso_Head_Right Eyec.Name = "Right Eyec"
Right_Eyec_k9_HumanoidRootPart_Torso_Head_Right Eyec.CFrame = cf(0.000000, 0.000000, 0.000000, 1.000000, 0.000000, 0.000000, 0.000000, 1.000000, 0.000000, 0.000000, 0.000000, 1.000000)
Right_Eyec_k9_HumanoidRootPart_Torso_Head_Right Eyec.Parent = Head_k9_HumanoidRootPart_Torso_Head



--BasicSlash
