-- KeyframeSequence Export: ClassC14Fixed
-- Generated on 2025-08-29 19:05:43

local KeyframeSequence = Instance.new("KeyframeSequence")
KeyframeSequence.Name = "ClassC14Fixed"
local CFrame=CFrame.new

-- Keyframe 1 (Time: 0)
local keyframe1 = Instance.new("Keyframe")
keyframe1.Time = 0
keyframe1.Parent = KeyframeSequence

--HumanoidRootPart
local HumanoidRootPart_k1_HumanoidRootPart = Instance.new("Pose")
HumanoidRootPart_k1_HumanoidRootPart.Name = "HumanoidRootPart"
HumanoidRootPart_k1_HumanoidRootPart.CFrame = CFrame(0.000000, 0.000000, 0.000000, 1.000000, 0.000000, 0.000000, 0.000000, 1.000000, 0.000000, 0.000000, 0.000000, 1.000000)
HumanoidRootPart_k1_HumanoidRootPart.Parent = keyframe1



--Torso
local Torso_k1_HumanoidRootPart_Torso = Instance.new("Pose")
Torso_k1_HumanoidRootPart_Torso.Name = "Torso"
Torso_k1_HumanoidRootPart_Torso.CFrame = CFrame(0.000000, 0.000000, -0.000000, 1.000000, 0.000000, -0.000000, -0.000000, 0.999962, -0.008687, 0.000000, 0.008687, 0.999962)
Torso_k1_HumanoidRootPart_Torso.Parent = HumanoidRootPart_k1_HumanoidRootPart



--Head
local Head_k1_HumanoidRootPart_Torso_Head = Instance.new("Pose")
Head_k1_HumanoidRootPart_Torso_Head.Name = "Head"
Head_k1_HumanoidRootPart_Torso_Head.CFrame = CFrame(0.000000, 0.000000, 0.000000, 1.000000, -0.000000, 0.000000, 0.000000, 0.999962, 0.008687, -0.000000, -0.008687, 0.999962)
Head_k1_HumanoidRootPart_Torso_Head.Parent = Torso_k1_HumanoidRootPart_Torso



--Left Leg
local Left_Leg_k1_HumanoidRootPart_Torso_Left_Leg = Instance.new("Pose")
Left_Leg_k1_HumanoidRootPart_Torso_Left_Leg.Name = "Left Leg"
Left_Leg_k1_HumanoidRootPart_Torso_Left_Leg.CFrame = CFrame(-0.004462, 0.000067, -0.000000, 0.999906, 0.013689, 0.000000, -0.013689, 0.999906, -0.000000, -0.000000, 0.000000, 1.000000)
Left_Leg_k1_HumanoidRootPart_Torso_Left_Leg.Parent = Torso_k1_HumanoidRootPart_Torso



--Right Arm
local Right_Arm_k1_HumanoidRootPart_Torso_Right_Arm = Instance.new("Pose")
Right_Arm_k1_HumanoidRootPart_Torso_Right_Arm.Name = "Right Arm"
Right_Arm_k1_HumanoidRootPart_Torso_Right_Arm.CFrame = CFrame(0.164417, -0.072689, 0.063197, 0.996236, 0.082422, -0.026848, -0.086633, 0.936076, -0.340965, -0.002971, 0.342007, 0.939693)
Right_Arm_k1_HumanoidRootPart_Torso_Right_Arm.Parent = Torso_k1_HumanoidRootPart_Torso



--Right Leg
local Right_Leg_k1_HumanoidRootPart_Torso_Right_Leg = Instance.new("Pose")
Right_Leg_k1_HumanoidRootPart_Torso_Right_Leg.Name = "Right Leg"
Right_Leg_k1_HumanoidRootPart_Torso_Right_Leg.CFrame = CFrame(0.004411, 0.000066, 0.000000, 0.999909, -0.013479, 0.000000, 0.013478, 0.999909, 0.000000, -0.000000, -0.000000, 1.000000)
Right_Leg_k1_HumanoidRootPart_Torso_Right_Leg.Parent = Torso_k1_HumanoidRootPart_Torso



--Left Arm
local Left_Arm_k1_HumanoidRootPart_Torso_Left_Arm = Instance.new("Pose")
Left_Arm_k1_HumanoidRootPart_Torso_Left_Arm.Name = "Left Arm"
Left_Arm_k1_HumanoidRootPart_Torso_Left_Arm.CFrame = CFrame(-0.164418, -0.072689, 0.063197, 0.996236, -0.082422, 0.026848, 0.086633, 0.936076, -0.340965, 0.002971, 0.342007, 0.939693)
Left_Arm_k1_HumanoidRootPart_Torso_Left_Arm.Parent = Torso_k1_HumanoidRootPart_Torso



-- Keyframe 2 (Time: 0.11666666716337204)
 keyframe2 = Instance.new("Keyframe")
keyframe2.Time = 0.11666666716337204
keyframe2.Parent = KeyframeSequence

--HumanoidRootPart
 HumanoidRootPart_k2_HumanoidRootPart = Instance.new("Pose")
HumanoidRootPart_k2_HumanoidRootPart.Name = "HumanoidRootPart"
HumanoidRootPart_k2_HumanoidRootPart.CFrame = CFrame(0.000000, 0.000000, 0.000000, 1.000000, 0.000000, 0.000000, 0.000000, 1.000000, 0.000000, 0.000000, 0.000000, 1.000000)
HumanoidRootPart_k2_HumanoidRootPart.Parent = keyframe2



--Torso
 Torso_k2_HumanoidRootPart_Torso = Instance.new("Pose")
Torso_k2_HumanoidRootPart_Torso.Name = "Torso"
Torso_k2_HumanoidRootPart_Torso.CFrame = CFrame(0.000000, 0.000000, -0.000000, 1.000000, 0.000000, -0.000000, -0.000000, 0.999962, -0.008687, 0.000000, 0.008687, 0.999962)
Torso_k2_HumanoidRootPart_Torso.Parent = HumanoidRootPart_k2_HumanoidRootPart



--Head
 Head_k2_HumanoidRootPart_Torso_Head = Instance.new("Pose")
Head_k2_HumanoidRootPart_Torso_Head.Name = "Head"
Head_k2_HumanoidRootPart_Torso_Head.CFrame = CFrame(0.000000, 0.000000, 0.000000, 1.000000, -0.000000, 0.000000, 0.000000, 0.999962, 0.008687, -0.000000, -0.008687, 0.999962)
Head_k2_HumanoidRootPart_Torso_Head.Parent = Torso_k2_HumanoidRootPart_Torso



--Left Leg
 Left_Leg_k2_HumanoidRootPart_Torso_Left_Leg = Instance.new("Pose")
Left_Leg_k2_HumanoidRootPart_Torso_Left_Leg.Name = "Left Leg"
Left_Leg_k2_HumanoidRootPart_Torso_Left_Leg.CFrame = CFrame(-0.004462, 0.000067, -0.000000, 0.999906, 0.013689, 0.000000, -0.013689, 0.999906, -0.000000, -0.000000, 0.000000, 1.000000)
Left_Leg_k2_HumanoidRootPart_Torso_Left_Leg.Parent = Torso_k2_HumanoidRootPart_Torso



--Right Arm
 Right_Arm_k2_HumanoidRootPart_Torso_Right_Arm = Instance.new("Pose")
Right_Arm_k2_HumanoidRootPart_Torso_Right_Arm.Name = "Right Arm"
Right_Arm_k2_HumanoidRootPart_Torso_Right_Arm.CFrame = CFrame(0.164417, -0.072689, 0.063197, 0.996236, 0.082422, -0.026848, -0.086633, 0.936076, -0.340965, -0.002971, 0.342007, 0.939693)
Right_Arm_k2_HumanoidRootPart_Torso_Right_Arm.Parent = Torso_k2_HumanoidRootPart_Torso



--Right Leg
 Right_Leg_k2_HumanoidRootPart_Torso_Right_Leg = Instance.new("Pose")
Right_Leg_k2_HumanoidRootPart_Torso_Right_Leg.Name = "Right Leg"
Right_Leg_k2_HumanoidRootPart_Torso_Right_Leg.CFrame = CFrame(0.004411, 0.000066, 0.000000, 0.999909, -0.013479, 0.000000, 0.013478, 0.999909, 0.000000, -0.000000, -0.000000, 1.000000)
Right_Leg_k2_HumanoidRootPart_Torso_Right_Leg.Parent = Torso_k2_HumanoidRootPart_Torso



--Left Arm
 Left_Arm_k2_HumanoidRootPart_Torso_Left_Arm = Instance.new("Pose")
Left_Arm_k2_HumanoidRootPart_Torso_Left_Arm.Name = "Left Arm"
Left_Arm_k2_HumanoidRootPart_Torso_Left_Arm.CFrame = CFrame(-0.164418, -0.072689, 0.063197, 0.996236, -0.082422, 0.026848, 0.086633, 0.936076, -0.340965, 0.002971, 0.342007, 0.939693)
Left_Arm_k2_HumanoidRootPart_Torso_Left_Arm.Parent = Torso_k2_HumanoidRootPart_Torso



-- Keyframe 3 (Time: 0.13333334028720856)
 keyframe3 = Instance.new("Keyframe")
keyframe3.Time = 0.13333334028720856
keyframe3.Parent = KeyframeSequence

--HumanoidRootPart
 HumanoidRootPart_k3_HumanoidRootPart = Instance.new("Pose")
HumanoidRootPart_k3_HumanoidRootPart.Name = "HumanoidRootPart"
HumanoidRootPart_k3_HumanoidRootPart.CFrame = CFrame(0.000000, 0.000000, 0.000000, 1.000000, 0.000000, 0.000000, 0.000000, 1.000000, 0.000000, 0.000000, 0.000000, 1.000000)
HumanoidRootPart_k3_HumanoidRootPart.Parent = keyframe3



--Torso
 Torso_k3_HumanoidRootPart_Torso = Instance.new("Pose")
Torso_k3_HumanoidRootPart_Torso.Name = "Torso"
Torso_k3_HumanoidRootPart_Torso.CFrame = CFrame(0.137358, 0.000000, -0.039245, 0.998038, 0.058961, -0.021049, -0.059141, 0.998217, -0.008064, 0.020536, 0.009293, 0.999746)
Torso_k3_HumanoidRootPart_Torso.Parent = HumanoidRootPart_k3_HumanoidRootPart



--Head
 Head_k3_HumanoidRootPart_Torso_Head = Instance.new("Pose")
Head_k3_HumanoidRootPart_Torso_Head.Name = "Head"
Head_k3_HumanoidRootPart_Torso_Head.CFrame = CFrame(0.000000, 0.000000, 0.000000, 0.998038, -0.059141, 0.020536, 0.058961, 0.998217, 0.009293, -0.021049, -0.008064, 0.999746)
Head_k3_HumanoidRootPart_Torso_Head.Parent = Torso_k3_HumanoidRootPart_Torso



--Left Leg
 Left_Leg_k3_HumanoidRootPart_Torso_Left_Leg = Instance.new("Pose")
Left_Leg_k3_HumanoidRootPart_Torso_Left_Leg.Name = "Left Leg"
Left_Leg_k3_HumanoidRootPart_Torso_Left_Leg.CFrame = CFrame(-0.197026, -0.047917, -0.003351, 0.993946, -0.109715, -0.005794, 0.108332, 0.987474, -0.114715, 0.018307, 0.113393, 0.993382)
Left_Leg_k3_HumanoidRootPart_Torso_Left_Leg.Parent = Torso_k3_HumanoidRootPart_Torso



--Right Arm
 Right_Arm_k3_HumanoidRootPart_Torso_Right_Arm = Instance.new("Pose")
Right_Arm_k3_HumanoidRootPart_Torso_Right_Arm.Name = "Right Arm"
Right_Arm_k3_HumanoidRootPart_Torso_Right_Arm.CFrame = CFrame(0.164417, -0.072689, 0.063197, 0.996236, 0.082422, -0.026848, -0.086633, 0.936076, -0.340965, -0.002971, 0.342007, 0.939693)
Right_Arm_k3_HumanoidRootPart_Torso_Right_Arm.Parent = Torso_k3_HumanoidRootPart_Torso



--Right Leg
 Right_Leg_k3_HumanoidRootPart_Torso_Right_Leg = Instance.new("Pose")
Right_Leg_k3_HumanoidRootPart_Torso_Right_Leg.Name = "Right Leg"
Right_Leg_k3_HumanoidRootPart_Torso_Right_Leg.CFrame = CFrame(0.269136, 0.085635, -0.004976, 0.992621, 0.121115, -0.005844, -0.119651, 0.986158, 0.114788, 0.019666, -0.113242, 0.993373)
Right_Leg_k3_HumanoidRootPart_Torso_Right_Leg.Parent = Torso_k3_HumanoidRootPart_Torso



--Left Arm
 Left_Arm_k3_HumanoidRootPart_Torso_Left_Arm = Instance.new("Pose")
Left_Arm_k3_HumanoidRootPart_Torso_Left_Arm.Name = "Left Arm"
Left_Arm_k3_HumanoidRootPart_Torso_Left_Arm.CFrame = CFrame(-0.164418, -0.072690, 0.063197, 0.996236, -0.082422, 0.026848, 0.086633, 0.936076, -0.340965, 0.002971, 0.342007, 0.939693)
Left_Arm_k3_HumanoidRootPart_Torso_Left_Arm.Parent = Torso_k3_HumanoidRootPart_Torso



-- Keyframe 4 (Time: 0.18333333730697632)
 keyframe4 = Instance.new("Keyframe")
keyframe4.Time = 0.18333333730697632
keyframe4.Parent = KeyframeSequence

--HumanoidRootPart
 HumanoidRootPart_k4_HumanoidRootPart = Instance.new("Pose")
HumanoidRootPart_k4_HumanoidRootPart.Name = "HumanoidRootPart"
HumanoidRootPart_k4_HumanoidRootPart.CFrame = CFrame(0.000000, 0.000000, 0.000000, 1.000000, 0.000000, 0.000000, 0.000000, 1.000000, 0.000000, 0.000000, 0.000000, 1.000000)
HumanoidRootPart_k4_HumanoidRootPart.Parent = keyframe4



--Torso
 Torso_k4_HumanoidRootPart_Torso = Instance.new("Pose")
Torso_k4_HumanoidRootPart_Torso.Name = "Torso"
Torso_k4_HumanoidRootPart_Torso.CFrame = CFrame(0.137358, 0.000000, -0.039245, 0.998038, 0.058961, -0.021049, -0.059141, 0.998217, -0.008064, 0.020536, 0.009293, 0.999746)
Torso_k4_HumanoidRootPart_Torso.Parent = HumanoidRootPart_k4_HumanoidRootPart



--Head
 Head_k4_HumanoidRootPart_Torso_Head = Instance.new("Pose")
Head_k4_HumanoidRootPart_Torso_Head.Name = "Head"
Head_k4_HumanoidRootPart_Torso_Head.CFrame = CFrame(0.000000, 0.000000, 0.000000, 0.998038, -0.059141, 0.020536, 0.058961, 0.998217, 0.009293, -0.021049, -0.008064, 0.999746)
Head_k4_HumanoidRootPart_Torso_Head.Parent = Torso_k4_HumanoidRootPart_Torso



--Left Leg
 Left_Leg_k4_HumanoidRootPart_Torso_Left_Leg = Instance.new("Pose")
Left_Leg_k4_HumanoidRootPart_Torso_Left_Leg.Name = "Left Leg"
Left_Leg_k4_HumanoidRootPart_Torso_Left_Leg.CFrame = CFrame(-0.197026, -0.047917, -0.003351, 0.993946, -0.109715, -0.005794, 0.108332, 0.987474, -0.114715, 0.018307, 0.113393, 0.993382)
Left_Leg_k4_HumanoidRootPart_Torso_Left_Leg.Parent = Torso_k4_HumanoidRootPart_Torso



--Right Arm
 Right_Arm_k4_HumanoidRootPart_Torso_Right_Arm = Instance.new("Pose")
Right_Arm_k4_HumanoidRootPart_Torso_Right_Arm.Name = "Right Arm"
Right_Arm_k4_HumanoidRootPart_Torso_Right_Arm.CFrame = CFrame(0.164417, -0.072689, 0.063197, 0.996236, 0.082422, -0.026848, -0.086633, 0.936076, -0.340965, -0.002971, 0.342007, 0.939693)
Right_Arm_k4_HumanoidRootPart_Torso_Right_Arm.Parent = Torso_k4_HumanoidRootPart_Torso



--Right Leg
 Right_Leg_k4_HumanoidRootPart_Torso_Right_Leg = Instance.new("Pose")
Right_Leg_k4_HumanoidRootPart_Torso_Right_Leg.Name = "Right Leg"
Right_Leg_k4_HumanoidRootPart_Torso_Right_Leg.CFrame = CFrame(0.269136, 0.085635, -0.004976, 0.992621, 0.121115, -0.005844, -0.119651, 0.986158, 0.114788, 0.019666, -0.113242, 0.993373)
Right_Leg_k4_HumanoidRootPart_Torso_Right_Leg.Parent = Torso_k4_HumanoidRootPart_Torso



--Left Arm
 Left_Arm_k4_HumanoidRootPart_Torso_Left_Arm = Instance.new("Pose")
Left_Arm_k4_HumanoidRootPart_Torso_Left_Arm.Name = "Left Arm"
Left_Arm_k4_HumanoidRootPart_Torso_Left_Arm.CFrame = CFrame(-0.164418, -0.072690, 0.063197, 0.996236, -0.082422, 0.026848, 0.086633, 0.936076, -0.340965, 0.002971, 0.342007, 0.939693)
Left_Arm_k4_HumanoidRootPart_Torso_Left_Arm.Parent = Torso_k4_HumanoidRootPart_Torso



-- Keyframe 5 (Time: 0.20000000298023224)
 keyframe5 = Instance.new("Keyframe")
keyframe5.Time = 0.20000000298023224
keyframe5.Parent = KeyframeSequence

--HumanoidRootPart
 HumanoidRootPart_k5_HumanoidRootPart = Instance.new("Pose")
HumanoidRootPart_k5_HumanoidRootPart.Name = "HumanoidRootPart"
HumanoidRootPart_k5_HumanoidRootPart.CFrame = CFrame(0.000000, 0.000000, 0.000000, 1.000000, 0.000000, 0.000000, 0.000000, 1.000000, 0.000000, 0.000000, 0.000000, 1.000000)
HumanoidRootPart_k5_HumanoidRootPart.Parent = keyframe5



--Torso
 Torso_k5_HumanoidRootPart_Torso = Instance.new("Pose")
Torso_k5_HumanoidRootPart_Torso.Name = "Torso"
Torso_k5_HumanoidRootPart_Torso.CFrame = CFrame(0.482714, 0.000000, -0.235471, 0.975109, 0.161938, -0.151455, -0.163828, 0.986489, 0.000000, 0.149408, 0.024813, 0.988464)
Torso_k5_HumanoidRootPart_Torso.Parent = HumanoidRootPart_k5_HumanoidRootPart



--Head
 Head_k5_HumanoidRootPart_Torso_Head = Instance.new("Pose")
Head_k5_HumanoidRootPart_Torso_Head.Name = "Head"
Head_k5_HumanoidRootPart_Torso_Head.CFrame = CFrame(0.000000, 0.000000, -0.000000, 0.975109, -0.163828, 0.149408, 0.161938, 0.986489, 0.024813, -0.151455, 0.000000, 0.988464)
Head_k5_HumanoidRootPart_Torso_Head.Parent = Torso_k5_HumanoidRootPart_Torso



--Left Leg
 Left_Leg_k5_HumanoidRootPart_Torso_Left_Leg = Instance.new("Pose")
Left_Leg_k5_HumanoidRootPart_Torso_Left_Leg.Name = "Left Leg"
Left_Leg_k5_HumanoidRootPart_Torso_Left_Leg.CFrame = CFrame(-0.275300, -0.221978, -0.082708, 0.989470, -0.092323, -0.111467, 0.024025, 0.864225, -0.502531, 0.142728, 0.494562, 0.857343)
Left_Leg_k5_HumanoidRootPart_Torso_Left_Leg.Parent = Torso_k5_HumanoidRootPart_Torso



--Right Arm
 Right_Arm_k5_HumanoidRootPart_Torso_Right_Arm = Instance.new("Pose")
Right_Arm_k5_HumanoidRootPart_Torso_Right_Arm.Name = "Right Arm"
Right_Arm_k5_HumanoidRootPart_Torso_Right_Arm.CFrame = CFrame(0.164417, -0.072689, 0.063197, 0.996236, 0.082422, -0.026848, -0.086633, 0.936076, -0.340965, -0.002971, 0.342007, 0.939693)
Right_Arm_k5_HumanoidRootPart_Torso_Right_Arm.Parent = Torso_k5_HumanoidRootPart_Torso



--Right Leg
 Right_Leg_k5_HumanoidRootPart_Torso_Right_Leg = Instance.new("Pose")
Right_Leg_k5_HumanoidRootPart_Torso_Right_Leg.Name = "Right Leg"
Right_Leg_k5_HumanoidRootPart_Torso_Right_Leg.CFrame = CFrame(0.438053, 0.417839, -0.099413, 0.978371, 0.163225, -0.127072, -0.074386, 0.850822, 0.520163, 0.193019, -0.499460, 0.844561)
Right_Leg_k5_HumanoidRootPart_Torso_Right_Leg.Parent = Torso_k5_HumanoidRootPart_Torso



--Left Arm
 Left_Arm_k5_HumanoidRootPart_Torso_Left_Arm = Instance.new("Pose")
Left_Arm_k5_HumanoidRootPart_Torso_Left_Arm.Name = "Left Arm"
Left_Arm_k5_HumanoidRootPart_Torso_Left_Arm.CFrame = CFrame(-0.164417, -0.072689, 0.063197, 0.996236, -0.082422, 0.026848, 0.086633, 0.936076, -0.340965, 0.002971, 0.342007, 0.939693)
Left_Arm_k5_HumanoidRootPart_Torso_Left_Arm.Parent = Torso_k5_HumanoidRootPart_Torso



-- Keyframe 6 (Time: 0.28333333134651184)
 keyframe6 = Instance.new("Keyframe")
keyframe6.Time = 0.28333333134651184
keyframe6.Parent = KeyframeSequence

--HumanoidRootPart
 HumanoidRootPart_k6_HumanoidRootPart = Instance.new("Pose")
HumanoidRootPart_k6_HumanoidRootPart.Name = "HumanoidRootPart"
HumanoidRootPart_k6_HumanoidRootPart.CFrame = CFrame(0.000000, 0.000000, 0.000000, 1.000000, 0.000000, 0.000000, 0.000000, 1.000000, 0.000000, 0.000000, 0.000000, 1.000000)
HumanoidRootPart_k6_HumanoidRootPart.Parent = keyframe6



--Torso
 Torso_k6_HumanoidRootPart_Torso = Instance.new("Pose")
Torso_k6_HumanoidRootPart_Torso.Name = "Torso"
Torso_k6_HumanoidRootPart_Torso.CFrame = CFrame(0.482714, 0.000000, -0.235471, 0.975109, 0.161938, -0.151455, -0.163828, 0.986489, 0.000000, 0.149408, 0.024813, 0.988464)
Torso_k6_HumanoidRootPart_Torso.Parent = HumanoidRootPart_k6_HumanoidRootPart



--Head
 Head_k6_HumanoidRootPart_Torso_Head = Instance.new("Pose")
Head_k6_HumanoidRootPart_Torso_Head.Name = "Head"
Head_k6_HumanoidRootPart_Torso_Head.CFrame = CFrame(0.000000, 0.000000, -0.000000, 0.975109, -0.163828, 0.149408, 0.161938, 0.986489, 0.024813, -0.151455, 0.000000, 0.988464)
Head_k6_HumanoidRootPart_Torso_Head.Parent = Torso_k6_HumanoidRootPart_Torso



--Left Leg
 Left_Leg_k6_HumanoidRootPart_Torso_Left_Leg = Instance.new("Pose")
Left_Leg_k6_HumanoidRootPart_Torso_Left_Leg.Name = "Left Leg"
Left_Leg_k6_HumanoidRootPart_Torso_Left_Leg.CFrame = CFrame(-0.275300, -0.221978, -0.082708, 0.989470, -0.092323, -0.111467, 0.024025, 0.864225, -0.502531, 0.142728, 0.494562, 0.857343)
Left_Leg_k6_HumanoidRootPart_Torso_Left_Leg.Parent = Torso_k6_HumanoidRootPart_Torso



--Right Arm
 Right_Arm_k6_HumanoidRootPart_Torso_Right_Arm = Instance.new("Pose")
Right_Arm_k6_HumanoidRootPart_Torso_Right_Arm.Name = "Right Arm"
Right_Arm_k6_HumanoidRootPart_Torso_Right_Arm.CFrame = CFrame(0.164417, -0.072689, 0.063197, 0.996236, 0.082422, -0.026848, -0.086633, 0.936076, -0.340965, -0.002971, 0.342007, 0.939693)
Right_Arm_k6_HumanoidRootPart_Torso_Right_Arm.Parent = Torso_k6_HumanoidRootPart_Torso



--Right Leg
 Right_Leg_k6_HumanoidRootPart_Torso_Right_Leg = Instance.new("Pose")
Right_Leg_k6_HumanoidRootPart_Torso_Right_Leg.Name = "Right Leg"
Right_Leg_k6_HumanoidRootPart_Torso_Right_Leg.CFrame = CFrame(0.438053, 0.417839, -0.099413, 0.978371, 0.163225, -0.127072, -0.074386, 0.850822, 0.520163, 0.193019, -0.499460, 0.844561)
Right_Leg_k6_HumanoidRootPart_Torso_Right_Leg.Parent = Torso_k6_HumanoidRootPart_Torso



--Left Arm
 Left_Arm_k6_HumanoidRootPart_Torso_Left_Arm = Instance.new("Pose")
Left_Arm_k6_HumanoidRootPart_Torso_Left_Arm.Name = "Left Arm"
Left_Arm_k6_HumanoidRootPart_Torso_Left_Arm.CFrame = CFrame(-0.164417, -0.072689, 0.063197, 0.996236, -0.082422, 0.026848, 0.086633, 0.936076, -0.340965, 0.002971, 0.342007, 0.939693)
Left_Arm_k6_HumanoidRootPart_Torso_Left_Arm.Parent = Torso_k6_HumanoidRootPart_Torso



-- Keyframe 7 (Time: 0.30000001192092896)
 keyframe7 = Instance.new("Keyframe")
keyframe7.Time = 0.30000001192092896
keyframe7.Parent = KeyframeSequence

--HumanoidRootPart
 HumanoidRootPart_k7_HumanoidRootPart = Instance.new("Pose")
HumanoidRootPart_k7_HumanoidRootPart.Name = "HumanoidRootPart"
HumanoidRootPart_k7_HumanoidRootPart.CFrame = CFrame(0.000000, 0.000000, 0.000000, 1.000000, 0.000000, 0.000000, 0.000000, 1.000000, 0.000000, 0.000000, 0.000000, 1.000000)
HumanoidRootPart_k7_HumanoidRootPart.Parent = keyframe7



--Torso
 Torso_k7_HumanoidRootPart_Torso = Instance.new("Pose")
Torso_k7_HumanoidRootPart_Torso.Name = "Torso"
Torso_k7_HumanoidRootPart_Torso.CFrame = CFrame(0.294338, 0.000000, -0.129509, 0.992805, 0.086526, -0.082779, -0.087293, 0.996167, -0.005684, 0.081970, 0.012869, 0.996552)
Torso_k7_HumanoidRootPart_Torso.Parent = HumanoidRootPart_k7_HumanoidRootPart



--Head
 Head_k7_HumanoidRootPart_Torso_Head = Instance.new("Pose")
Head_k7_HumanoidRootPart_Torso_Head.Name = "Head"
Head_k7_HumanoidRootPart_Torso_Head.CFrame = CFrame(0.000000, -0.000000, 0.000000, 0.992805, -0.087293, 0.081970, 0.086526, 0.996166, 0.012869, -0.082779, -0.005684, 0.996552)
Head_k7_HumanoidRootPart_Torso_Head.Parent = Torso_k7_HumanoidRootPart_Torso



--Left Leg
 Left_Leg_k7_HumanoidRootPart_Torso_Left_Leg = Instance.new("Pose")
Left_Leg_k7_HumanoidRootPart_Torso_Left_Leg.Name = "Left Leg"
Left_Leg_k7_HumanoidRootPart_Torso_Left_Leg.CFrame = CFrame(-0.310769, -0.126005, -0.037368, 0.986055, -0.150314, -0.071429, 0.122012, 0.944838, -0.303965, 0.113179, 0.291011, 0.950002)
Left_Leg_k7_HumanoidRootPart_Torso_Left_Leg.Parent = Torso_k7_HumanoidRootPart_Torso



--Right Arm
 Right_Arm_k7_HumanoidRootPart_Torso_Right_Arm = Instance.new("Pose")
Right_Arm_k7_HumanoidRootPart_Torso_Right_Arm.Name = "Right Arm"
Right_Arm_k7_HumanoidRootPart_Torso_Right_Arm.CFrame = CFrame(0.164417, -0.072689, 0.063197, 0.996236, 0.082422, -0.026848, -0.086633, 0.936076, -0.340965, -0.002971, 0.342007, 0.939693)
Right_Arm_k7_HumanoidRootPart_Torso_Right_Arm.Parent = Torso_k7_HumanoidRootPart_Torso



--Right Leg
 Right_Leg_k7_HumanoidRootPart_Torso_Right_Leg = Instance.new("Pose")
Right_Leg_k7_HumanoidRootPart_Torso_Right_Leg.Name = "Right Leg"
Right_Leg_k7_HumanoidRootPart_Torso_Right_Leg.CFrame = CFrame(0.417833, 0.246531, -0.019360, 0.975517, 0.206176, -0.076535, -0.173130, 0.934557, 0.310854, 0.135617, -0.289993, 0.947371)
Right_Leg_k7_HumanoidRootPart_Torso_Right_Leg.Parent = Torso_k7_HumanoidRootPart_Torso



--Left Arm
 Left_Arm_k7_HumanoidRootPart_Torso_Left_Arm = Instance.new("Pose")
Left_Arm_k7_HumanoidRootPart_Torso_Left_Arm.Name = "Left Arm"
Left_Arm_k7_HumanoidRootPart_Torso_Left_Arm.CFrame = CFrame(-0.164418, -0.072689, 0.063197, 0.996236, -0.082422, 0.026848, 0.086633, 0.936076, -0.340965, 0.002971, 0.342007, 0.939693)
Left_Arm_k7_HumanoidRootPart_Torso_Left_Arm.Parent = Torso_k7_HumanoidRootPart_Torso



-- Keyframe 8 (Time: 0.4333333373069763)
 keyframe8 = Instance.new("Keyframe")
keyframe8.Time = 0.4333333373069763
keyframe8.Parent = KeyframeSequence

--HumanoidRootPart
 HumanoidRootPart_k8_HumanoidRootPart = Instance.new("Pose")
HumanoidRootPart_k8_HumanoidRootPart.Name = "HumanoidRootPart"
HumanoidRootPart_k8_HumanoidRootPart.CFrame = CFrame(0.000000, 0.000000, 0.000000, 1.000000, 0.000000, 0.000000, 0.000000, 1.000000, 0.000000, 0.000000, 0.000000, 1.000000)
HumanoidRootPart_k8_HumanoidRootPart.Parent = keyframe8



--Torso
 Torso_k8_HumanoidRootPart_Torso = Instance.new("Pose")
Torso_k8_HumanoidRootPart_Torso.Name = "Torso"
Torso_k8_HumanoidRootPart_Torso.CFrame = CFrame(0.294338, 0.000000, -0.129509, 0.992805, 0.086526, -0.082779, -0.087293, 0.996167, -0.005684, 0.081970, 0.012869, 0.996552)
Torso_k8_HumanoidRootPart_Torso.Parent = HumanoidRootPart_k8_HumanoidRootPart



--Head
 Head_k8_HumanoidRootPart_Torso_Head = Instance.new("Pose")
Head_k8_HumanoidRootPart_Torso_Head.Name = "Head"
Head_k8_HumanoidRootPart_Torso_Head.CFrame = CFrame(0.000000, -0.000000, 0.000000, 0.992805, -0.087293, 0.081970, 0.086526, 0.996166, 0.012869, -0.082779, -0.005684, 0.996552)
Head_k8_HumanoidRootPart_Torso_Head.Parent = Torso_k8_HumanoidRootPart_Torso



--Left Leg
 Left_Leg_k8_HumanoidRootPart_Torso_Left_Leg = Instance.new("Pose")
Left_Leg_k8_HumanoidRootPart_Torso_Left_Leg.Name = "Left Leg"
Left_Leg_k8_HumanoidRootPart_Torso_Left_Leg.CFrame = CFrame(-0.310769, -0.126005, -0.037368, 0.986055, -0.150314, -0.071429, 0.122012, 0.944838, -0.303965, 0.113179, 0.291011, 0.950002)
Left_Leg_k8_HumanoidRootPart_Torso_Left_Leg.Parent = Torso_k8_HumanoidRootPart_Torso



--Right Arm
 Right_Arm_k8_HumanoidRootPart_Torso_Right_Arm = Instance.new("Pose")
Right_Arm_k8_HumanoidRootPart_Torso_Right_Arm.Name = "Right Arm"
Right_Arm_k8_HumanoidRootPart_Torso_Right_Arm.CFrame = CFrame(0.164417, -0.072689, 0.063197, 0.996236, 0.082422, -0.026848, -0.086633, 0.936076, -0.340965, -0.002971, 0.342007, 0.939693)
Right_Arm_k8_HumanoidRootPart_Torso_Right_Arm.Parent = Torso_k8_HumanoidRootPart_Torso



--Right Leg
 Right_Leg_k8_HumanoidRootPart_Torso_Right_Leg = Instance.new("Pose")
Right_Leg_k8_HumanoidRootPart_Torso_Right_Leg.Name = "Right Leg"
Right_Leg_k8_HumanoidRootPart_Torso_Right_Leg.CFrame = CFrame(0.417833, 0.246531, -0.019360, 0.975517, 0.206176, -0.076535, -0.173130, 0.934557, 0.310854, 0.135617, -0.289993, 0.947371)
Right_Leg_k8_HumanoidRootPart_Torso_Right_Leg.Parent = Torso_k8_HumanoidRootPart_Torso



--Left Arm
 Left_Arm_k8_HumanoidRootPart_Torso_Left_Arm = Instance.new("Pose")
Left_Arm_k8_HumanoidRootPart_Torso_Left_Arm.Name = "Left Arm"
Left_Arm_k8_HumanoidRootPart_Torso_Left_Arm.CFrame = CFrame(-0.164418, -0.072689, 0.063197, 0.996236, -0.082422, 0.026848, 0.086633, 0.936076, -0.340965, 0.002971, 0.342007, 0.939693)
Left_Arm_k8_HumanoidRootPart_Torso_Left_Arm.Parent = Torso_k8_HumanoidRootPart_Torso



-- Keyframe 9 (Time: 0.44999998807907104)
 keyframe9 = Instance.new("Keyframe")
keyframe9.Time = 0.44999998807907104
keyframe9.Parent = KeyframeSequence

--HumanoidRootPart
 HumanoidRootPart_k9_HumanoidRootPart = Instance.new("Pose")
HumanoidRootPart_k9_HumanoidRootPart.Name = "HumanoidRootPart"
HumanoidRootPart_k9_HumanoidRootPart.CFrame = CFrame(0.000000, 0.000000, 0.000000, 1.000000, 0.000000, 0.000000, 0.000000, 1.000000, 0.000000, 0.000000, 0.000000, 1.000000)
HumanoidRootPart_k9_HumanoidRootPart.Parent = keyframe9



--Torso
 Torso_k9_HumanoidRootPart_Torso = Instance.new("Pose")
Torso_k9_HumanoidRootPart_Torso.Name = "Torso"
Torso_k9_HumanoidRootPart_Torso.CFrame = CFrame(0.137358, 0.000000, -0.039245, 0.998038, 0.058961, -0.021049, -0.059141, 0.998217, -0.008064, 0.020536, 0.009293, 0.999746)
Torso_k9_HumanoidRootPart_Torso.Parent = HumanoidRootPart_k9_HumanoidRootPart



--Head
 Head_k9_HumanoidRootPart_Torso_Head = Instance.new("Pose")
Head_k9_HumanoidRootPart_Torso_Head.Name = "Head"
Head_k9_HumanoidRootPart_Torso_Head.CFrame = CFrame(0.000000, 0.000000, 0.000000, 0.998038, -0.059141, 0.020536, 0.058961, 0.998217, 0.009293, -0.021049, -0.008064, 0.999746)
Head_k9_HumanoidRootPart_Torso_Head.Parent = Torso_k9_HumanoidRootPart_Torso



--Left Leg
 Left_Leg_k9_HumanoidRootPart_Torso_Left_Leg = Instance.new("Pose")
Left_Leg_k9_HumanoidRootPart_Torso_Left_Leg.Name = "Left Leg"
Left_Leg_k9_HumanoidRootPart_Torso_Left_Leg.CFrame = CFrame(-0.197026, -0.047917, -0.003351, 0.993946, -0.109715, -0.005794, 0.108332, 0.987474, -0.114715, 0.018307, 0.113393, 0.993382)
Left_Leg_k9_HumanoidRootPart_Torso_Left_Leg.Parent = Torso_k9_HumanoidRootPart_Torso



--Right Arm
 Right_Arm_k9_HumanoidRootPart_Torso_Right_Arm = Instance.new("Pose")
Right_Arm_k9_HumanoidRootPart_Torso_Right_Arm.Name = "Right Arm"
Right_Arm_k9_HumanoidRootPart_Torso_Right_Arm.CFrame = CFrame(0.164417, -0.072689, 0.063197, 0.996236, 0.082422, -0.026848, -0.086633, 0.936076, -0.340965, -0.002971, 0.342007, 0.939693)
Right_Arm_k9_HumanoidRootPart_Torso_Right_Arm.Parent = Torso_k9_HumanoidRootPart_Torso



--Right Leg
 Right_Leg_k9_HumanoidRootPart_Torso_Right_Leg = Instance.new("Pose")
Right_Leg_k9_HumanoidRootPart_Torso_Right_Leg.Name = "Right Leg"
Right_Leg_k9_HumanoidRootPart_Torso_Right_Leg.CFrame = CFrame(0.269136, 0.085635, -0.004976, 0.992621, 0.121115, -0.005844, -0.119651, 0.986158, 0.114788, 0.019666, -0.113242, 0.993373)
Right_Leg_k9_HumanoidRootPart_Torso_Right_Leg.Parent = Torso_k9_HumanoidRootPart_Torso



--Left Arm
 Left_Arm_k9_HumanoidRootPart_Torso_Left_Arm = Instance.new("Pose")
Left_Arm_k9_HumanoidRootPart_Torso_Left_Arm.Name = "Left Arm"
Left_Arm_k9_HumanoidRootPart_Torso_Left_Arm.CFrame = CFrame(-0.164418, -0.072690, 0.063197, 0.996236, -0.082422, 0.026848, 0.086633, 0.936076, -0.340965, 0.002971, 0.342007, 0.939693)
Left_Arm_k9_HumanoidRootPart_Torso_Left_Arm.Parent = Torso_k9_HumanoidRootPart_Torso



-- Keyframe 10 (Time: 0.4833333194255829)
 keyframe10 = Instance.new("Keyframe")
keyframe10.Time = 0.4833333194255829
keyframe10.Parent = KeyframeSequence

--HumanoidRootPart
 HumanoidRootPart_k10_HumanoidRootPart = Instance.new("Pose")
HumanoidRootPart_k10_HumanoidRootPart.Name = "HumanoidRootPart"
HumanoidRootPart_k10_HumanoidRootPart.CFrame = CFrame(0.000000, 0.000000, 0.000000, 1.000000, 0.000000, 0.000000, 0.000000, 1.000000, 0.000000, 0.000000, 0.000000, 1.000000)
HumanoidRootPart_k10_HumanoidRootPart.Parent = keyframe10



--Torso
 Torso_k10_HumanoidRootPart_Torso = Instance.new("Pose")
Torso_k10_HumanoidRootPart_Torso.Name = "Torso"
Torso_k10_HumanoidRootPart_Torso.CFrame = CFrame(0.137358, 0.000000, -0.039245, 0.998038, 0.058961, -0.021049, -0.059141, 0.998217, -0.008064, 0.020536, 0.009293, 0.999746)
Torso_k10_HumanoidRootPart_Torso.Parent = HumanoidRootPart_k10_HumanoidRootPart



--Head
 Head_k10_HumanoidRootPart_Torso_Head = Instance.new("Pose")
Head_k10_HumanoidRootPart_Torso_Head.Name = "Head"
Head_k10_HumanoidRootPart_Torso_Head.CFrame = CFrame(0.000000, 0.000000, 0.000000, 0.998038, -0.059141, 0.020536, 0.058961, 0.998217, 0.009293, -0.021049, -0.008064, 0.999746)
Head_k10_HumanoidRootPart_Torso_Head.Parent = Torso_k10_HumanoidRootPart_Torso



--Left Leg
 Left_Leg_k10_HumanoidRootPart_Torso_Left_Leg = Instance.new("Pose")
Left_Leg_k10_HumanoidRootPart_Torso_Left_Leg.Name = "Left Leg"
Left_Leg_k10_HumanoidRootPart_Torso_Left_Leg.CFrame = CFrame(-0.197026, -0.047917, -0.003351, 0.993946, -0.109715, -0.005794, 0.108332, 0.987474, -0.114715, 0.018307, 0.113393, 0.993382)
Left_Leg_k10_HumanoidRootPart_Torso_Left_Leg.Parent = Torso_k10_HumanoidRootPart_Torso



--Right Arm
 Right_Arm_k10_HumanoidRootPart_Torso_Right_Arm = Instance.new("Pose")
Right_Arm_k10_HumanoidRootPart_Torso_Right_Arm.Name = "Right Arm"
Right_Arm_k10_HumanoidRootPart_Torso_Right_Arm.CFrame = CFrame(0.164417, -0.072689, 0.063197, 0.996236, 0.082422, -0.026848, -0.086633, 0.936076, -0.340965, -0.002971, 0.342007, 0.939693)
Right_Arm_k10_HumanoidRootPart_Torso_Right_Arm.Parent = Torso_k10_HumanoidRootPart_Torso



--Right Leg
 Right_Leg_k10_HumanoidRootPart_Torso_Right_Leg = Instance.new("Pose")
Right_Leg_k10_HumanoidRootPart_Torso_Right_Leg.Name = "Right Leg"
Right_Leg_k10_HumanoidRootPart_Torso_Right_Leg.CFrame = CFrame(0.269136, 0.085635, -0.004976, 0.992621, 0.121115, -0.005844, -0.119651, 0.986158, 0.114788, 0.019666, -0.113242, 0.993373)
Right_Leg_k10_HumanoidRootPart_Torso_Right_Leg.Parent = Torso_k10_HumanoidRootPart_Torso



--Left Arm
 Left_Arm_k10_HumanoidRootPart_Torso_Left_Arm = Instance.new("Pose")
Left_Arm_k10_HumanoidRootPart_Torso_Left_Arm.Name = "Left Arm"
Left_Arm_k10_HumanoidRootPart_Torso_Left_Arm.CFrame = CFrame(-0.164418, -0.072690, 0.063197, 0.996236, -0.082422, 0.026848, 0.086633, 0.936076, -0.340965, 0.002971, 0.342007, 0.939693)
Left_Arm_k10_HumanoidRootPart_Torso_Left_Arm.Parent = Torso_k10_HumanoidRootPart_Torso



-- Keyframe 11 (Time: 0.5)
 keyframe11 = Instance.new("Keyframe")
keyframe11.Time = 0.5
keyframe11.Parent = KeyframeSequence

--HumanoidRootPart
 HumanoidRootPart_k11_HumanoidRootPart = Instance.new("Pose")
HumanoidRootPart_k11_HumanoidRootPart.Name = "HumanoidRootPart"
HumanoidRootPart_k11_HumanoidRootPart.CFrame = CFrame(0.000000, 0.000000, 0.000000, 1.000000, 0.000000, 0.000000, 0.000000, 1.000000, 0.000000, 0.000000, 0.000000, 1.000000)
HumanoidRootPart_k11_HumanoidRootPart.Parent = keyframe11



--Torso
 Torso_k11_HumanoidRootPart_Torso = Instance.new("Pose")
Torso_k11_HumanoidRootPart_Torso.Name = "Torso"
Torso_k11_HumanoidRootPart_Torso.CFrame = CFrame(0.000000, 0.000000, -0.000000, 1.000000, 0.000000, -0.000000, -0.000000, 0.999962, -0.008687, 0.000000, 0.008687, 0.999962)
Torso_k11_HumanoidRootPart_Torso.Parent = HumanoidRootPart_k11_HumanoidRootPart



--Head
 Head_k11_HumanoidRootPart_Torso_Head = Instance.new("Pose")
Head_k11_HumanoidRootPart_Torso_Head.Name = "Head"
Head_k11_HumanoidRootPart_Torso_Head.CFrame = CFrame(0.000000, 0.000000, 0.000000, 1.000000, -0.000000, 0.000000, 0.000000, 0.999962, 0.008687, -0.000000, -0.008687, 0.999962)
Head_k11_HumanoidRootPart_Torso_Head.Parent = Torso_k11_HumanoidRootPart_Torso



--Left Leg
 Left_Leg_k11_HumanoidRootPart_Torso_Left_Leg = Instance.new("Pose")
Left_Leg_k11_HumanoidRootPart_Torso_Left_Leg.Name = "Left Leg"
Left_Leg_k11_HumanoidRootPart_Torso_Left_Leg.CFrame = CFrame(-0.004462, 0.000067, -0.000000, 0.999906, 0.013689, 0.000000, -0.013689, 0.999906, -0.000000, -0.000000, 0.000000, 1.000000)
Left_Leg_k11_HumanoidRootPart_Torso_Left_Leg.Parent = Torso_k11_HumanoidRootPart_Torso



--Right Arm
 Right_Arm_k11_HumanoidRootPart_Torso_Right_Arm = Instance.new("Pose")
Right_Arm_k11_HumanoidRootPart_Torso_Right_Arm.Name = "Right Arm"
Right_Arm_k11_HumanoidRootPart_Torso_Right_Arm.CFrame = CFrame(0.164417, -0.072689, 0.063197, 0.996236, 0.082422, -0.026848, -0.086633, 0.936076, -0.340965, -0.002971, 0.342007, 0.939693)
Right_Arm_k11_HumanoidRootPart_Torso_Right_Arm.Parent = Torso_k11_HumanoidRootPart_Torso



--Right Leg
 Right_Leg_k11_HumanoidRootPart_Torso_Right_Leg = Instance.new("Pose")
Right_Leg_k11_HumanoidRootPart_Torso_Right_Leg.Name = "Right Leg"
Right_Leg_k11_HumanoidRootPart_Torso_Right_Leg.CFrame = CFrame(0.004411, 0.000066, 0.000000, 0.999909, -0.013479, 0.000000, 0.013478, 0.999909, 0.000000, -0.000000, -0.000000, 1.000000)
Right_Leg_k11_HumanoidRootPart_Torso_Right_Leg.Parent = Torso_k11_HumanoidRootPart_Torso



--Left Arm
 Left_Arm_k11_HumanoidRootPart_Torso_Left_Arm = Instance.new("Pose")
Left_Arm_k11_HumanoidRootPart_Torso_Left_Arm.Name = "Left Arm"
Left_Arm_k11_HumanoidRootPart_Torso_Left_Arm.CFrame = CFrame(-0.164418, -0.072689, 0.063197, 0.996236, -0.082422, 0.026848, 0.086633, 0.936076, -0.340965, 0.002971, 0.342007, 0.939693)
Left_Arm_k11_HumanoidRootPart_Torso_Left_Arm.Parent = Torso_k11_HumanoidRootPart_Torso



-- Keyframe 12 (Time: 0.6166666746139526)
 keyframe12 = Instance.new("Keyframe")
keyframe12.Time = 0.6166666746139526
keyframe12.Parent = KeyframeSequence

--HumanoidRootPart
 HumanoidRootPart_k12_HumanoidRootPart = Instance.new("Pose")
HumanoidRootPart_k12_HumanoidRootPart.Name = "HumanoidRootPart"
HumanoidRootPart_k12_HumanoidRootPart.CFrame = CFrame(0.000000, 0.000000, 0.000000, 1.000000, 0.000000, 0.000000, 0.000000, 1.000000, 0.000000, 0.000000, 0.000000, 1.000000)
HumanoidRootPart_k12_HumanoidRootPart.Parent = keyframe12



--Torso
 Torso_k12_HumanoidRootPart_Torso = Instance.new("Pose")
Torso_k12_HumanoidRootPart_Torso.Name = "Torso"
Torso_k12_HumanoidRootPart_Torso.CFrame = CFrame(0.000000, 0.000000, -0.000000, 1.000000, 0.000000, -0.000000, -0.000000, 0.999962, -0.008687, 0.000000, 0.008687, 0.999962)
Torso_k12_HumanoidRootPart_Torso.Parent = HumanoidRootPart_k12_HumanoidRootPart



--Head
 Head_k12_HumanoidRootPart_Torso_Head = Instance.new("Pose")
Head_k12_HumanoidRootPart_Torso_Head.Name = "Head"
Head_k12_HumanoidRootPart_Torso_Head.CFrame = CFrame(0.000000, 0.000000, 0.000000, 1.000000, -0.000000, 0.000000, 0.000000, 0.999962, 0.008687, -0.000000, -0.008687, 0.999962)
Head_k12_HumanoidRootPart_Torso_Head.Parent = Torso_k12_HumanoidRootPart_Torso



--Left Leg
 Left_Leg_k12_HumanoidRootPart_Torso_Left_Leg = Instance.new("Pose")
Left_Leg_k12_HumanoidRootPart_Torso_Left_Leg.Name = "Left Leg"
Left_Leg_k12_HumanoidRootPart_Torso_Left_Leg.CFrame = CFrame(-0.004462, 0.000067, -0.000000, 0.999906, 0.013689, 0.000000, -0.013689, 0.999906, -0.000000, -0.000000, 0.000000, 1.000000)
Left_Leg_k12_HumanoidRootPart_Torso_Left_Leg.Parent = Torso_k12_HumanoidRootPart_Torso



--Right Arm
 Right_Arm_k12_HumanoidRootPart_Torso_Right_Arm = Instance.new("Pose")
Right_Arm_k12_HumanoidRootPart_Torso_Right_Arm.Name = "Right Arm"
Right_Arm_k12_HumanoidRootPart_Torso_Right_Arm.CFrame = CFrame(0.164417, -0.072689, 0.063197, 0.996236, 0.082422, -0.026848, -0.086633, 0.936076, -0.340965, -0.002971, 0.342007, 0.939693)
Right_Arm_k12_HumanoidRootPart_Torso_Right_Arm.Parent = Torso_k12_HumanoidRootPart_Torso



--Right Leg
 Right_Leg_k12_HumanoidRootPart_Torso_Right_Leg = Instance.new("Pose")
Right_Leg_k12_HumanoidRootPart_Torso_Right_Leg.Name = "Right Leg"
Right_Leg_k12_HumanoidRootPart_Torso_Right_Leg.CFrame = CFrame(0.004411, 0.000066, 0.000000, 0.999909, -0.013479, 0.000000, 0.013478, 0.999909, 0.000000, -0.000000, -0.000000, 1.000000)
Right_Leg_k12_HumanoidRootPart_Torso_Right_Leg.Parent = Torso_k12_HumanoidRootPart_Torso



--Left Arm
 Left_Arm_k12_HumanoidRootPart_Torso_Left_Arm = Instance.new("Pose")
Left_Arm_k12_HumanoidRootPart_Torso_Left_Arm.Name = "Left Arm"
Left_Arm_k12_HumanoidRootPart_Torso_Left_Arm.CFrame = CFrame(-0.164418, -0.072689, 0.063197, 0.996236, -0.082422, 0.026848, 0.086633, 0.936076, -0.340965, 0.002971, 0.342007, 0.939693)
Left_Arm_k12_HumanoidRootPart_Torso_Left_Arm.Parent = Torso_k12_HumanoidRootPart_Torso



-- Keyframe 13 (Time: 0.6333333253860474)
 keyframe13 = Instance.new("Keyframe")
keyframe13.Time = 0.6333333253860474
keyframe13.Parent = KeyframeSequence

--HumanoidRootPart
 HumanoidRootPart_k13_HumanoidRootPart = Instance.new("Pose")
HumanoidRootPart_k13_HumanoidRootPart.Name = "HumanoidRootPart"
HumanoidRootPart_k13_HumanoidRootPart.CFrame = CFrame(0.000000, 0.000000, 0.000000, 1.000000, 0.000000, 0.000000, 0.000000, 1.000000, 0.000000, 0.000000, 0.000000, 1.000000)
HumanoidRootPart_k13_HumanoidRootPart.Parent = keyframe13



--Torso
 Torso_k13_HumanoidRootPart_Torso = Instance.new("Pose")
Torso_k13_HumanoidRootPart_Torso.Name = "Torso"
Torso_k13_HumanoidRootPart_Torso.CFrame = CFrame(-0.137358, 0.000000, -0.039245, 0.998038, -0.059141, 0.020536, 0.058961, 0.998217, 0.009293, -0.021049, -0.008064, 0.999746)
Torso_k13_HumanoidRootPart_Torso.Parent = HumanoidRootPart_k13_HumanoidRootPart



--Head
 Head_k13_HumanoidRootPart_Torso_Head = Instance.new("Pose")
Head_k13_HumanoidRootPart_Torso_Head.Name = "Head"
Head_k13_HumanoidRootPart_Torso_Head.CFrame = CFrame(0.000000, 0.000000, 0.000000, 0.998038, 0.058961, -0.021049, -0.059141, 0.998217, -0.008064, 0.020536, 0.009293, 0.999746)
Head_k13_HumanoidRootPart_Torso_Head.Parent = Torso_k13_HumanoidRootPart_Torso



--Left Leg
 Left_Leg_k13_HumanoidRootPart_Torso_Left_Leg = Instance.new("Pose")
Left_Leg_k13_HumanoidRootPart_Torso_Left_Leg.Name = "Left Leg"
Left_Leg_k13_HumanoidRootPart_Torso_Left_Leg.CFrame = CFrame(-0.272726, 0.078863, -0.004628, 0.988730, -0.149647, 0.004276, 0.148153, 0.982167, 0.115755, -0.021522, -0.113817, 0.993269)
Left_Leg_k13_HumanoidRootPart_Torso_Left_Leg.Parent = Torso_k13_HumanoidRootPart_Torso



--Right Arm
 Right_Arm_k13_HumanoidRootPart_Torso_Right_Arm = Instance.new("Pose")
Right_Arm_k13_HumanoidRootPart_Torso_Right_Arm.Name = "Right Arm"
Right_Arm_k13_HumanoidRootPart_Torso_Right_Arm.CFrame = CFrame(0.164417, -0.072689, 0.063197, 0.996236, 0.082422, -0.026848, -0.086633, 0.936076, -0.340965, -0.002971, 0.342007, 0.939693)
Right_Arm_k13_HumanoidRootPart_Torso_Right_Arm.Parent = Torso_k13_HumanoidRootPart_Torso



--Right Leg
 Right_Leg_k13_HumanoidRootPart_Torso_Right_Leg = Instance.new("Pose")
Right_Leg_k13_HumanoidRootPart_Torso_Right_Leg.Name = "Right Leg"
Right_Leg_k13_HumanoidRootPart_Torso_Right_Leg.CFrame = CFrame(0.193869, -0.053904, -0.003714, 0.990729, 0.135789, 0.004205, -0.134398, 0.984156, -0.115649, -0.019842, 0.114012, 0.993281)
Right_Leg_k13_HumanoidRootPart_Torso_Right_Leg.Parent = Torso_k13_HumanoidRootPart_Torso



--Left Arm
 Left_Arm_k13_HumanoidRootPart_Torso_Left_Arm = Instance.new("Pose")
Left_Arm_k13_HumanoidRootPart_Torso_Left_Arm.Name = "Left Arm"
Left_Arm_k13_HumanoidRootPart_Torso_Left_Arm.CFrame = CFrame(-0.164418, -0.072689, 0.063197, 0.996236, -0.082422, 0.026848, 0.086633, 0.936076, -0.340965, 0.002971, 0.342007, 0.939693)
Left_Arm_k13_HumanoidRootPart_Torso_Left_Arm.Parent = Torso_k13_HumanoidRootPart_Torso



-- Keyframe 14 (Time: 0.6833333373069763)
 keyframe14 = Instance.new("Keyframe")
keyframe14.Time = 0.6833333373069763
keyframe14.Parent = KeyframeSequence

--HumanoidRootPart
 HumanoidRootPart_k14_HumanoidRootPart = Instance.new("Pose")
HumanoidRootPart_k14_HumanoidRootPart.Name = "HumanoidRootPart"
HumanoidRootPart_k14_HumanoidRootPart.CFrame = CFrame(0.000000, 0.000000, 0.000000, 1.000000, 0.000000, 0.000000, 0.000000, 1.000000, 0.000000, 0.000000, 0.000000, 1.000000)
HumanoidRootPart_k14_HumanoidRootPart.Parent = keyframe14



--Torso
 Torso_k14_HumanoidRootPart_Torso = Instance.new("Pose")
Torso_k14_HumanoidRootPart_Torso.Name = "Torso"
Torso_k14_HumanoidRootPart_Torso.CFrame = CFrame(-0.137358, 0.000000, -0.039245, 0.998038, -0.059141, 0.020536, 0.058961, 0.998217, 0.009293, -0.021049, -0.008064, 0.999746)
Torso_k14_HumanoidRootPart_Torso.Parent = HumanoidRootPart_k14_HumanoidRootPart



--Head
 Head_k14_HumanoidRootPart_Torso_Head = Instance.new("Pose")
Head_k14_HumanoidRootPart_Torso_Head.Name = "Head"
Head_k14_HumanoidRootPart_Torso_Head.CFrame = CFrame(0.000000, 0.000000, 0.000000, 0.998038, 0.058961, -0.021049, -0.059141, 0.998217, -0.008064, 0.020536, 0.009293, 0.999746)
Head_k14_HumanoidRootPart_Torso_Head.Parent = Torso_k14_HumanoidRootPart_Torso



--Left Leg
 Left_Leg_k14_HumanoidRootPart_Torso_Left_Leg = Instance.new("Pose")
Left_Leg_k14_HumanoidRootPart_Torso_Left_Leg.Name = "Left Leg"
