-- KeyframeSequence Export: california gurls
-- Generated on 2025-09-02 20:02:39
local KeyframeSequence = Instance.new("KeyframeSequence")
KeyframeSequence.Name = "CaliforniaGurls"
local cf=CFrame.new

-- Keyframe 1 (Time: 0)
local keyframe1 = Instance.new("Keyframe")
keyframe1.Time = 0
keyframe1.Parent = KeyframeSequence

--HumanoidRootPart
local HumanoidRootPart_k1_HumanoidRootPart = Instance.new("Pose")
HumanoidRootPart_k1_HumanoidRootPart.Name = "HumanoidRootPart"
HumanoidRootPart_k1_HumanoidRootPart.CFrame = cf(0.000000, 0.000000, 0.000000, 1.000000, 0.000000, 0.000000, 0.000000, 1.000000, 0.000000, 0.000000, 0.000000, 1.000000)
HumanoidRootPart_k1_HumanoidRootPart.Parent = keyframe1



--Torso
local Torso_k1_HumanoidRootPart_Torso = Instance.new("Pose")
Torso_k1_HumanoidRootPart_Torso.Name = "Torso"
Torso_k1_HumanoidRootPart_Torso.CFrame = cf(0.000000, 0.000000, -0.271695, 0.993874, 0.086558, -0.068724, -0.086793, 0.996226, -0.000440, 0.068426, 0.006402, 0.997636)
Torso_k1_HumanoidRootPart_Torso.Parent = HumanoidRootPart_k1_HumanoidRootPart



--Left Leg
local Left_Leg_k1_HumanoidRootPart_Torso = Instance.new("Pose")
Left_Leg_k1_HumanoidRootPart_Torso.Name = "Left Leg"
Left_Leg_k1_HumanoidRootPart_Torso.CFrame = cf(-0.382940, 0.219290, 0.089018, 0.915352, -0.313288, 0.252944, 0.235727, 0.926233, 0.294151, -0.326439, -0.209627, 0.921680)
Left_Leg_k1_HumanoidRootPart_Torso.Parent = Torso_k1_HumanoidRootPart_Torso



--Right Arm
local Right_Arm_k1_HumanoidRootPart_Torso = Instance.new("Pose")
Right_Arm_k1_HumanoidRootPart_Torso.Name = "Right Arm"
Right_Arm_k1_HumanoidRootPart_Torso.CFrame = cf(-0.097664, -0.023075, 0.525522, 0.928663, 0.100480, -0.357056, 0.370791, -0.277329, 0.886342, -0.009962, -0.955506, -0.294802)
Right_Arm_k1_HumanoidRootPart_Torso.Parent = Torso_k1_HumanoidRootPart_Torso



--Head
local Head_k1_HumanoidRootPart_Torso_Head = Instance.new("Pose")
Head_k1_HumanoidRootPart_Torso_Head.Name = "Head"
Head_k1_HumanoidRootPart_Torso_Head.CFrame = cf(0.000000, 0.000006, 0.000000, 0.991777, -0.094160, 0.086677, 0.095583, 0.995344, -0.012413, -0.085104, 0.020596, 0.996159)
Head_k1_HumanoidRootPart_Torso_Head.Parent = Torso_k1_HumanoidRootPart_Torso



--Right Leg
local Right_Leg_k1_HumanoidRootPart_Torso = Instance.new("Pose")
Right_Leg_k1_HumanoidRootPart_Torso.Name = "Right Leg"
Right_Leg_k1_HumanoidRootPart_Torso.CFrame = cf(0.386972, 0.329185, 0.024276, 0.961202, 0.214286, -0.173701, -0.121550, 0.894302, 0.430638, 0.247621, -0.392817, 0.885651)
Right_Leg_k1_HumanoidRootPart_Torso.Parent = Torso_k1_HumanoidRootPart_Torso



--Left Arm
local Left_Arm_k1_HumanoidRootPart_Torso = Instance.new("Pose")
Left_Arm_k1_HumanoidRootPart_Torso.Name = "Left Arm"
Left_Arm_k1_HumanoidRootPart_Torso.CFrame = cf(-0.340847, -0.528740, 0.241395, -0.012461, 0.916738, -0.399294, -0.283448, 0.379707, 0.880613, 0.958907, 0.124152, 0.255117)
Left_Arm_k1_HumanoidRootPart_Torso.Parent = Torso_k1_HumanoidRootPart_Torso



-- Keyframe 2 (Time: 0.06666667014360428)
 keyframe2 = Instance.new("Keyframe")
keyframe2.Time = 0.06666667014360428
keyframe2.Parent = KeyframeSequence

--HumanoidRootPart
 HumanoidRootPart_k2_HumanoidRootPart = Instance.new("Pose")
HumanoidRootPart_k2_HumanoidRootPart.Name = "HumanoidRootPart"
HumanoidRootPart_k2_HumanoidRootPart.CFrame = cf(0.000000, 0.000000, 0.000000, 1.000000, 0.000000, 0.000000, 0.000000, 1.000000, 0.000000, 0.000000, 0.000000, 1.000000)
HumanoidRootPart_k2_HumanoidRootPart.Parent = keyframe2



--Torso
 Torso_k2_HumanoidRootPart_Torso = Instance.new("Pose")
Torso_k2_HumanoidRootPart_Torso.Name = "Torso"
Torso_k2_HumanoidRootPart_Torso.CFrame = cf(0.000000, 0.000000, -0.098591, 0.993408, 0.109567, -0.033705, -0.109635, 0.993972, -0.000152, 0.033486, 0.003846, 0.999432)
Torso_k2_HumanoidRootPart_Torso.Parent = HumanoidRootPart_k2_HumanoidRootPart



--Left Leg
 Left_Leg_k2_HumanoidRootPart_Torso = Instance.new("Pose")
Left_Leg_k2_HumanoidRootPart_Torso.Name = "Left Leg"
Left_Leg_k2_HumanoidRootPart_Torso.CFrame = cf(-0.352699, 0.091966, 0.047314, 0.916090, -0.315985, 0.246846, 0.216640, 0.908074, 0.358425, -0.337412, -0.274873, 0.900332)
Left_Leg_k2_HumanoidRootPart_Torso.Parent = Torso_k2_HumanoidRootPart_Torso



--Right Arm
 Right_Arm_k2_HumanoidRootPart_Torso = Instance.new("Pose")
Right_Arm_k2_HumanoidRootPart_Torso.Name = "Right Arm"
Right_Arm_k2_HumanoidRootPart_Torso.CFrame = cf(-0.098459, -0.094473, 0.505053, 0.943026, 0.008067, -0.332620, 0.329669, -0.157693, 0.930834, -0.044942, -0.987455, -0.151368)
Right_Arm_k2_HumanoidRootPart_Torso.Parent = Torso_k2_HumanoidRootPart_Torso



--Right Leg
 Right_Leg_k2_HumanoidRootPart_Torso = Instance.new("Pose")
Right_Leg_k2_HumanoidRootPart_Torso.Name = "Right Leg"
Right_Leg_k2_HumanoidRootPart_Torso.CFrame = cf(0.343618, 0.132391, 0.011658, 0.963787, 0.186909, -0.190207, -0.102666, 0.918352, 0.382216, 0.246117, -0.348847, 0.904285)
Right_Leg_k2_HumanoidRootPart_Torso.Parent = Torso_k2_HumanoidRootPart_Torso



--Left Arm
 Left_Arm_k2_HumanoidRootPart_Torso = Instance.new("Pose")
Left_Arm_k2_HumanoidRootPart_Torso.Name = "Left Arm"
Left_Arm_k2_HumanoidRootPart_Torso.CFrame = cf(-0.340845, -0.528740, 0.241396, 0.008542, 0.885775, -0.464036, -0.209240, 0.455363, 0.865369, 0.977827, 0.089703, 0.189230)
Left_Arm_k2_HumanoidRootPart_Torso.Parent = Torso_k2_HumanoidRootPart_Torso



-- Keyframe 3 (Time: 0.13333334028720856)
 keyframe3 = Instance.new("Keyframe")
keyframe3.Time = 0.13333334028720856
keyframe3.Parent = KeyframeSequence

--HumanoidRootPart
 HumanoidRootPart_k3_HumanoidRootPart = Instance.new("Pose")
HumanoidRootPart_k3_HumanoidRootPart.Name = "HumanoidRootPart"
HumanoidRootPart_k3_HumanoidRootPart.CFrame = cf(0.000000, 0.000000, 0.000000, 1.000000, 0.000000, 0.000000, 0.000000, 1.000000, 0.000000, 0.000000, 0.000000, 1.000000)
HumanoidRootPart_k3_HumanoidRootPart.Parent = keyframe3



--Torso
 Torso_k3_HumanoidRootPart_Torso = Instance.new("Pose")
Torso_k3_HumanoidRootPart_Torso.Name = "Torso"
Torso_k3_HumanoidRootPart_Torso.CFrame = cf(0.000000, 0.000000, -0.016323, 0.989902, 0.135283, 0.042337, -0.135350, 0.990797, -0.001291, -0.042122, -0.004453, 0.999102)
Torso_k3_HumanoidRootPart_Torso.Parent = HumanoidRootPart_k3_HumanoidRootPart



--Left Leg
 Left_Leg_k3_HumanoidRootPart_Torso = Instance.new("Pose")
Left_Leg_k3_HumanoidRootPart_Torso.Name = "Left Leg"
Left_Leg_k3_HumanoidRootPart_Torso.CFrame = cf(-0.321966, 0.084639, 0.009972, 0.917178, -0.317363, 0.240967, 0.176850, 0.866096, 0.467548, -0.357083, -0.386209, 0.850490)
Left_Leg_k3_HumanoidRootPart_Torso.Parent = Torso_k3_HumanoidRootPart_Torso



--Right Arm
 Right_Arm_k3_HumanoidRootPart_Torso = Instance.new("Pose")
Right_Arm_k3_HumanoidRootPart_Torso.Name = "Right Arm"
Right_Arm_k3_HumanoidRootPart_Torso.CFrame = cf(-0.099148, -0.196715, 0.485618, 0.954190, -0.003018, -0.299187, 0.298957, -0.030870, 0.953767, -0.012114, -0.999519, -0.028554)
Right_Arm_k3_HumanoidRootPart_Torso.Parent = Torso_k3_HumanoidRootPart_Torso



--Head
 Head_k3_HumanoidRootPart_Torso_Head = Instance.new("Pose")
Head_k3_HumanoidRootPart_Torso_Head.Name = "Head"
Head_k3_HumanoidRootPart_Torso_Head.CFrame = cf(0.000001, 0.000002, 0.000000, 0.982237, -0.148738, -0.114402, 0.148091, 0.988872, -0.014181, 0.115239, -0.003013, 0.993333)
Head_k3_HumanoidRootPart_Torso_Head.Parent = Torso_k3_HumanoidRootPart_Torso



--Right Leg
 Right_Leg_k3_HumanoidRootPart_Torso = Instance.new("Pose")
Right_Leg_k3_HumanoidRootPart_Torso.Name = "Right Leg"
Right_Leg_k3_HumanoidRootPart_Torso.CFrame = cf(0.299541, 0.004714, -0.007467, 0.964774, 0.168429, -0.202098, -0.107855, 0.953892, 0.280102, 0.239957, -0.248437, 0.938456)
Right_Leg_k3_HumanoidRootPart_Torso.Parent = Torso_k3_HumanoidRootPart_Torso



--Left Arm
 Left_Arm_k3_HumanoidRootPart_Torso = Instance.new("Pose")
Left_Arm_k3_HumanoidRootPart_Torso.Name = "Left Arm"
Left_Arm_k3_HumanoidRootPart_Torso.CFrame = cf(-0.340847, -0.528740, 0.241395, 0.006142, 0.912426, -0.409196, -0.233754, 0.399177, 0.886576, 0.972276, 0.090205, 0.215735)
Left_Arm_k3_HumanoidRootPart_Torso.Parent = Torso_k3_HumanoidRootPart_Torso



-- Keyframe 4 (Time: 0.20000000298023224)
 keyframe4 = Instance.new("Keyframe")
keyframe4.Time = 0.20000000298023224
keyframe4.Parent = KeyframeSequence

--HumanoidRootPart
 HumanoidRootPart_k4_HumanoidRootPart = Instance.new("Pose")
HumanoidRootPart_k4_HumanoidRootPart.Name = "HumanoidRootPart"
HumanoidRootPart_k4_HumanoidRootPart.CFrame = cf(0.000000, 0.000000, 0.000000, 1.000000, 0.000000, 0.000000, 0.000000, 1.000000, 0.000000, 0.000000, 0.000000, 1.000000)
HumanoidRootPart_k4_HumanoidRootPart.Parent = keyframe4



--Torso
 Torso_k4_HumanoidRootPart_Torso = Instance.new("Pose")
Torso_k4_HumanoidRootPart_Torso.Name = "Torso"
Torso_k4_HumanoidRootPart_Torso.CFrame = cf(0.000000, 0.000000, 0.010049, 0.989526, 0.120013, 0.080217, -0.120246, 0.992742, -0.001940, -0.079868, -0.007726, 0.996776)
Torso_k4_HumanoidRootPart_Torso.Parent = HumanoidRootPart_k4_HumanoidRootPart



--Left Leg
 Left_Leg_k4_HumanoidRootPart_Torso = Instance.new("Pose")
Left_Leg_k4_HumanoidRootPart_Torso.Name = "Left Leg"
Left_Leg_k4_HumanoidRootPart_Torso.CFrame = cf(-0.297102, 0.078471, -0.024216, 0.926262, -0.295890, 0.233428, 0.142760, 0.848675, 0.509283, -0.348796, -0.438405, 0.828337)
Left_Leg_k4_HumanoidRootPart_Torso.Parent = Torso_k4_HumanoidRootPart_Torso



--Right Arm
 Right_Arm_k4_HumanoidRootPart_Torso = Instance.new("Pose")
Right_Arm_k4_HumanoidRootPart_Torso.Name = "Right Arm"
Right_Arm_k4_HumanoidRootPart_Torso.CFrame = cf(-0.100248, -0.283386, 0.461073, 0.959395, -0.026065, -0.280861, 0.281065, 0.004446, 0.959678, -0.023766, -0.999650, 0.011592)
Right_Arm_k4_HumanoidRootPart_Torso.Parent = Torso_k4_HumanoidRootPart_Torso



--Head
 Head_k4_HumanoidRootPart_Torso_Head = Instance.new("Pose")
Head_k4_HumanoidRootPart_Torso_Head.Name = "Head"
Head_k4_HumanoidRootPart_Torso_Head.CFrame = cf(0.000000, 0.000000, 0.000000, 0.980313, -0.119126, -0.157465, 0.125835, 0.991492, 0.033307, 0.152158, -0.052466, 0.986963)
Head_k4_HumanoidRootPart_Torso_Head.Parent = Torso_k4_HumanoidRootPart_Torso



--Right Leg
 Right_Leg_k4_HumanoidRootPart_Torso = Instance.new("Pose")
Right_Leg_k4_HumanoidRootPart_Torso.Name = "Right Leg"
Right_Leg_k4_HumanoidRootPart_Torso.CFrame = cf(0.255707, -0.025034, -0.024978, 0.948216, 0.176078, -0.264353, -0.121161, 0.969860, 0.211401, 0.293609, -0.168425, 0.940971)
Right_Leg_k4_HumanoidRootPart_Torso.Parent = Torso_k4_HumanoidRootPart_Torso



--Left Arm
 Left_Arm_k4_HumanoidRootPart_Torso = Instance.new("Pose")
Left_Arm_k4_HumanoidRootPart_Torso.Name = "Left Arm"
Left_Arm_k4_HumanoidRootPart_Torso.CFrame = cf(-0.340851, -0.528741, 0.241397, -0.018917, 0.910992, -0.411989, -0.289263, 0.389454, 0.874444, 0.957063, 0.135715, 0.256148)
Left_Arm_k4_HumanoidRootPart_Torso.Parent = Torso_k4_HumanoidRootPart_Torso



-- Keyframe 5 (Time: 0.23333333432674408)
 keyframe5 = Instance.new("Keyframe")
keyframe5.Time = 0.23333333432674408
keyframe5.Parent = KeyframeSequence

--HumanoidRootPart
 HumanoidRootPart_k5_HumanoidRootPart = Instance.new("Pose")
HumanoidRootPart_k5_HumanoidRootPart.Name = "HumanoidRootPart"
HumanoidRootPart_k5_HumanoidRootPart.CFrame = cf(0.000000, 0.000000, 0.000000, 1.000000, 0.000000, 0.000000, 0.000000, 1.000000, 0.000000, 0.000000, 0.000000, 1.000000)
HumanoidRootPart_k5_HumanoidRootPart.Parent = keyframe5



--Torso
 Torso_k5_HumanoidRootPart_Torso = Instance.new("Pose")
Torso_k5_HumanoidRootPart_Torso.Name = "Torso"
Torso_k5_HumanoidRootPart_Torso.CFrame = cf(0.000000, 0.000000, 0.000507, 0.986070, 0.156756, 0.055621, -0.156748, 0.987628, -0.004531, -0.055644, -0.004251, 0.998442)
Torso_k5_HumanoidRootPart_Torso.Parent = HumanoidRootPart_k5_HumanoidRootPart



--Left Leg
 Left_Leg_k5_HumanoidRootPart_Torso = Instance.new("Pose")
Left_Leg_k5_HumanoidRootPart_Torso.Name = "Left Leg"
Left_Leg_k5_HumanoidRootPart_Torso.CFrame = cf(-0.291334, 0.054851, -0.025605, 0.924383, -0.307199, 0.226150, 0.162294, 0.853228, 0.495643, -0.345219, -0.421462, 0.838567)
Left_Leg_k5_HumanoidRootPart_Torso.Parent = Torso_k5_HumanoidRootPart_Torso



--Right Leg
 Right_Leg_k5_HumanoidRootPart_Torso = Instance.new("Pose")
Right_Leg_k5_HumanoidRootPart_Torso.Name = "Right Leg"
Right_Leg_k5_HumanoidRootPart_Torso.CFrame = cf(0.255629, 0.008534, -0.024289, 0.964168, 0.134719, -0.228541, -0.076515, 0.966072, 0.246676, 0.254019, -0.220350, 0.941764)
Right_Leg_k5_HumanoidRootPart_Torso.Parent = Torso_k5_HumanoidRootPart_Torso



-- Keyframe 6 (Time: 0.30000001192092896)
 keyframe6 = Instance.new("Keyframe")
keyframe6.Time = 0.30000001192092896
keyframe6.Parent = KeyframeSequence

--HumanoidRootPart
 HumanoidRootPart_k6_HumanoidRootPart = Instance.new("Pose")
HumanoidRootPart_k6_HumanoidRootPart.Name = "HumanoidRootPart"
HumanoidRootPart_k6_HumanoidRootPart.CFrame = cf(0.000000, 0.000000, 0.000000, 1.000000, 0.000000, 0.000000, 0.000000, 1.000000, 0.000000, 0.000000, 0.000000, 1.000000)
HumanoidRootPart_k6_HumanoidRootPart.Parent = keyframe6



--Torso
 Torso_k6_HumanoidRootPart_Torso = Instance.new("Pose")
Torso_k6_HumanoidRootPart_Torso.Name = "Torso"
Torso_k6_HumanoidRootPart_Torso.CFrame = cf(0.000000, 0.000000, -0.023709, 0.973199, 0.227131, -0.035978, -0.227480, 0.973765, -0.005891, 0.033696, 0.013917, 0.999335)
Torso_k6_HumanoidRootPart_Torso.Parent = HumanoidRootPart_k6_HumanoidRootPart



--Left Leg
 Left_Leg_k6_HumanoidRootPart_Torso = Instance.new("Pose")
Left_Leg_k6_HumanoidRootPart_Torso.Name = "Left Leg"
Left_Leg_k6_HumanoidRootPart_Torso.CFrame = cf(-0.292025, 0.023170, -0.027834, 0.922775, -0.306736, 0.233237, 0.206401, 0.904572, 0.373024, -0.325400, -0.296077, 0.898027)
Left_Leg_k6_HumanoidRootPart_Torso.Parent = Torso_k6_HumanoidRootPart_Torso



--Right Arm
 Right_Arm_k6_HumanoidRootPart_Torso = Instance.new("Pose")
Right_Arm_k6_HumanoidRootPart_Torso.Name = "Right Arm"
Right_Arm_k6_HumanoidRootPart_Torso.CFrame = cf(-0.019821, -0.282900, 0.442283, 0.940908, -0.221200, -0.256442, 0.257295, -0.025456, 0.965997, -0.220206, -0.974896, 0.032962)
Right_Arm_k6_HumanoidRootPart_Torso.Parent = Torso_k6_HumanoidRootPart_Torso



--Head
 Head_k6_HumanoidRootPart_Torso_Head = Instance.new("Pose")
Head_k6_HumanoidRootPart_Torso_Head.Name = "Head"
Head_k6_HumanoidRootPart_Torso_Head.CFrame = cf(0.000004, -0.000008, 0.000001, 0.968524, -0.247053, -0.030432, 0.246320, 0.968842, -0.025919, 0.035887, 0.017607, 0.999201)
Head_k6_HumanoidRootPart_Torso_Head.Parent = Torso_k6_HumanoidRootPart_Torso



--Right Leg
 Right_Leg_k6_HumanoidRootPart_Torso = Instance.new("Pose")
Right_Leg_k6_HumanoidRootPart_Torso.Name = "Right Leg"
Right_Leg_k6_HumanoidRootPart_Torso.CFrame = cf(0.313791, 0.102113, -0.041723, 0.958358, 0.123485, -0.257492, -0.018627, 0.926785, 0.375129, 0.284962, -0.354712, 0.890492)
Right_Leg_k6_HumanoidRootPart_Torso.Parent = Torso_k6_HumanoidRootPart_Torso



--Left Arm
 Left_Arm_k6_HumanoidRootPart_Torso = Instance.new("Pose")
Left_Arm_k6_HumanoidRootPart_Torso.Name = "Left Arm"
Left_Arm_k6_HumanoidRootPart_Torso.CFrame = cf(-0.260412, -0.529817, 0.244284, 0.123035, 0.921936, -0.367281, -0.366805, 0.386131, 0.846378, 0.922126, 0.030586, 0.385679)
Left_Arm_k6_HumanoidRootPart_Torso.Parent = Torso_k6_HumanoidRootPart_Torso



-- Keyframe 7 (Time: 0.36666667461395264)
 keyframe7 = Instance.new("Keyframe")
keyframe7.Time = 0.36666667461395264
keyframe7.Parent = KeyframeSequence

--HumanoidRootPart
 HumanoidRootPart_k7_HumanoidRootPart = Instance.new("Pose")
HumanoidRootPart_k7_HumanoidRootPart.Name = "HumanoidRootPart"
HumanoidRootPart_k7_HumanoidRootPart.CFrame = cf(0.000000, 0.000000, 0.000000, 1.000000, 0.000000, 0.000000, 0.000000, 1.000000, 0.000000, 0.000000, 0.000000, 1.000000)
HumanoidRootPart_k7_HumanoidRootPart.Parent = keyframe7



--Torso
 Torso_k7_HumanoidRootPart_Torso = Instance.new("Pose")
Torso_k7_HumanoidRootPart_Torso.Name = "Torso"
Torso_k7_HumanoidRootPart_Torso.CFrame = cf(0.000000, 0.000000, -0.133247, 0.981831, 0.187527, -0.029001, -0.188377, 0.981638, -0.030014, 0.022840, 0.034932, 0.999129)
Torso_k7_HumanoidRootPart_Torso.Parent = HumanoidRootPart_k7_HumanoidRootPart



--Left Leg
 Left_Leg_k7_HumanoidRootPart_Torso = Instance.new("Pose")
Left_Leg_k7_HumanoidRootPart_Torso.Name = "Left Leg"
Left_Leg_k7_HumanoidRootPart_Torso.CFrame = cf(-0.414835, 0.142307, 0.031260, 0.909652, -0.337493, 0.242140, 0.233555, 0.897649, 0.373736, -0.343490, -0.283417, 0.895371)
Left_Leg_k7_HumanoidRootPart_Torso.Parent = Torso_k7_HumanoidRootPart_Torso



--Right Arm
 Right_Arm_k7_HumanoidRootPart_Torso = Instance.new("Pose")
Right_Arm_k7_HumanoidRootPart_Torso.Name = "Right Arm"
Right_Arm_k7_HumanoidRootPart_Torso.CFrame = cf(-0.042938, -0.281636, 0.450076, 0.944797, -0.110567, -0.308437, 0.309399, -0.008784, 0.950891, -0.107846, -0.993830, 0.025910)
Right_Arm_k7_HumanoidRootPart_Torso.Parent = Torso_k7_HumanoidRootPart_Torso



--Head
 Head_k7_HumanoidRootPart_Torso_Head = Instance.new("Pose")
Head_k7_HumanoidRootPart_Torso_Head.Name = "Head"
Head_k7_HumanoidRootPart_Torso_Head.CFrame = cf(0.000007, -0.000008, 0.000002, 0.985392, -0.170222, 0.005273, 0.170202, 0.985400, 0.004153, -0.005903, -0.003195, 0.999978)
Head_k7_HumanoidRootPart_Torso_Head.Parent = Torso_k7_HumanoidRootPart_Torso



--Right Leg
 Right_Leg_k7_HumanoidRootPart_Torso = Instance.new("Pose")
Right_Leg_k7_HumanoidRootPart_Torso.Name = "Right Leg"
Right_Leg_k7_HumanoidRootPart_Torso.CFrame = cf(0.425610, 0.213814, 0.011975, 0.931948, 0.186830, -0.310753, -0.070241, 0.933821, 0.350776, 0.355723, -0.305078, 0.883396)
Right_Leg_k7_HumanoidRootPart_Torso.Parent = Torso_k7_HumanoidRootPart_Torso



--Left Arm
 Left_Arm_k7_HumanoidRootPart_Torso = Instance.new("Pose")
Left_Arm_k7_HumanoidRootPart_Torso.Name = "Left Arm"
Left_Arm_k7_HumanoidRootPart_Torso.CFrame = cf(-0.311790, -0.527323, 0.266352, 0.046377, 0.958391, -0.281665, -0.386669, 0.277210, 0.879569, 0.921052, 0.068120, 0.383437)
Left_Arm_k7_HumanoidRootPart_Torso.Parent = Torso_k7_HumanoidRootPart_Torso



-- Keyframe 8 (Time: 0.4333333373069763)
 keyframe8 = Instance.new("Keyframe")
keyframe8.Time = 0.4333333373069763
keyframe8.Parent = KeyframeSequence

--HumanoidRootPart
 HumanoidRootPart_k8_HumanoidRootPart = Instance.new("Pose")
HumanoidRootPart_k8_HumanoidRootPart.Name = "HumanoidRootPart"
HumanoidRootPart_k8_HumanoidRootPart.CFrame = cf(0.000000, 0.000000, 0.000000, 1.000000, 0.000000, 0.000000, 0.000000, 1.000000, 0.000000, 0.000000, 0.000000, 1.000000)
HumanoidRootPart_k8_HumanoidRootPart.Parent = keyframe8



--Torso
 Torso_k8_HumanoidRootPart_Torso = Instance.new("Pose")
Torso_k8_HumanoidRootPart_Torso.Name = "Torso"
Torso_k8_HumanoidRootPart_Torso.CFrame = cf(0.000000, 0.000000, -0.221213, 0.996033, 0.084871, 0.026733, -0.084603, 0.996354, -0.011023, -0.027571, 0.008717, 0.999582)
Torso_k8_HumanoidRootPart_Torso.Parent = HumanoidRootPart_k8_HumanoidRootPart



--Left Leg
 Left_Leg_k8_HumanoidRootPart_Torso = Instance.new("Pose")
Left_Leg_k8_HumanoidRootPart_Torso.Name = "Left Leg"
Left_Leg_k8_HumanoidRootPart_Torso.CFrame = cf(-0.536083, 0.254438, 0.090203, 0.897879, -0.383815, 0.215638, 0.262963, 0.860410, 0.436515, -0.353078, -0.335232, 0.873473)
Left_Leg_k8_HumanoidRootPart_Torso.Parent = Torso_k8_HumanoidRootPart_Torso



--Right Arm
 Right_Arm_k8_HumanoidRootPart_Torso = Instance.new("Pose")
Right_Arm_k8_HumanoidRootPart_Torso.Name = "Right Arm"
Right_Arm_k8_HumanoidRootPart_Torso.CFrame = cf(-0.098116, -0.328822, 0.459663, 0.935105, 0.088065, -0.343253, 0.345407, -0.010033, 0.938399, 0.079197, -0.996064, -0.039800)
Right_Arm_k8_HumanoidRootPart_Torso.Parent = Torso_k8_HumanoidRootPart_Torso



--Head
 Head_k8_HumanoidRootPart_Torso_Head = Instance.new("Pose")
Head_k8_HumanoidRootPart_Torso_Head.Name = "Head"
Head_k8_HumanoidRootPart_Torso_Head.CFrame = cf(0.000005, -0.000008, 0.000002, 0.986708, -0.098275, -0.129423, 0.095335, 0.995030, -0.028738, 0.131604, 0.016017, 0.991173)
Head_k8_HumanoidRootPart_Torso_Head.Parent = Torso_k8_HumanoidRootPart_Torso



--Right Leg
 Right_Leg_k8_HumanoidRootPart_Torso = Instance.new("Pose")
Right_Leg_k8_HumanoidRootPart_Torso.Name = "Right Leg"
Right_Leg_k8_HumanoidRootPart_Torso.CFrame = cf(0.435951, 0.214693, 0.087346, 0.886523, 0.296919, -0.354846, -0.193227, 0.934437, 0.299150, 0.420405, -0.196637, 0.885773)
Right_Leg_k8_HumanoidRootPart_Torso.Parent = Torso_k8_HumanoidRootPart_Torso



--Left Arm
 Left_Arm_k8_HumanoidRootPart_Torso = Instance.new("Pose")
Left_Arm_k8_HumanoidRootPart_Torso.Name = "Left Arm"
Left_Arm_k8_HumanoidRootPart_Torso.CFrame = cf(-0.342405, -0.528081, 0.222576, -0.037175, 0.946645, -0.320127, -0.370300, 0.284493, 0.884274, 0.928168, 0.151415, 0.339967)
Left_Arm_k8_HumanoidRootPart_Torso.Parent = Torso_k8_HumanoidRootPart_Torso



-- Keyframe 9 (Time: 0.5)
 keyframe9 = Instance.new("Keyframe")
keyframe9.Time = 0.5
keyframe9.Parent = KeyframeSequence

--HumanoidRootPart
 HumanoidRootPart_k9_HumanoidRootPart = Instance.new("Pose")
HumanoidRootPart_k9_HumanoidRootPart.Name = "HumanoidRootPart"
HumanoidRootPart_k9_HumanoidRootPart.CFrame = cf(0.000000, 0.000000, 0.000000, 1.000000, 0.000000, 0.000000, 0.000000, 1.000000, 0.000000, 0.000000, 0.000000, 1.000000)
HumanoidRootPart_k9_HumanoidRootPart.Parent = keyframe9



--Torso
 Torso_k9_HumanoidRootPart_Torso = Instance.new("Pose")
Torso_k9_HumanoidRootPart_Torso.Name = "Torso"
Torso_k9_HumanoidRootPart_Torso.CFrame = cf(-0.013746, 0.000000, -0.255716, 0.998424, 0.038608, -0.040741, -0.040300, 0.998324, -0.041542, 0.039068, 0.043118, 0.998306)
Torso_k9_HumanoidRootPart_Torso.Parent = HumanoidRootPart_k9_HumanoidRootPart



--Left Leg
 Left_Leg_k9_HumanoidRootPart_Torso = Instance.new("Pose")
Left_Leg_k9_HumanoidRootPart_Torso.Name = "Left Leg"
Left_Leg_k9_HumanoidRootPart_Torso.CFrame = cf(-0.378103, 0.255410, 0.087045, 0.931237, -0.244736, 0.270004, 0.158576, 0.939244, 0.304423, -0.328103, -0.240674, 0.913468)
Left_Leg_k9_HumanoidRootPart_Torso.Parent = Torso_k9_HumanoidRootPart_Torso



--Right Arm
 Right_Arm_k9_HumanoidRootPart_Torso = Instance.new("Pose")
Right_Arm_k9_HumanoidRootPart_Torso.Name = "Right Arm"
Right_Arm_k9_HumanoidRootPart_Torso.CFrame = cf(-0.094936, -0.285010, 0.458161, 0.946941, 0.132344, -0.292894, 0.308385, -0.117361, 0.943994, 0.090558, -0.984231, -0.151947)
Right_Arm_k9_HumanoidRootPart_Torso.Parent = Torso_k9_HumanoidRootPart_Torso



--Right Leg
 Right_Leg_k9_HumanoidRootPart_Torso = Instance.new("Pose")
Right_Leg_k9_HumanoidRootPart_Torso.Name = "Right Leg"
Right_Leg_k9_HumanoidRootPart_Torso.CFrame = cf(0.326317, 0.323545, 0.076178, 0.896326, 0.233449, -0.376964, -0.085959, 0.925533, 0.368781, 0.434984, -0.298144, 0.849646)
Right_Leg_k9_HumanoidRootPart_Torso.Parent = Torso_k9_HumanoidRootPart_Torso



--Left Arm
 Left_Arm_k9_HumanoidRootPart_Torso = Instance.new("Pose")
Left_Arm_k9_HumanoidRootPart_Torso.Name = "Left Arm"
Left_Arm_k9_HumanoidRootPart_Torso.CFrame = cf(-0.383255, -0.526591, 0.216476, -0.084534, 0.944622, -0.317084, -0.353276, 0.269138, 0.895969, 0.931692, 0.187758, 0.310962)
Left_Arm_k9_HumanoidRootPart_Torso.Parent = Torso_k9_HumanoidRootPart_Torso



-- Keyframe 10 (Time: 0.5666666626930237)
 keyframe10 = Instance.new("Keyframe")
keyframe10.Time = 0.5666666626930237
keyframe10.Parent = KeyframeSequence

--HumanoidRootPart
 HumanoidRootPart_k10_HumanoidRootPart = Instance.new("Pose")
HumanoidRootPart_k10_HumanoidRootPart.Name = "HumanoidRootPart"
HumanoidRootPart_k10_HumanoidRootPart.CFrame = cf(0.000000, 0.000000, 0.000000, 1.000000, 0.000000, 0.000000, 0.000000, 1.000000, 0.000000, 0.000000, 0.000000, 1.000000)
HumanoidRootPart_k10_HumanoidRootPart.Parent = keyframe10



--Torso
 Torso_k10_HumanoidRootPart_Torso = Instance.new("Pose")
Torso_k10_HumanoidRootPart_Torso.Name = "Torso"
Torso_k10_HumanoidRootPart_Torso.CFrame = cf(-0.044558, 0.000000, -0.169717, 0.994140, -0.008123, -0.107796, 0.005900, 0.999764, -0.020920, 0.107941, 0.020162, 0.993953)
Torso_k10_HumanoidRootPart_Torso.Parent = HumanoidRootPart_k10_HumanoidRootPart



--Left Leg
 Left_Leg_k10_HumanoidRootPart_Torso = Instance.new("Pose")
Left_Leg_k10_HumanoidRootPart_Torso.Name = "Left Leg"
Left_Leg_k10_HumanoidRootPart_Torso.CFrame = cf(-0.225439, 0.128209, 0.032257, 0.943225, -0.174552, 0.282591, 0.115945, 0.970294, 0.212336, -0.311260, -0.167515, 0.935444)
Left_Leg_k10_HumanoidRootPart_Torso.Parent = Torso_k10_HumanoidRootPart_Torso



--Right Arm
 Right_Arm_k10_HumanoidRootPart_Torso = Instance.new("Pose")
Right_Arm_k10_HumanoidRootPart_Torso.Name = "Right Arm"
Right_Arm_k10_HumanoidRootPart_Torso.CFrame = cf(-0.108007, -0.224315, 0.449049, 0.932976, 0.104319, -0.344489, 0.358051, -0.171102, 0.917891, 0.036810, -0.979715, -0.196986)
Right_Arm_k10_HumanoidRootPart_Torso.Parent = Torso_k10_HumanoidRootPart_Torso



--Head
 Head_k10_HumanoidRootPart_Torso_Head = Instance.new("Pose")
Head_k10_HumanoidRootPart_Torso_Head.Name = "Head"
Head_k10_HumanoidRootPart_Torso_Head.CFrame = cf(0.000004, -0.000008, 0.000002, 0.994752, 0.027603, 0.098517, -0.024827, 0.999262, -0.029296, -0.099253, 0.026697, 0.994704)
Head_k10_HumanoidRootPart_Torso_Head.Parent = Torso_k10_HumanoidRootPart_Torso



--Right Leg
 Right_Leg_k10_HumanoidRootPart_Torso = Instance.new("Pose")
Right_Leg_k10_HumanoidRootPart_Torso.Name = "Right Leg"
Right_Leg_k10_HumanoidRootPart_Torso.CFrame = cf(0.109219, 0.292176, 0.072325, 0.898883, 0.170888, -0.403493, 0.018084, 0.905568, 0.423814, 0.437816, -0.388256, 0.810910)
Right_Leg_k10_HumanoidRootPart_Torso.Parent = Torso_k10_HumanoidRootPart_Torso



--Left Arm
 Left_Arm_k10_HumanoidRootPart_Torso = Instance.new("Pose")
Left_Arm_k10_HumanoidRootPart_Torso.Name = "Left Arm"
Left_Arm_k10_HumanoidRootPart_Torso.CFrame = cf(-0.424109, -0.525101, 0.210376, -0.092976, 0.901255, -0.423196, -0.351100, 0.368058, 0.860966, 0.931710, 0.228633, 0.282210)
Left_Arm_k10_HumanoidRootPart_Torso.Parent = Torso_k10_HumanoidRootPart_Torso



-- Keyframe 11 (Time: 0.6666666865348816)
 keyframe11 = Instance.new("Keyframe")
keyframe11.Time = 0.6666666865348816
keyframe11.Parent = KeyframeSequence

--HumanoidRootPart
 HumanoidRootPart_k11_HumanoidRootPart = Instance.new("Pose")
HumanoidRootPart_k11_HumanoidRootPart.Name = "HumanoidRootPart"
HumanoidRootPart_k11_HumanoidRootPart.CFrame = cf(0.000000, 0.000000, 0.000000, 1.000000, 0.000000, 0.000000, 0.000000, 1.000000, 0.000000, 0.000000, 0.000000, 1.000000)
HumanoidRootPart_k11_HumanoidRootPart.Parent = keyframe11



--Torso
 Torso_k11_HumanoidRootPart_Torso = Instance.new("Pose")
Torso_k11_HumanoidRootPart_Torso.Name = "Torso"
Torso_k11_HumanoidRootPart_Torso.CFrame = cf(-0.043781, 0.000000, -0.053388, 0.999355, -0.034807, 0.008815, 0.034983, 0.999174, -0.020671, -0.008088, 0.020966, 0.999747)
Torso_k11_HumanoidRootPart_Torso.Parent = HumanoidRootPart_k11_HumanoidRootPart



--Left Leg
 Left_Leg_k11_HumanoidRootPart_Torso = Instance.new("Pose")
Left_Leg_k11_HumanoidRootPart_Torso.Name = "Left Leg"
Left_Leg_k11_HumanoidRootPart_Torso.CFrame = cf(-0.128761, 0.139711, -0.056361, 0.955206, -0.099461, 0.278728, -0.016865, 0.922006, 0.386806, -0.295461, -0.374180, 0.879029)
Left_Leg_k11_HumanoidRootPart_Torso.Parent = Torso_k11_HumanoidRootPart_Torso



--Right Arm
 Right_Arm_k11_HumanoidRootPart_Torso = Instance.new("Pose")
Right_Arm_k11_HumanoidRootPart_Torso.Name = "Right Arm"
Right_Arm_k11_HumanoidRootPart_Torso.CFrame = cf(-0.161686, -0.291562, 0.446588, 0.968566, 0.128168, -0.213197, 0.214008, 0.007568, 0.976802, 0.126809, -0.991723, -0.020099)
Right_Arm_k11_HumanoidRootPart_Torso.Parent = Torso_k11_HumanoidRootPart_Torso



--Head
 Head_k11_HumanoidRootPart_Torso_Head = Instance.new("Pose")
Head_k11_HumanoidRootPart_Torso_Head.Name = "Head"
Head_k11_HumanoidRootPart_Torso_Head.CFrame = cf(0.000004, -0.000010, 0.000002, 0.997069, 0.019565, -0.073970, -0.021334, 0.999503, -0.023210, 0.073479, 0.024720, 0.996990)
Head_k11_HumanoidRootPart_Torso_Head.Parent = Torso_k11_HumanoidRootPart_Torso



--Right Leg
 Right_Leg_k11_HumanoidRootPart_Torso = Instance.new("Pose")
Right_Leg_k11_HumanoidRootPart_Torso.Name = "Right Leg"
Right_Leg_k11_HumanoidRootPart_Torso.CFrame = cf(0.018515, 0.076773, -0.002818, 0.955819, 0.090978, -0.279521, -0.009183, 0.959677, 0.280955, 0.293811, -0.265975, 0.918113)
Right_Leg_k11_HumanoidRootPart_Torso.Parent = Torso_k11_HumanoidRootPart_Torso



--Left Arm
 Left_Arm_k11_HumanoidRootPart_Torso = Instance.new("Pose")
Left_Arm_k11_HumanoidRootPart_Torso.Name = "Left Arm"
Left_Arm_k11_HumanoidRootPart_Torso.CFrame = cf(-0.424112, -0.525101, 0.210376, -0.088257, 0.905149, -0.415831, -0.348961, 0.362908, 0.864016, 0.932972, 0.221365, 0.283833)
Left_Arm_k11_HumanoidRootPart_Torso.Parent = Torso_k11_HumanoidRootPart_Torso



-- Keyframe 12 (Time: 0.7333333492279053)
 keyframe12 = Instance.new("Keyframe")
keyframe12.Time = 0.7333333492279053
keyframe12.Parent = KeyframeSequence

--HumanoidRootPart
 HumanoidRootPart_k12_HumanoidRootPart = Instance.new("Pose")
HumanoidRootPart_k12_HumanoidRootPart.Name = "HumanoidRootPart"
HumanoidRootPart_k12_HumanoidRootPart.CFrame = cf(0.000000, 0.000000, 0.000000, 1.000000, 0.000000, 0.000000, 0.000000, 1.000000, 0.000000, 0.000000, 0.000000, 1.000000)
HumanoidRootPart_k12_HumanoidRootPart.Parent = keyframe12



--Torso
 Torso_k12_HumanoidRootPart_Torso = Instance.new("Pose")
Torso_k12_HumanoidRootPart_Torso.Name = "Torso"
Torso_k12_HumanoidRootPart_Torso.CFrame = cf(-0.043781, 0.000000, -0.022790, 0.999876, 0.015752, 0.000706, -0.015687, 0.998279, -0.056505, -0.001595, 0.056487, 0.998402)
Torso_k12_HumanoidRootPart_Torso.Parent = HumanoidRootPart_k12_HumanoidRootPart



--Left Leg
 Left_Leg_k12_HumanoidRootPart_Torso = Instance.new("Pose")
Left_Leg_k12_HumanoidRootPart_Torso.Name = "Left Leg"
Left_Leg_k12_HumanoidRootPart_Torso.CFrame = cf(-0.090212, 0.101279, -0.055086, 0.976642, -0.015909, 0.214281, -0.059708, 0.937886, 0.341767, -0.206408, -0.346578, 0.915030)
Left_Leg_k12_HumanoidRootPart_Torso.Parent = Torso_k12_HumanoidRootPart_Torso



--Head
 Head_k12_HumanoidRootPart_Torso_Head = Instance.new("Pose")
Head_k12_HumanoidRootPart_Torso_Head.Name = "Head"
Head_k12_HumanoidRootPart_Torso_Head.CFrame = cf(0.000004, -0.000010, 0.000002, 0.998911, -0.036182, 0.029467, 0.036076, 0.999341, 0.004109, -0.029596, -0.003041, 0.999557)
Head_k12_HumanoidRootPart_Torso_Head.Parent = Torso_k12_HumanoidRootPart_Torso



--Right Leg
 Right_Leg_k12_HumanoidRootPart_Torso = Instance.new("Pose")
Right_Leg_k12_HumanoidRootPart_Torso.Name = "Right Leg"
Right_Leg_k12_HumanoidRootPart_Torso.CFrame = cf(0.018444, 0.057153, -0.003066, 0.953603, 0.026206, -0.299925, 0.057226, 0.962266, 0.266024, 0.295579, -0.270845, 0.916120)
Right_Leg_k12_HumanoidRootPart_Torso.Parent = Torso_k12_HumanoidRootPart_Torso



-- Keyframe 13 (Time: 0.800000011920929)
 keyframe13 = Instance.new("Keyframe")
keyframe13.Time = 0.800000011920929
keyframe13.Parent = KeyframeSequence

--HumanoidRootPart
 HumanoidRootPart_k13_HumanoidRootPart = Instance.new("Pose")
HumanoidRootPart_k13_HumanoidRootPart.Name = "HumanoidRootPart"
HumanoidRootPart_k13_HumanoidRootPart.CFrame = cf(0.000000, 0.000000, 0.000000, 1.000000, 0.000000, 0.000000, 0.000000, 1.000000, 0.000000, 0.000000, 0.000000, 1.000000)
HumanoidRootPart_k13_HumanoidRootPart.Parent = keyframe13



--Torso
 Torso_k13_HumanoidRootPart_Torso = Instance.new("Pose")
Torso_k13_HumanoidRootPart_Torso.Name = "Torso"
Torso_k13_HumanoidRootPart_Torso.CFrame = cf(-0.043781, 0.000000, -0.053388, 0.995135, 0.097910, -0.010928, -0.098438, 0.992650, -0.070393, 0.003955, 0.071126, 0.997459)
Torso_k13_HumanoidRootPart_Torso.Parent = HumanoidRootPart_k13_HumanoidRootPart



--Left Leg
 Left_Leg_k13_HumanoidRootPart_Torso = Instance.new("Pose")
Left_Leg_k13_HumanoidRootPart_Torso.Name = "Left Leg"
Left_Leg_k13_HumanoidRootPart_Torso.CFrame = cf(-0.088381, 0.130899, -0.055075, 0.976244, -0.038982, 0.213138, -0.039078, 0.935875, 0.350157, -0.213121, -0.350167, 0.912120)
Left_Leg_k13_HumanoidRootPart_Torso.Parent = Torso_k13_HumanoidRootPart_Torso



--Right Arm
 Right_Arm_k13_HumanoidRootPart_Torso = Instance.new("Pose")
Right_Arm_k13_HumanoidRootPart_Torso.Name = "Right Arm"
Right_Arm_k13_HumanoidRootPart_Torso.CFrame = cf(-0.161682, -0.291563, 0.446588, 0.893674, -0.175227, -0.413088, 0.413592, -0.035387, 0.909774, -0.174035, -0.983892, 0.040848)
Right_Arm_k13_HumanoidRootPart_Torso.Parent = Torso_k13_HumanoidRootPart_Torso



--Head
 Head_k13_HumanoidRootPart_Torso_Head = Instance.new("Pose")
Head_k13_HumanoidRootPart_Torso_Head.Name = "Head"
Head_k13_HumanoidRootPart_Torso_Head.CFrame = cf(0.000004, -0.000010, 0.000002, 0.992973, -0.097048, 0.067726, 0.094874, 0.994888, 0.034605, -0.070738, -0.027937, 0.997104)
Head_k13_HumanoidRootPart_Torso_Head.Parent = Torso_k13_HumanoidRootPart_Torso



--Right Leg
 Right_Leg_k13_HumanoidRootPart_Torso = Instance.new("Pose")
Right_Leg_k13_HumanoidRootPart_Torso.Name = "Right Leg"
Right_Leg_k13_HumanoidRootPart_Torso.CFrame = cf(0.094072, 0.087026, -0.010985, 0.951840, 0.007753, -0.306497, 0.082109, 0.956718, 0.279194, 0.295396, -0.290914, 0.910005)
Right_Leg_k13_HumanoidRootPart_Torso.Parent = Torso_k13_HumanoidRootPart_Torso



--Left Arm
 Left_Arm_k13_HumanoidRootPart_Torso = Instance.new("Pose")
Left_Arm_k13_HumanoidRootPart_Torso.Name = "Left Arm"
Left_Arm_k13_HumanoidRootPart_Torso.CFrame = cf(-0.288378, -0.534727, 0.196916, 0.016149, 0.930528, -0.365864, -0.353837, 0.347552, 0.868336, 0.935168, 0.115434, 0.334868)
Left_Arm_k13_HumanoidRootPart_Torso.Parent = Torso_k13_HumanoidRootPart_Torso



-- Keyframe 14 (Time: 0.8666666746139526)
 keyframe14 = Instance.new("Keyframe")
keyframe14.Time = 0.8666666746139526
keyframe14.Parent = KeyframeSequence

--HumanoidRootPart
 HumanoidRootPart_k14_HumanoidRootPart = Instance.new("Pose")
HumanoidRootPart_k14_HumanoidRootPart.Name = "HumanoidRootPart"
HumanoidRootPart_k14_HumanoidRootPart.CFrame = cf(0.000000, 0.000000, 0.000000, 1.000000, 0.000000, 0.000000, 0.000000, 1.000000, 0.000000, 0.000000, 0.000000, 1.000000)
HumanoidRootPart_k14_HumanoidRootPart.Parent = keyframe14



--Torso
 Torso_k14_HumanoidRootPart_Torso = Instance.new("Pose")
Torso_k14_HumanoidRootPart_Torso.Name = "Torso"
Torso_k14_HumanoidRootPart_Torso.CFrame = cf(-0.043781, 0.000000, -0.159540, 0.989646, 0.130357, -0.060067, -0.134961, 0.987591, -0.080312, 0.048852, 0.087587, 0.994958)
Torso_k14_HumanoidRootPart_Torso.Parent = HumanoidRootPart_k14_HumanoidRootPart



--Left Leg
 Left_Leg_k14_HumanoidRootPart_Torso = Instance.new("Pose")
Left_Leg_k14_HumanoidRootPart_Torso.Name = "Left Leg"
Left_Leg_k14_HumanoidRootPart_Torso.CFrame = cf(-0.123684, 0.211789, -0.025061, 0.957072, -0.082146, 0.277965, 0.001784, 0.960650, 0.277756, -0.289843, -0.265337, 0.919558)
Left_Leg_k14_HumanoidRootPart_Torso.Parent = Torso_k14_HumanoidRootPart_Torso



--Right Arm
 Right_Arm_k14_HumanoidRootPart_Torso = Instance.new("Pose")
Right_Arm_k14_HumanoidRootPart_Torso.Name = "Right Arm"
Right_Arm_k14_HumanoidRootPart_Torso.CFrame = cf(-0.162323, -0.284208, 0.446224, 0.860462, -0.177989, -0.477415, 0.441111, -0.208720, 0.872844, -0.255003, -0.961642, -0.101083)
Right_Arm_k14_HumanoidRootPart_Torso.Parent = Torso_k14_HumanoidRootPart_Torso



--Head
 Head_k14_HumanoidRootPart_Torso_Head = Instance.new("Pose")
Head_k14_HumanoidRootPart_Torso_Head.Name = "Head"
Head_k14_HumanoidRootPart_Torso_Head.CFrame = cf(0.000004, -0.000010, 0.000002, 0.992097, -0.096382, 0.080331, 0.093724, 0.994938, 0.036247, -0.083418, -0.028432, 0.996109)
Head_k14_HumanoidRootPart_Torso_Head.Parent = Torso_k14_HumanoidRootPart_Torso



--Right Leg
 Right_Leg_k14_HumanoidRootPart_Torso = Instance.new("Pose")
Right_Leg_k14_HumanoidRootPart_Torso.Name = "Right Leg"
Right_Leg_k14_HumanoidRootPart_Torso.CFrame = cf(0.233921, 0.244157, -0.018847, 0.953086, 0.047170, -0.299001, 0.063865, 0.934212, 0.350955, 0.295885, -0.353586, 0.887372)
Right_Leg_k14_HumanoidRootPart_Torso.Parent = Torso_k14_HumanoidRootPart_Torso



--Left Arm
 Left_Arm_k14_HumanoidRootPart_Torso = Instance.new("Pose")
Left_Arm_k14_HumanoidRootPart_Torso.Name = "Left Arm"
Left_Arm_k14_HumanoidRootPart_Torso.CFrame = cf(-0.138678, -0.550536, 0.250503, -0.008661, 0.943109, -0.332370, -0.502252, 0.283311, 0.816993, 0.864678, 0.174009, 0.471225)
Left_Arm_k14_HumanoidRootPart_Torso.Parent = Torso_k14_HumanoidRootPart_Torso



-- Keyframe 15 (Time: 0.9666666388511658)
 keyframe15 = Instance.new("Keyframe")
keyframe15.Time = 0.9666666388511658
keyframe15.Parent = KeyframeSequence

--HumanoidRootPart
 HumanoidRootPart_k15_HumanoidRootPart = Instance.new("Pose")
HumanoidRootPart_k15_HumanoidRootPart.Name = "HumanoidRootPart"
HumanoidRootPart_k15_HumanoidRootPart.CFrame = cf(0.000000, 0.000000, 0.000000, 1.000000, 0.000000, 0.000000, 0.000000, 1.000000, 0.000000, 0.000000, 0.000000, 1.000000)
HumanoidRootPart_k15_HumanoidRootPart.Parent = keyframe15



--Torso
 Torso_k15_HumanoidRootPart_Torso = Instance.new("Pose")
Torso_k15_HumanoidRootPart_Torso.Name = "Torso"
Torso_k15_HumanoidRootPart_Torso.CFrame = cf(-0.019814, 0.000000, -0.341387, 0.995691, -0.065843, -0.065308, 0.059805, 0.994104, -0.090449, 0.070878, 0.086154, 0.993757)
Torso_k15_HumanoidRootPart_Torso.Parent = HumanoidRootPart_k15_HumanoidRootPart



--Left Leg
 Left_Leg_k15_HumanoidRootPart_Torso = Instance.new("Pose")
Left_Leg_k15_HumanoidRootPart_Torso.Name = "Left Leg"
Left_Leg_k15_HumanoidRootPart_Torso.CFrame = cf(-0.639479, 0.316951, 0.163308, 0.950370, -0.241422, 0.196244, 0.210604, 0.963481, 0.165379, -0.229003, -0.115842, 0.966508)
Left_Leg_k15_HumanoidRootPart_Torso.Parent = Torso_k15_HumanoidRootPart_Torso



--Right Arm
 Right_Arm_k15_HumanoidRootPart_Torso = Instance.new("Pose")
Right_Arm_k15_HumanoidRootPart_Torso.Name = "Right Arm"
Right_Arm_k15_HumanoidRootPart_Torso.CFrame = cf(-0.162968, -0.276853, 0.445865, 0.712693, -0.090669, -0.695591, 0.628061, -0.359163, 0.690319, -0.312421, -0.928860, -0.199027)
Right_Arm_k15_HumanoidRootPart_Torso.Parent = Torso_k15_HumanoidRootPart_Torso



--Head
 Head_k15_HumanoidRootPart_Torso_Head = Instance.new("Pose")
Head_k15_HumanoidRootPart_Torso_Head.Name = "Head"
Head_k15_HumanoidRootPart_Torso_Head.CFrame = cf(0.000004, -0.000006, 0.000003, 0.993863, 0.085729, 0.069902, -0.088031, 0.995649, 0.030551, -0.066979, -0.036518, 0.997086)
Head_k15_HumanoidRootPart_Torso_Head.Parent = Torso_k15_HumanoidRootPart_Torso



--Right Leg
 Right_Leg_k15_HumanoidRootPart_Torso = Instance.new("Pose")
Right_Leg_k15_HumanoidRootPart_Torso.Name = "Right Leg"
Right_Leg_k15_HumanoidRootPart_Torso.CFrame = cf(0.462690, 0.422187, -0.015390, 0.874709, 0.303975, -0.377469, -0.109403, 0.882593, 0.457231, 0.472138, -0.358648, 0.805268)
Right_Leg_k15_HumanoidRootPart_Torso.Parent = Torso_k15_HumanoidRootPart_Torso



--Left Arm
 Left_Arm_k15_HumanoidRootPart_Torso = Instance.new("Pose")
Left_Arm_k15_HumanoidRootPart_Torso.Name = "Left Arm"
Left_Arm_k15_HumanoidRootPart_Torso.CFrame = cf(-0.184456, -0.544183, 0.203167, -0.186712, 0.919788, -0.345148, -0.618557, 0.162879, 0.768672, 0.763233, 0.357015, 0.538531)
Left_Arm_k15_HumanoidRootPart_Torso.Parent = Torso_k15_HumanoidRootPart_Torso



-- Keyframe 16 (Time: 1.0333333015441895)
 keyframe16 = Instance.new("Keyframe")
keyframe16.Time = 1.0333333015441895
keyframe16.Parent = KeyframeSequence

--HumanoidRootPart
 HumanoidRootPart_k16_HumanoidRootPart = Instance.new("Pose")
HumanoidRootPart_k16_HumanoidRootPart.Name = "HumanoidRootPart"
HumanoidRootPart_k16_HumanoidRootPart.CFrame = cf(0.000000, 0.000000, 0.000000, 1.000000, 0.000000, 0.000000, 0.000000, 1.000000, 0.000000, 0.000000, 0.000000, 1.000000)
HumanoidRootPart_k16_HumanoidRootPart.Parent = keyframe16



--Torso
 Torso_k16_HumanoidRootPart_Torso = Instance.new("Pose")
Torso_k16_HumanoidRootPart_Torso.Name = "Torso"
