-- KeyframeSequence Export: new 2
-- Generated on 2025-08-30 13:51:30

local KeyframeSequence = Instance.new("KeyframeSequence")
KeyframeSequence.Name = "Chronoshift"
local CFrame=CFrame.new

-- Keyframe 1 (Time: 0)
local keyframe1 = Instance.new("Keyframe")
keyframe1.Time = 0
keyframe1.Parent = KeyframeSequence

--HumanoidRootPart
local HumanoidRootPart2_k1_HumanoidRootPart = Instance.new("Pose")
HumanoidRootPart2_k1_HumanoidRootPart.Name = "HumanoidRootPart"
HumanoidRootPart2_k1_HumanoidRootPart.CFrame = CFrame(0.000000, 0.000000, 0.000000, 1.000000, 0.000000, 0.000000, 0.000000, 1.000000, 0.000000, 0.000000, 0.000000, 1.000000)
HumanoidRootPart2_k1_HumanoidRootPart.Parent = keyframe1



--Torso
local Torso2_k1_HumanoidRootPart_Torso = Instance.new("Pose")
Torso2_k1_HumanoidRootPart_Torso.Name = "Torso"
Torso2_k1_HumanoidRootPart_Torso.CFrame = CFrame(-0.015489, -0.155830, -0.041048, 0.999799, 0.011970, -0.016074, -0.014548, 0.985108, -0.171322, 0.013784, 0.171522, 0.985084)
Torso2_k1_HumanoidRootPart_Torso.Parent = HumanoidRootPart2_k1_HumanoidRootPart



--Head
 Head2_k1_HumanoidRootPart_Torso_Head = Instance.new("Pose")
Head2_k1_HumanoidRootPart_Torso_Head.Name = "Head"
Head2_k1_HumanoidRootPart_Torso_Head.CFrame = CFrame(0.000000, 0.000000, 0.000000, 0.982041, -0.165017, -0.091455, 0.183053, 0.950753, 0.250120, 0.045677, -0.262370, 0.963886)
Head2_k1_HumanoidRootPart_Torso_Head.Parent = Torso2_k1_HumanoidRootPart_Torso



--Left Leg
local Left_Leg2_k1_HumanoidRootPart_Torso_Left_Leg = Instance.new("Pose")
Left_Leg2_k1_HumanoidRootPart_Torso_Left_Leg.Name = "Left Leg"
Left_Leg2_k1_HumanoidRootPart_Torso_Left_Leg.CFrame = CFrame(-0.248424, 0.038836, 0.006709, 0.995577, 0.027229, 0.089920, -0.025471, 0.999463, -0.020637, -0.090434, 0.018255, 0.995735)
Left_Leg2_k1_HumanoidRootPart_Torso_Left_Leg.Parent = Torso2_k1_HumanoidRootPart_Torso



--Right Arm
local Right_Arm2_k1_HumanoidRootPart_Torso_Right_Arm = Instance.new("Pose")
Right_Arm2_k1_HumanoidRootPart_Torso_Right_Arm.Name = "Right Arm"
Right_Arm2_k1_HumanoidRootPart_Torso_Right_Arm.CFrame = CFrame(0.159192, -0.838515, 0.227981, -0.246655, 0.027249, 0.968720, 0.445225, -0.884682, 0.138248, 0.860777, 0.465398, 0.206079)
Right_Arm2_k1_HumanoidRootPart_Torso_Right_Arm.Parent = Torso2_k1_HumanoidRootPart_Torso



--Right Leg
local Right_Leg2_k1_HumanoidRootPart_Torso_Right_Leg = Instance.new("Pose")
Right_Leg2_k1_HumanoidRootPart_Torso_Right_Leg.Name = "Right Leg"
Right_Leg2_k1_HumanoidRootPart_Torso_Right_Leg.CFrame = CFrame(0.305837, 0.066927, 0.022088, 0.997849, -0.010821, -0.064660, 0.010939, 0.999939, 0.001462, 0.064641, -0.002166, 0.997906)
Right_Leg2_k1_HumanoidRootPart_Torso_Right_Leg.Parent = Torso2_k1_HumanoidRootPart_Torso



--Left Arm
local Left_Arm2_k1_HumanoidRootPart_Torso_Left_Arm = Instance.new("Pose")
Left_Arm2_k1_HumanoidRootPart_Torso_Left_Arm.Name = "Left Arm"
Left_Arm2_k1_HumanoidRootPart_Torso_Left_Arm.CFrame = CFrame(-0.453567, -0.727032, 0.219376, -0.195189, 0.147524, -0.969607, -0.969561, -0.178038, 0.168091, -0.147830, 0.972902, 0.177785)
Left_Arm2_k1_HumanoidRootPart_Torso_Left_Arm.Parent = Torso2_k1_HumanoidRootPart_Torso



-- Keyframe 2 (Time: 0.01666666753590107)
 keyframe2 = Instance.new("Keyframe")
keyframe2.Time = 0.01666666753590107
keyframe2.Parent = KeyframeSequence

--HumanoidRootPart
 HumanoidRootPart2_k2_HumanoidRootPart = Instance.new("Pose")
HumanoidRootPart2_k2_HumanoidRootPart.Name = "HumanoidRootPart"
HumanoidRootPart2_k2_HumanoidRootPart.CFrame = CFrame(0.000000, 0.000000, 0.000000, 1.000000, 0.000000, 0.000000, 0.000000, 1.000000, 0.000000, 0.000000, 0.000000, 1.000000)
HumanoidRootPart2_k2_HumanoidRootPart.Parent = keyframe2



--Torso
 Torso2_k2_HumanoidRootPart_Torso = Instance.new("Pose")
Torso2_k2_HumanoidRootPart_Torso.Name = "Torso"
Torso2_k2_HumanoidRootPart_Torso.CFrame = CFrame(-0.015489, -0.155830, -0.041048, 0.999799, 0.011970, -0.016074, -0.014548, 0.985108, -0.171322, 0.013784, 0.171522, 0.985084)
Torso2_k2_HumanoidRootPart_Torso.Parent = HumanoidRootPart2_k2_HumanoidRootPart



--Head
 Head2_k2_HumanoidRootPart_Torso_Head = Instance.new("Pose")
Head2_k2_HumanoidRootPart_Torso_Head.Name = "Head"
Head2_k2_HumanoidRootPart_Torso_Head.CFrame = CFrame(0.000000, 0.000000, 0.000000, 0.982041, -0.165017, -0.091455, 0.183053, 0.950753, 0.250120, 0.045677, -0.262370, 0.963886)
Head2_k2_HumanoidRootPart_Torso_Head.Parent = Torso2_k2_HumanoidRootPart_Torso



--Left Leg
 Left_Leg2_k2_HumanoidRootPart_Torso_Left_Leg = Instance.new("Pose")
Left_Leg2_k2_HumanoidRootPart_Torso_Left_Leg.Name = "Left Leg"
Left_Leg2_k2_HumanoidRootPart_Torso_Left_Leg.CFrame = CFrame(-0.248424, 0.038836, 0.006709, 0.995577, 0.027229, 0.089920, -0.025471, 0.999463, -0.020637, -0.090434, 0.018255, 0.995735)
Left_Leg2_k2_HumanoidRootPart_Torso_Left_Leg.Parent = Torso2_k2_HumanoidRootPart_Torso



--Right Arm
 Right_Arm2_k2_HumanoidRootPart_Torso_Right_Arm = Instance.new("Pose")
Right_Arm2_k2_HumanoidRootPart_Torso_Right_Arm.Name = "Right Arm"
Right_Arm2_k2_HumanoidRootPart_Torso_Right_Arm.CFrame = CFrame(0.159192, -0.838515, 0.227981, -0.246655, 0.027249, 0.968720, 0.445225, -0.884682, 0.138248, 0.860777, 0.465398, 0.206079)
Right_Arm2_k2_HumanoidRootPart_Torso_Right_Arm.Parent = Torso2_k2_HumanoidRootPart_Torso



--Right Leg
 Right_Leg2_k2_HumanoidRootPart_Torso_Right_Leg = Instance.new("Pose")
Right_Leg2_k2_HumanoidRootPart_Torso_Right_Leg.Name = "Right Leg"
Right_Leg2_k2_HumanoidRootPart_Torso_Right_Leg.CFrame = CFrame(0.305837, 0.066927, 0.022088, 0.997849, -0.010821, -0.064660, 0.010939, 0.999939, 0.001462, 0.064641, -0.002166, 0.997906)
Right_Leg2_k2_HumanoidRootPart_Torso_Right_Leg.Parent = Torso2_k2_HumanoidRootPart_Torso



--Left Arm
 Left_Arm2_k2_HumanoidRootPart_Torso_Left_Arm = Instance.new("Pose")
Left_Arm2_k2_HumanoidRootPart_Torso_Left_Arm.Name = "Left Arm"
Left_Arm2_k2_HumanoidRootPart_Torso_Left_Arm.CFrame = CFrame(-0.453567, -0.727032, 0.219376, -0.195189, 0.147524, -0.969607, -0.969561, -0.178038, 0.168091, -0.147830, 0.972902, 0.177785)
Left_Arm2_k2_HumanoidRootPart_Torso_Left_Arm.Parent = Torso2_k2_HumanoidRootPart_Torso



-- Keyframe 3 (Time: 0.03333333507180214)
 keyframe3 = Instance.new("Keyframe")
keyframe3.Time = 0.03333333507180214
keyframe3.Parent = KeyframeSequence

--HumanoidRootPart
 HumanoidRootPart2_k3_HumanoidRootPart = Instance.new("Pose")
HumanoidRootPart2_k3_HumanoidRootPart.Name = "HumanoidRootPart"
HumanoidRootPart2_k3_HumanoidRootPart.CFrame = CFrame(0.000000, 0.000000, 0.000000, 1.000000, 0.000000, 0.000000, 0.000000, 1.000000, 0.000000, 0.000000, 0.000000, 1.000000)
HumanoidRootPart2_k3_HumanoidRootPart.Parent = keyframe3



--Torso
 Torso2_k3_HumanoidRootPart_Torso = Instance.new("Pose")
Torso2_k3_HumanoidRootPart_Torso.Name = "Torso"
Torso2_k3_HumanoidRootPart_Torso.CFrame = CFrame(-0.015489, -0.155830, -0.041048, 0.999799, 0.011970, -0.016074, -0.014548, 0.985108, -0.171322, 0.013784, 0.171522, 0.985084)
Torso2_k3_HumanoidRootPart_Torso.Parent = HumanoidRootPart2_k3_HumanoidRootPart



--Head
 Head2_k3_HumanoidRootPart_Torso_Head = Instance.new("Pose")
Head2_k3_HumanoidRootPart_Torso_Head.Name = "Head"
Head2_k3_HumanoidRootPart_Torso_Head.CFrame = CFrame(0.000000, 0.000000, 0.000000, 0.982041, -0.165017, -0.091455, 0.183053, 0.950753, 0.250120, 0.045677, -0.262370, 0.963886)
Head2_k3_HumanoidRootPart_Torso_Head.Parent = Torso2_k3_HumanoidRootPart_Torso



--Left Leg
 Left_Leg2_k3_HumanoidRootPart_Torso_Left_Leg = Instance.new("Pose")
Left_Leg2_k3_HumanoidRootPart_Torso_Left_Leg.Name = "Left Leg"
Left_Leg2_k3_HumanoidRootPart_Torso_Left_Leg.CFrame = CFrame(-0.248424, 0.038836, 0.006709, 0.995577, 0.027229, 0.089920, -0.025471, 0.999463, -0.020637, -0.090434, 0.018255, 0.995735)
Left_Leg2_k3_HumanoidRootPart_Torso_Left_Leg.Parent = Torso2_k3_HumanoidRootPart_Torso



--Right Arm
 Right_Arm2_k3_HumanoidRootPart_Torso_Right_Arm = Instance.new("Pose")
Right_Arm2_k3_HumanoidRootPart_Torso_Right_Arm.Name = "Right Arm"
Right_Arm2_k3_HumanoidRootPart_Torso_Right_Arm.CFrame = CFrame(0.159192, -0.838515, 0.227981, -0.246655, 0.027249, 0.968720, 0.445225, -0.884682, 0.138248, 0.860777, 0.465398, 0.206079)
Right_Arm2_k3_HumanoidRootPart_Torso_Right_Arm.Parent = Torso2_k3_HumanoidRootPart_Torso



--Right Leg
 Right_Leg2_k3_HumanoidRootPart_Torso_Right_Leg = Instance.new("Pose")
Right_Leg2_k3_HumanoidRootPart_Torso_Right_Leg.Name = "Right Leg"
Right_Leg2_k3_HumanoidRootPart_Torso_Right_Leg.CFrame = CFrame(0.305837, 0.066927, 0.022088, 0.997849, -0.010821, -0.064660, 0.010939, 0.999939, 0.001462, 0.064641, -0.002166, 0.997906)
Right_Leg2_k3_HumanoidRootPart_Torso_Right_Leg.Parent = Torso2_k3_HumanoidRootPart_Torso



--Left Arm
 Left_Arm2_k3_HumanoidRootPart_Torso_Left_Arm = Instance.new("Pose")
Left_Arm2_k3_HumanoidRootPart_Torso_Left_Arm.Name = "Left Arm"
Left_Arm2_k3_HumanoidRootPart_Torso_Left_Arm.CFrame = CFrame(-0.453567, -0.727032, 0.219376, -0.195189, 0.147524, -0.969607, -0.969561, -0.178038, 0.168091, -0.147830, 0.972902, 0.177785)
Left_Arm2_k3_HumanoidRootPart_Torso_Left_Arm.Parent = Torso2_k3_HumanoidRootPart_Torso



-- Keyframe 4 (Time: 0.05000000074505806)
 keyframe4 = Instance.new("Keyframe")
keyframe4.Time = 0.05000000074505806
keyframe4.Parent = KeyframeSequence

--HumanoidRootPart
 HumanoidRootPart2_k4_HumanoidRootPart = Instance.new("Pose")
HumanoidRootPart2_k4_HumanoidRootPart.Name = "HumanoidRootPart"
HumanoidRootPart2_k4_HumanoidRootPart.CFrame = CFrame(0.000000, 0.000000, 0.000000, 1.000000, 0.000000, 0.000000, 0.000000, 1.000000, 0.000000, 0.000000, 0.000000, 1.000000)
HumanoidRootPart2_k4_HumanoidRootPart.Parent = keyframe4



--Torso
 Torso2_k4_HumanoidRootPart_Torso = Instance.new("Pose")
Torso2_k4_HumanoidRootPart_Torso.Name = "Torso"
Torso2_k4_HumanoidRootPart_Torso.CFrame = CFrame(-0.015489, -0.155830, -0.041048, 0.999799, 0.011970, -0.016074, -0.014548, 0.985108, -0.171322, 0.013784, 0.171522, 0.985084)
Torso2_k4_HumanoidRootPart_Torso.Parent = HumanoidRootPart2_k4_HumanoidRootPart



--Head
 Head2_k4_HumanoidRootPart_Torso_Head = Instance.new("Pose")
Head2_k4_HumanoidRootPart_Torso_Head.Name = "Head"
Head2_k4_HumanoidRootPart_Torso_Head.CFrame = CFrame(0.000000, 0.000000, 0.000000, 0.982041, -0.165017, -0.091455, 0.183053, 0.950753, 0.250120, 0.045677, -0.262370, 0.963886)
Head2_k4_HumanoidRootPart_Torso_Head.Parent = Torso2_k4_HumanoidRootPart_Torso



--Left Leg
 Left_Leg2_k4_HumanoidRootPart_Torso_Left_Leg = Instance.new("Pose")
Left_Leg2_k4_HumanoidRootPart_Torso_Left_Leg.Name = "Left Leg"
Left_Leg2_k4_HumanoidRootPart_Torso_Left_Leg.CFrame = CFrame(-0.248424, 0.038836, 0.006709, 0.995577, 0.027229, 0.089920, -0.025471, 0.999463, -0.020637, -0.090434, 0.018255, 0.995735)
Left_Leg2_k4_HumanoidRootPart_Torso_Left_Leg.Parent = Torso2_k4_HumanoidRootPart_Torso



--Right Arm
 Right_Arm2_k4_HumanoidRootPart_Torso_Right_Arm = Instance.new("Pose")
Right_Arm2_k4_HumanoidRootPart_Torso_Right_Arm.Name = "Right Arm"
Right_Arm2_k4_HumanoidRootPart_Torso_Right_Arm.CFrame = CFrame(0.159192, -0.838515, 0.227981, -0.246655, 0.027249, 0.968720, 0.445225, -0.884682, 0.138248, 0.860777, 0.465398, 0.206079)
Right_Arm2_k4_HumanoidRootPart_Torso_Right_Arm.Parent = Torso2_k4_HumanoidRootPart_Torso



--Right Leg
 Right_Leg2_k4_HumanoidRootPart_Torso_Right_Leg = Instance.new("Pose")
Right_Leg2_k4_HumanoidRootPart_Torso_Right_Leg.Name = "Right Leg"
Right_Leg2_k4_HumanoidRootPart_Torso_Right_Leg.CFrame = CFrame(0.305837, 0.066927, 0.022088, 0.997849, -0.010821, -0.064660, 0.010939, 0.999939, 0.001462, 0.064641, -0.002166, 0.997906)
Right_Leg2_k4_HumanoidRootPart_Torso_Right_Leg.Parent = Torso2_k4_HumanoidRootPart_Torso



--Left Arm
 Left_Arm2_k4_HumanoidRootPart_Torso_Left_Arm = Instance.new("Pose")
Left_Arm2_k4_HumanoidRootPart_Torso_Left_Arm.Name = "Left Arm"
Left_Arm2_k4_HumanoidRootPart_Torso_Left_Arm.CFrame = CFrame(-0.453567, -0.727032, 0.219376, -0.195189, 0.147524, -0.969607, -0.969561, -0.178038, 0.168091, -0.147830, 0.972902, 0.177785)
Left_Arm2_k4_HumanoidRootPart_Torso_Left_Arm.Parent = Torso2_k4_HumanoidRootPart_Torso



-- Keyframe 5 (Time: 0.06666667014360428)
 keyframe5 = Instance.new("Keyframe")
keyframe5.Time = 0.06666667014360428
keyframe5.Parent = KeyframeSequence

--HumanoidRootPart
 HumanoidRootPart2_k5_HumanoidRootPart = Instance.new("Pose")
HumanoidRootPart2_k5_HumanoidRootPart.Name = "HumanoidRootPart"
HumanoidRootPart2_k5_HumanoidRootPart.CFrame = CFrame(0.000000, 0.000000, 0.000000, 1.000000, 0.000000, 0.000000, 0.000000, 1.000000, 0.000000, 0.000000, 0.000000, 1.000000)
HumanoidRootPart2_k5_HumanoidRootPart.Parent = keyframe5



--Torso
 Torso2_k5_HumanoidRootPart_Torso = Instance.new("Pose")
Torso2_k5_HumanoidRootPart_Torso.Name = "Torso"
Torso2_k5_HumanoidRootPart_Torso.CFrame = CFrame(-0.009029, -0.190772, -0.116452, 0.999883, 0.011530, -0.010069, -0.013317, 0.979549, -0.200764, 0.007548, 0.200875, 0.979588)
Torso2_k5_HumanoidRootPart_Torso.Parent = HumanoidRootPart2_k5_HumanoidRootPart



--Head
 Head2_k5_HumanoidRootPart_Torso_Head = Instance.new("Pose")
Head2_k5_HumanoidRootPart_Torso_Head.Name = "Head"
Head2_k5_HumanoidRootPart_Torso_Head.CFrame = CFrame(0.000000, -0.000000, 0.000000, 0.981758, -0.163209, -0.097543, 0.184380, 0.942483, 0.278800, 0.046430, -0.291699, 0.955383)
Head2_k5_HumanoidRootPart_Torso_Head.Parent = Torso2_k5_HumanoidRootPart_Torso



--Left Leg
 Left_Leg2_k5_HumanoidRootPart_Torso_Left_Leg = Instance.new("Pose")
Left_Leg2_k5_HumanoidRootPart_Torso_Left_Leg.Name = "Left Leg"
Left_Leg2_k5_HumanoidRootPart_Torso_Left_Leg.CFrame = CFrame(-0.423470, 0.121344, 0.024013, 0.995695, -0.039461, 0.083872, 0.041043, 0.999009, -0.017225, -0.083109, 0.020593, 0.996328)
Left_Leg2_k5_HumanoidRootPart_Torso_Left_Leg.Parent = Torso2_k5_HumanoidRootPart_Torso



--Right Arm
 Right_Arm2_k5_HumanoidRootPart_Torso_Right_Arm = Instance.new("Pose")
Right_Arm2_k5_HumanoidRootPart_Torso_Right_Arm.Name = "Right Arm"
Right_Arm2_k5_HumanoidRootPart_Torso_Right_Arm.CFrame = CFrame(0.220887, -1.045699, 0.342810, -0.178093, -0.215405, 0.960148, 0.362029, -0.921652, -0.139618, 0.914996, 0.322736, 0.242122)
Right_Arm2_k5_HumanoidRootPart_Torso_Right_Arm.Parent = Torso2_k5_HumanoidRootPart_Torso



--Right Leg
 Right_Leg2_k5_HumanoidRootPart_Torso_Right_Leg = Instance.new("Pose")
Right_Leg2_k5_HumanoidRootPart_Torso_Right_Leg.Name = "Right Leg"
Right_Leg2_k5_HumanoidRootPart_Torso_Right_Leg.CFrame = CFrame(0.441118, 0.137101, 0.032590, 0.995880, 0.041683, -0.080532, -0.042312, 0.999086, -0.006119, 0.080203, 0.009502, 0.996733)
Right_Leg2_k5_HumanoidRootPart_Torso_Right_Leg.Parent = Torso2_k5_HumanoidRootPart_Torso



--Left Arm
 Left_Arm2_k5_HumanoidRootPart_Torso_Left_Arm = Instance.new("Pose")
Left_Arm2_k5_HumanoidRootPart_Torso_Left_Arm.Name = "Left Arm"
Left_Arm2_k5_HumanoidRootPart_Torso_Left_Arm.CFrame = CFrame(-0.352045, -0.789193, 0.222939, -0.199874, -0.012684, -0.979740, -0.883696, -0.429585, 0.185842, -0.423239, 0.902937, 0.074654)
Left_Arm2_k5_HumanoidRootPart_Torso_Left_Arm.Parent = Torso2_k5_HumanoidRootPart_Torso



-- Keyframe 6 (Time: 0.10000000149011612)
 keyframe6 = Instance.new("Keyframe")
keyframe6.Time = 0.10000000149011612
keyframe6.Parent = KeyframeSequence

--HumanoidRootPart
 HumanoidRootPart2_k6_HumanoidRootPart = Instance.new("Pose")
HumanoidRootPart2_k6_HumanoidRootPart.Name = "HumanoidRootPart"
HumanoidRootPart2_k6_HumanoidRootPart.CFrame = CFrame(0.000000, 0.000000, 0.000000, 1.000000, 0.000000, 0.000000, 0.000000, 1.000000, 0.000000, 0.000000, 0.000000, 1.000000)
HumanoidRootPart2_k6_HumanoidRootPart.Parent = keyframe6



--Torso
 Torso2_k6_HumanoidRootPart_Torso = Instance.new("Pose")
Torso2_k6_HumanoidRootPart_Torso.Name = "Torso"
Torso2_k6_HumanoidRootPart_Torso.CFrame = CFrame(-0.009029, -0.190772, -0.116452, 0.999883, 0.011530, -0.010069, -0.013317, 0.979549, -0.200764, 0.007548, 0.200875, 0.979588)
Torso2_k6_HumanoidRootPart_Torso.Parent = HumanoidRootPart2_k6_HumanoidRootPart



--Head
 Head2_k6_HumanoidRootPart_Torso_Head = Instance.new("Pose")
Head2_k6_HumanoidRootPart_Torso_Head.Name = "Head"
Head2_k6_HumanoidRootPart_Torso_Head.CFrame = CFrame(0.000000, -0.000000, 0.000000, 0.981758, -0.163209, -0.097543, 0.184380, 0.942483, 0.278800, 0.046430, -0.291699, 0.955383)
Head2_k6_HumanoidRootPart_Torso_Head.Parent = Torso2_k6_HumanoidRootPart_Torso



--Left Leg
 Left_Leg2_k6_HumanoidRootPart_Torso_Left_Leg = Instance.new("Pose")
Left_Leg2_k6_HumanoidRootPart_Torso_Left_Leg.Name = "Left Leg"
Left_Leg2_k6_HumanoidRootPart_Torso_Left_Leg.CFrame = CFrame(-0.423470, 0.121344, 0.024013, 0.995695, -0.039461, 0.083872, 0.041043, 0.999009, -0.017225, -0.083109, 0.020593, 0.996328)
Left_Leg2_k6_HumanoidRootPart_Torso_Left_Leg.Parent = Torso2_k6_HumanoidRootPart_Torso



--Right Arm
 Right_Arm2_k6_HumanoidRootPart_Torso_Right_Arm = Instance.new("Pose")
Right_Arm2_k6_HumanoidRootPart_Torso_Right_Arm.Name = "Right Arm"
Right_Arm2_k6_HumanoidRootPart_Torso_Right_Arm.CFrame = CFrame(0.220887, -1.045699, 0.342810, -0.178093, -0.215405, 0.960148, 0.362029, -0.921652, -0.139618, 0.914996, 0.322736, 0.242122)
Right_Arm2_k6_HumanoidRootPart_Torso_Right_Arm.Parent = Torso2_k6_HumanoidRootPart_Torso



--Right Leg
 Right_Leg2_k6_HumanoidRootPart_Torso_Right_Leg = Instance.new("Pose")
Right_Leg2_k6_HumanoidRootPart_Torso_Right_Leg.Name = "Right Leg"
Right_Leg2_k6_HumanoidRootPart_Torso_Right_Leg.CFrame = CFrame(0.441118, 0.137101, 0.032590, 0.995880, 0.041683, -0.080532, -0.042312, 0.999086, -0.006119, 0.080203, 0.009502, 0.996733)
Right_Leg2_k6_HumanoidRootPart_Torso_Right_Leg.Parent = Torso2_k6_HumanoidRootPart_Torso



--Left Arm
 Left_Arm2_k6_HumanoidRootPart_Torso_Left_Arm = Instance.new("Pose")
Left_Arm2_k6_HumanoidRootPart_Torso_Left_Arm.Name = "Left Arm"
Left_Arm2_k6_HumanoidRootPart_Torso_Left_Arm.CFrame = CFrame(-0.352045, -0.789193, 0.222939, -0.199874, -0.012684, -0.979740, -0.883696, -0.429585, 0.185842, -0.423239, 0.902937, 0.074654)
Left_Arm2_k6_HumanoidRootPart_Torso_Left_Arm.Parent = Torso2_k6_HumanoidRootPart_Torso



-- Keyframe 7 (Time: 0.11666666716337204)
 keyframe7 = Instance.new("Keyframe")
keyframe7.Time = 0.11666666716337204
keyframe7.Parent = KeyframeSequence

--HumanoidRootPart
 HumanoidRootPart2_k7_HumanoidRootPart = Instance.new("Pose")
HumanoidRootPart2_k7_HumanoidRootPart.Name = "HumanoidRootPart"
HumanoidRootPart2_k7_HumanoidRootPart.CFrame = CFrame(0.000000, 0.000000, 0.000000, 1.000000, 0.000000, 0.000000, 0.000000, 1.000000, 0.000000, 0.000000, 0.000000, 1.000000)
HumanoidRootPart2_k7_HumanoidRootPart.Parent = keyframe7



--Torso
 Torso2_k7_HumanoidRootPart_Torso = Instance.new("Pose")
Torso2_k7_HumanoidRootPart_Torso.Name = "Torso"
Torso2_k7_HumanoidRootPart_Torso.CFrame = CFrame(-0.009367, -0.210545, -0.106528, 0.999883, 0.011520, -0.010080, -0.013317, 0.979362, -0.201674, 0.007548, 0.201785, 0.979401)
Torso2_k7_HumanoidRootPart_Torso.Parent = HumanoidRootPart2_k7_HumanoidRootPart



--Head
 Head2_k7_HumanoidRootPart_Torso_Head = Instance.new("Pose")
Head2_k7_HumanoidRootPart_Torso_Head.Name = "Head"
Head2_k7_HumanoidRootPart_Torso_Head.CFrame = CFrame(0.000000, 0.000000, 0.000000, 0.981758, -0.163209, -0.097543, 0.184423, 0.942212, 0.279688, 0.046258, -0.292575, 0.955123)
Head2_k7_HumanoidRootPart_Torso_Head.Parent = Torso2_k7_HumanoidRootPart_Torso



--Left Leg
 Left_Leg2_k7_HumanoidRootPart_Torso_Left_Leg = Instance.new("Pose")
Left_Leg2_k7_HumanoidRootPart_Torso_Left_Leg.Name = "Left Leg"
Left_Leg2_k7_HumanoidRootPart_Torso_Left_Leg.CFrame = CFrame(-0.399408, 0.108300, 0.023341, 0.995546, -0.035631, 0.087286, 0.037265, 0.999158, -0.017154, -0.086602, 0.020330, 0.996036)
Left_Leg2_k7_HumanoidRootPart_Torso_Left_Leg.Parent = Torso2_k7_HumanoidRootPart_Torso



--Right Arm
 Right_Arm2_k7_HumanoidRootPart_Torso_Right_Arm = Instance.new("Pose")
Right_Arm2_k7_HumanoidRootPart_Torso_Right_Arm.Name = "Right Arm"
Right_Arm2_k7_HumanoidRootPart_Torso_Right_Arm.CFrame = CFrame(0.408308, -0.780567, -0.012155, 0.054225, -0.346251, 0.936574, 0.991046, -0.095947, -0.092850, 0.122011, 0.933223, 0.337948)
Right_Arm2_k7_HumanoidRootPart_Torso_Right_Arm.Parent = Torso2_k7_HumanoidRootPart_Torso



--Right Leg
 Right_Leg2_k7_HumanoidRootPart_Torso_Right_Leg = Instance.new("Pose")
Right_Leg2_k7_HumanoidRootPart_Torso_Right_Leg.Name = "Right Leg"
Right_Leg2_k7_HumanoidRootPart_Torso_Right_Leg.CFrame = CFrame(0.418414, 0.124076, 0.032072, 0.995770, 0.038420, -0.083459, -0.039062, 0.999218, -0.006069, 0.083160, 0.009303, 0.996493)
Right_Leg2_k7_HumanoidRootPart_Torso_Right_Leg.Parent = Torso2_k7_HumanoidRootPart_Torso



--Left Arm
 Left_Arm2_k7_HumanoidRootPart_Torso_Left_Arm = Instance.new("Pose")
Left_Arm2_k7_HumanoidRootPart_Torso_Left_Arm.Name = "Left Arm"
Left_Arm2_k7_HumanoidRootPart_Torso_Left_Arm.CFrame = CFrame(-0.285834, -0.788126, 0.225675, -0.196410, -0.090582, -0.976329, -0.818783, -0.532672, 0.214137, -0.539460, 0.841460, 0.030455)
Left_Arm2_k7_HumanoidRootPart_Torso_Left_Arm.Parent = Torso2_k7_HumanoidRootPart_Torso



-- Keyframe 8 (Time: 0.13333334028720856)
 keyframe8 = Instance.new("Keyframe")
keyframe8.Time = 0.13333334028720856
keyframe8.Parent = KeyframeSequence

--HumanoidRootPart
 HumanoidRootPart2_k8_HumanoidRootPart = Instance.new("Pose")
HumanoidRootPart2_k8_HumanoidRootPart.Name = "HumanoidRootPart"
HumanoidRootPart2_k8_HumanoidRootPart.CFrame = CFrame(0.000000, 0.000000, 0.000000, 1.000000, 0.000000, 0.000000, 0.000000, 1.000000, 0.000000, 0.000000, 0.000000, 1.000000)
HumanoidRootPart2_k8_HumanoidRootPart.Parent = keyframe8



--Torso
 Torso2_k8_HumanoidRootPart_Torso = Instance.new("Pose")
Torso2_k8_HumanoidRootPart_Torso.Name = "Torso"
Torso2_k8_HumanoidRootPart_Torso.CFrame = CFrame(-0.009367, -0.210545, -0.106528, 0.999883, 0.011520, -0.010080, -0.013317, 0.979362, -0.201674, 0.007548, 0.201785, 0.979401)
Torso2_k8_HumanoidRootPart_Torso.Parent = HumanoidRootPart2_k8_HumanoidRootPart



--Head
 Head2_k8_HumanoidRootPart_Torso_Head = Instance.new("Pose")
Head2_k8_HumanoidRootPart_Torso_Head.Name = "Head"
Head2_k8_HumanoidRootPart_Torso_Head.CFrame = CFrame(0.000000, 0.000000, 0.000000, 0.981758, -0.163209, -0.097543, 0.184423, 0.942212, 0.279688, 0.046258, -0.292575, 0.955123)
Head2_k8_HumanoidRootPart_Torso_Head.Parent = Torso2_k8_HumanoidRootPart_Torso



--Left Leg
 Left_Leg2_k8_HumanoidRootPart_Torso_Left_Leg = Instance.new("Pose")
Left_Leg2_k8_HumanoidRootPart_Torso_Left_Leg.Name = "Left Leg"
Left_Leg2_k8_HumanoidRootPart_Torso_Left_Leg.CFrame = CFrame(-0.399408, 0.108300, 0.023341, 0.995546, -0.035631, 0.087286, 0.037265, 0.999158, -0.017154, -0.086602, 0.020330, 0.996036)
Left_Leg2_k8_HumanoidRootPart_Torso_Left_Leg.Parent = Torso2_k8_HumanoidRootPart_Torso



--Right Arm
 Right_Arm2_k8_HumanoidRootPart_Torso_Right_Arm = Instance.new("Pose")
Right_Arm2_k8_HumanoidRootPart_Torso_Right_Arm.Name = "Right Arm"
Right_Arm2_k8_HumanoidRootPart_Torso_Right_Arm.CFrame = CFrame(0.408308, -0.780567, -0.012155, 0.054225, -0.346251, 0.936574, 0.991046, -0.095947, -0.092850, 0.122011, 0.933223, 0.337948)
Right_Arm2_k8_HumanoidRootPart_Torso_Right_Arm.Parent = Torso2_k8_HumanoidRootPart_Torso



--Right Leg
 Right_Leg2_k8_HumanoidRootPart_Torso_Right_Leg = Instance.new("Pose")
Right_Leg2_k8_HumanoidRootPart_Torso_Right_Leg.Name = "Right Leg"
Right_Leg2_k8_HumanoidRootPart_Torso_Right_Leg.CFrame = CFrame(0.418414, 0.124076, 0.032072, 0.995770, 0.038420, -0.083459, -0.039062, 0.999218, -0.006069, 0.083160, 0.009303, 0.996493)
Right_Leg2_k8_HumanoidRootPart_Torso_Right_Leg.Parent = Torso2_k8_HumanoidRootPart_Torso



--Left Arm
 Left_Arm2_k8_HumanoidRootPart_Torso_Left_Arm = Instance.new("Pose")
Left_Arm2_k8_HumanoidRootPart_Torso_Left_Arm.Name = "Left Arm"
Left_Arm2_k8_HumanoidRootPart_Torso_Left_Arm.CFrame = CFrame(-0.285834, -0.788126, 0.225675, -0.196410, -0.090582, -0.976329, -0.818783, -0.532672, 0.214137, -0.539460, 0.841460, 0.030455)
Left_Arm2_k8_HumanoidRootPart_Torso_Left_Arm.Parent = Torso2_k8_HumanoidRootPart_Torso



-- Keyframe 9 (Time: 0.15000000596046448)
 keyframe9 = Instance.new("Keyframe")
keyframe9.Time = 0.15000000596046448
keyframe9.Parent = KeyframeSequence

--HumanoidRootPart
 HumanoidRootPart2_k9_HumanoidRootPart = Instance.new("Pose")
HumanoidRootPart2_k9_HumanoidRootPart.Name = "HumanoidRootPart"
HumanoidRootPart2_k9_HumanoidRootPart.CFrame = CFrame(0.000000, 0.000000, 0.000000, 1.000000, 0.000000, 0.000000, 0.000000, 1.000000, 0.000000, 0.000000, 0.000000, 1.000000)
HumanoidRootPart2_k9_HumanoidRootPart.Parent = keyframe9



--Torso
 Torso2_k9_HumanoidRootPart_Torso = Instance.new("Pose")
Torso2_k9_HumanoidRootPart_Torso.Name = "Torso"
Torso2_k9_HumanoidRootPart_Torso.CFrame = CFrame(-0.009367, -0.210545, -0.106528, 0.999883, 0.011520, -0.010080, -0.013317, 0.979362, -0.201674, 0.007548, 0.201785, 0.979401)
Torso2_k9_HumanoidRootPart_Torso.Parent = HumanoidRootPart2_k9_HumanoidRootPart



--Head
 Head2_k9_HumanoidRootPart_Torso_Head = Instance.new("Pose")
Head2_k9_HumanoidRootPart_Torso_Head.Name = "Head"
Head2_k9_HumanoidRootPart_Torso_Head.CFrame = CFrame(0.000000, 0.000000, 0.000000, 0.981758, -0.163209, -0.097543, 0.184423, 0.942212, 0.279688, 0.046258, -0.292575, 0.955123)
Head2_k9_HumanoidRootPart_Torso_Head.Parent = Torso2_k9_HumanoidRootPart_Torso



--Left Leg
 Left_Leg2_k9_HumanoidRootPart_Torso_Left_Leg = Instance.new("Pose")
Left_Leg2_k9_HumanoidRootPart_Torso_Left_Leg.Name = "Left Leg"
Left_Leg2_k9_HumanoidRootPart_Torso_Left_Leg.CFrame = CFrame(-0.399408, 0.108300, 0.023341, 0.995546, -0.035631, 0.087286, 0.037265, 0.999158, -0.017154, -0.086602, 0.020330, 0.996036)
Left_Leg2_k9_HumanoidRootPart_Torso_Left_Leg.Parent = Torso2_k9_HumanoidRootPart_Torso



--Right Arm
 Right_Arm2_k9_HumanoidRootPart_Torso_Right_Arm = Instance.new("Pose")
Right_Arm2_k9_HumanoidRootPart_Torso_Right_Arm.Name = "Right Arm"
Right_Arm2_k9_HumanoidRootPart_Torso_Right_Arm.CFrame = CFrame(0.408308, -0.780567, -0.012155, 0.054225, -0.346251, 0.936574, 0.991046, -0.095947, -0.092850, 0.122011, 0.933223, 0.337948)
Right_Arm2_k9_HumanoidRootPart_Torso_Right_Arm.Parent = Torso2_k9_HumanoidRootPart_Torso



--Right Leg
 Right_Leg2_k9_HumanoidRootPart_Torso_Right_Leg = Instance.new("Pose")
Right_Leg2_k9_HumanoidRootPart_Torso_Right_Leg.Name = "Right Leg"
Right_Leg2_k9_HumanoidRootPart_Torso_Right_Leg.CFrame = CFrame(0.418414, 0.124076, 0.032072, 0.995770, 0.038420, -0.083459, -0.039062, 0.999218, -0.006069, 0.083160, 0.009303, 0.996493)
Right_Leg2_k9_HumanoidRootPart_Torso_Right_Leg.Parent = Torso2_k9_HumanoidRootPart_Torso



--Left Arm
 Left_Arm2_k9_HumanoidRootPart_Torso_Left_Arm = Instance.new("Pose")
Left_Arm2_k9_HumanoidRootPart_Torso_Left_Arm.Name = "Left Arm"
Left_Arm2_k9_HumanoidRootPart_Torso_Left_Arm.CFrame = CFrame(-0.285834, -0.788126, 0.225675, -0.196410, -0.090582, -0.976329, -0.818783, -0.532672, 0.214137, -0.539460, 0.841460, 0.030455)
Left_Arm2_k9_HumanoidRootPart_Torso_Left_Arm.Parent = Torso2_k9_HumanoidRootPart_Torso



-- Keyframe 10 (Time: 0.1666666716337204)
 keyframe10 = Instance.new("Keyframe")
keyframe10.Time = 0.1666666716337204
keyframe10.Parent = KeyframeSequence

--HumanoidRootPart
 HumanoidRootPart2_k10_HumanoidRootPart = Instance.new("Pose")
HumanoidRootPart2_k10_HumanoidRootPart.Name = "HumanoidRootPart"
HumanoidRootPart2_k10_HumanoidRootPart.CFrame = CFrame(0.000000, 0.000000, 0.000000, 1.000000, 0.000000, 0.000000, 0.000000, 1.000000, 0.000000, 0.000000, 0.000000, 1.000000)
HumanoidRootPart2_k10_HumanoidRootPart.Parent = keyframe10



--Torso
 Torso2_k10_HumanoidRootPart_Torso = Instance.new("Pose")
Torso2_k10_HumanoidRootPart_Torso.Name = "Torso"
Torso2_k10_HumanoidRootPart_Torso.CFrame = CFrame(-0.009367, -0.210545, -0.106528, 0.999883, 0.011520, -0.010080, -0.013317, 0.979362, -0.201674, 0.007548, 0.201785, 0.979401)
Torso2_k10_HumanoidRootPart_Torso.Parent = HumanoidRootPart2_k10_HumanoidRootPart



--Head
 Head2_k10_HumanoidRootPart_Torso_Head = Instance.new("Pose")
Head2_k10_HumanoidRootPart_Torso_Head.Name = "Head"
Head2_k10_HumanoidRootPart_Torso_Head.CFrame = CFrame(0.000000, 0.000000, 0.000000, 0.981758, -0.163209, -0.097543, 0.184423, 0.942212, 0.279688, 0.046258, -0.292575, 0.955123)
Head2_k10_HumanoidRootPart_Torso_Head.Parent = Torso2_k10_HumanoidRootPart_Torso



--Left Leg
 Left_Leg2_k10_HumanoidRootPart_Torso_Left_Leg = Instance.new("Pose")
Left_Leg2_k10_HumanoidRootPart_Torso_Left_Leg.Name = "Left Leg"
Left_Leg2_k10_HumanoidRootPart_Torso_Left_Leg.CFrame = CFrame(-0.399408, 0.108300, 0.023341, 0.995546, -0.035631, 0.087286, 0.037265, 0.999158, -0.017154, -0.086602, 0.020330, 0.996036)
Left_Leg2_k10_HumanoidRootPart_Torso_Left_Leg.Parent = Torso2_k10_HumanoidRootPart_Torso



--Right Arm
 Right_Arm2_k10_HumanoidRootPart_Torso_Right_Arm = Instance.new("Pose")
Right_Arm2_k10_HumanoidRootPart_Torso_Right_Arm.Name = "Right Arm"
Right_Arm2_k10_HumanoidRootPart_Torso_Right_Arm.CFrame = CFrame(0.408308, -0.780567, -0.012155, 0.054225, -0.346251, 0.936574, 0.991046, -0.095947, -0.092850, 0.122011, 0.933223, 0.337948)
Right_Arm2_k10_HumanoidRootPart_Torso_Right_Arm.Parent = Torso2_k10_HumanoidRootPart_Torso



--Right Leg
 Right_Leg2_k10_HumanoidRootPart_Torso_Right_Leg = Instance.new("Pose")
Right_Leg2_k10_HumanoidRootPart_Torso_Right_Leg.Name = "Right Leg"
Right_Leg2_k10_HumanoidRootPart_Torso_Right_Leg.CFrame = CFrame(0.418414, 0.124076, 0.032072, 0.995770, 0.038420, -0.083459, -0.039062, 0.999218, -0.006069, 0.083160, 0.009303, 0.996493)
Right_Leg2_k10_HumanoidRootPart_Torso_Right_Leg.Parent = Torso2_k10_HumanoidRootPart_Torso



--Left Arm
 Left_Arm2_k10_HumanoidRootPart_Torso_Left_Arm = Instance.new("Pose")
Left_Arm2_k10_HumanoidRootPart_Torso_Left_Arm.Name = "Left Arm"
Left_Arm2_k10_HumanoidRootPart_Torso_Left_Arm.CFrame = CFrame(-0.285834, -0.788126, 0.225675, -0.196410, -0.090582, -0.976329, -0.818783, -0.532672, 0.214137, -0.539460, 0.841460, 0.030455)
Left_Arm2_k10_HumanoidRootPart_Torso_Left_Arm.Parent = Torso2_k10_HumanoidRootPart_Torso



-- Keyframe 11 (Time: 0.18333333730697632)
 keyframe11 = Instance.new("Keyframe")
keyframe11.Time = 0.18333333730697632
keyframe11.Parent = KeyframeSequence

--HumanoidRootPart
 HumanoidRootPart2_k11_HumanoidRootPart = Instance.new("Pose")
HumanoidRootPart2_k11_HumanoidRootPart.Name = "HumanoidRootPart"
HumanoidRootPart2_k11_HumanoidRootPart.CFrame = CFrame(0.000000, 0.000000, 0.000000, 1.000000, 0.000000, 0.000000, 0.000000, 1.000000, 0.000000, 0.000000, 0.000000, 1.000000)
HumanoidRootPart2_k11_HumanoidRootPart.Parent = keyframe11



--Torso
 Torso2_k11_HumanoidRootPart_Torso = Instance.new("Pose")
Torso2_k11_HumanoidRootPart_Torso.Name = "Torso"
Torso2_k11_HumanoidRootPart_Torso.CFrame = CFrame(-0.018730, -0.171607, -0.053433, 0.999753, 0.011442, -0.019048, -0.014910, 0.981038, -0.193242, 0.016476, 0.193478, 0.980966)
Torso2_k11_HumanoidRootPart_Torso.Parent = HumanoidRootPart2_k11_HumanoidRootPart



--Head
 Head2_k11_HumanoidRootPart_Torso_Head = Instance.new("Pose")
Head2_k11_HumanoidRootPart_Torso_Head.Name = "Head"
Head2_k11_HumanoidRootPart_Torso_Head.CFrame = CFrame(0.000000, -0.000000, 0.000000, 0.982181, -0.165629, -0.088812, 0.183865, 0.944683, 0.271601, 0.038915, -0.283091, 0.958303)
Head2_k11_HumanoidRootPart_Torso_Head.Parent = Torso2_k11_HumanoidRootPart_Torso



--Left Leg
 Left_Leg2_k11_HumanoidRootPart_Torso_Left_Leg = Instance.new("Pose")
Left_Leg2_k11_HumanoidRootPart_Torso_Left_Leg.Name = "Left Leg"
Left_Leg2_k11_HumanoidRootPart_Torso_Left_Leg.CFrame = CFrame(-0.287635, 0.052643, 0.009264, 0.994849, 0.029868, 0.096868, -0.027574, 0.999309, -0.024937, -0.097546, 0.022137, 0.994985)
Left_Leg2_k11_HumanoidRootPart_Torso_Left_Leg.Parent = Torso2_k11_HumanoidRootPart_Torso



--Right Arm
 Right_Arm2_k11_HumanoidRootPart_Torso_Right_Arm = Instance.new("Pose")
Right_Arm2_k11_HumanoidRootPart_Torso_Right_Arm.Name = "Right Arm"
Right_Arm2_k11_HumanoidRootPart_Torso_Right_Arm.CFrame = CFrame(0.308935, -0.608244, 0.009259, 0.062481, -0.042784, 0.997129, 0.928454, 0.369025, -0.042344, -0.366154, 0.928434, 0.062780)
Right_Arm2_k11_HumanoidRootPart_Torso_Right_Arm.Parent = Torso2_k11_HumanoidRootPart_Torso



--Right Leg
 Right_Leg2_k11_HumanoidRootPart_Torso_Right_Leg = Instance.new("Pose")
Right_Leg2_k11_HumanoidRootPart_Torso_Right_Leg.Name = "Right Leg"
Right_Leg2_k11_HumanoidRootPart_Torso_Right_Leg.CFrame = CFrame(0.351260, 0.086660, 0.024646, 0.998032, -0.012636, -0.061427, 0.012817, 0.999915, 0.002550, 0.061389, -0.003333, 0.998108)
Right_Leg2_k11_HumanoidRootPart_Torso_Right_Leg.Parent = Torso2_k11_HumanoidRootPart_Torso



--Left Arm
 Left_Arm2_k11_HumanoidRootPart_Torso_Left_Arm = Instance.new("Pose")
Left_Arm2_k11_HumanoidRootPart_Torso_Left_Arm.Name = "Left Arm"
Left_Arm2_k11_HumanoidRootPart_Torso_Left_Arm.CFrame = CFrame(-0.236352, -0.655636, 0.164338, -0.363221, -0.116134, -0.924437, -0.769060, -0.522723, 0.367840, -0.525944, 0.844555, 0.100550)
Left_Arm2_k11_HumanoidRootPart_Torso_Left_Arm.Parent = Torso2_k11_HumanoidRootPart_Torso



-- Keyframe 12 (Time: 0.20000000298023224)
 keyframe12 = Instance.new("Keyframe")
keyframe12.Time = 0.20000000298023224
keyframe12.Parent = KeyframeSequence

--HumanoidRootPart
 HumanoidRootPart2_k12_HumanoidRootPart = Instance.new("Pose")
HumanoidRootPart2_k12_HumanoidRootPart.Name = "HumanoidRootPart"
HumanoidRootPart2_k12_HumanoidRootPart.CFrame = CFrame(0.000000, 0.000000, 0.000000, 1.000000, 0.000000, 0.000000, 0.000000, 1.000000, 0.000000, 0.000000, 0.000000, 1.000000)
HumanoidRootPart2_k12_HumanoidRootPart.Parent = keyframe12



--Torso
 Torso2_k12_HumanoidRootPart_Torso = Instance.new("Pose")
Torso2_k12_HumanoidRootPart_Torso.Name = "Torso"
Torso2_k12_HumanoidRootPart_Torso.CFrame = CFrame(-0.018730, -0.171607, -0.053433, 0.999753, 0.011442, -0.019048, -0.014910, 0.981038, -0.193242, 0.016476, 0.193478, 0.980966)
Torso2_k12_HumanoidRootPart_Torso.Parent = HumanoidRootPart2_k12_HumanoidRootPart



--Head
 Head2_k12_HumanoidRootPart_Torso_Head = Instance.new("Pose")
Head2_k12_HumanoidRootPart_Torso_Head.Name = "Head"
Head2_k12_HumanoidRootPart_Torso_Head.CFrame = CFrame(0.000000, -0.000000, 0.000000, 0.982181, -0.165629, -0.088812, 0.183865, 0.944683, 0.271601, 0.038915, -0.283091, 0.958303)
Head2_k12_HumanoidRootPart_Torso_Head.Parent = Torso2_k12_HumanoidRootPart_Torso



--Left Leg
 Left_Leg2_k12_HumanoidRootPart_Torso_Left_Leg = Instance.new("Pose")
Left_Leg2_k12_HumanoidRootPart_Torso_Left_Leg.Name = "Left Leg"
Left_Leg2_k12_HumanoidRootPart_Torso_Left_Leg.CFrame = CFrame(-0.287635, 0.052643, 0.009264, 0.994849, 0.029868, 0.096868, -0.027574, 0.999309, -0.024937, -0.097546, 0.022137, 0.994985)
Left_Leg2_k12_HumanoidRootPart_Torso_Left_Leg.Parent = Torso2_k12_HumanoidRootPart_Torso



--Right Arm
 Right_Arm2_k12_HumanoidRootPart_Torso_Right_Arm = Instance.new("Pose")
Right_Arm2_k12_HumanoidRootPart_Torso_Right_Arm.Name = "Right Arm"
Right_Arm2_k12_HumanoidRootPart_Torso_Right_Arm.CFrame = CFrame(0.308935, -0.608244, 0.009259, 0.062481, -0.042784, 0.997129, 0.928454, 0.369025, -0.042344, -0.366154, 0.928434, 0.062780)
Right_Arm2_k12_HumanoidRootPart_Torso_Right_Arm.Parent = Torso2_k12_HumanoidRootPart_Torso



--Right Leg
 Right_Leg2_k12_HumanoidRootPart_Torso_Right_Leg = Instance.new("Pose")
Right_Leg2_k12_HumanoidRootPart_Torso_Right_Leg.Name = "Right Leg"
Right_Leg2_k12_HumanoidRootPart_Torso_Right_Leg.CFrame = CFrame(0.351260, 0.086660, 0.024646, 0.998032, -0.012636, -0.061427, 0.012817, 0.999915, 0.002550, 0.061389, -0.003333, 0.998108)
Right_Leg2_k12_HumanoidRootPart_Torso_Right_Leg.Parent = Torso2_k12_HumanoidRootPart_Torso



--Left Arm
 Left_Arm2_k12_HumanoidRootPart_Torso_Left_Arm = Instance.new("Pose")
Left_Arm2_k12_HumanoidRootPart_Torso_Left_Arm.Name = "Left Arm"
Left_Arm2_k12_HumanoidRootPart_Torso_Left_Arm.CFrame = CFrame(-0.236352, -0.655636, 0.164338, -0.363221, -0.116134, -0.924437, -0.769060, -0.522723, 0.367840, -0.525944, 0.844555, 0.100550)
Left_Arm2_k12_HumanoidRootPart_Torso_Left_Arm.Parent = Torso2_k12_HumanoidRootPart_Torso



-- Keyframe 13 (Time: 0.21666666865348816)
 keyframe13 = Instance.new("Keyframe")
keyframe13.Time = 0.21666666865348816
keyframe13.Parent = KeyframeSequence

--HumanoidRootPart
 HumanoidRootPart2_k13_HumanoidRootPart = Instance.new("Pose")
HumanoidRootPart2_k13_HumanoidRootPart.Name = "HumanoidRootPart"
HumanoidRootPart2_k13_HumanoidRootPart.CFrame = CFrame(0.000000, 0.000000, 0.000000, 1.000000, 0.000000, 0.000000, 0.000000, 1.000000, 0.000000, 0.000000, 0.000000, 1.000000)
HumanoidRootPart2_k13_HumanoidRootPart.Parent = keyframe13



--Torso
 Torso2_k13_HumanoidRootPart_Torso = Instance.new("Pose")
Torso2_k13_HumanoidRootPart_Torso.Name = "Torso"
Torso2_k13_HumanoidRootPart_Torso.CFrame = CFrame(-0.018730, -0.171607, -0.053433, 0.999753, 0.011442, -0.019048, -0.014910, 0.981038, -0.193242, 0.016476, 0.193478, 0.980966)
Torso2_k13_HumanoidRootPart_Torso.Parent = HumanoidRootPart2_k13_HumanoidRootPart



--Head
 Head2_k13_HumanoidRootPart_Torso_Head = Instance.new("Pose")
Head2_k13_HumanoidRootPart_Torso_Head.Name = "Head"
Head2_k13_HumanoidRootPart_Torso_Head.CFrame = CFrame(0.000000, -0.000000, 0.000000, 0.982181, -0.165629, -0.088812, 0.183865, 0.944683, 0.271601, 0.038915, -0.283091, 0.958303)
Head2_k13_HumanoidRootPart_Torso_Head.Parent = Torso2_k13_HumanoidRootPart_Torso



--Left Leg
 Left_Leg2_k13_HumanoidRootPart_Torso_Left_Leg = Instance.new("Pose")
Left_Leg2_k13_HumanoidRootPart_Torso_Left_Leg.Name = "Left Leg"
Left_Leg2_k13_HumanoidRootPart_Torso_Left_Leg.CFrame = CFrame(-0.287635, 0.052643, 0.009264, 0.994849, 0.029868, 0.096868, -0.027574, 0.999309, -0.024937, -0.097546, 0.022137, 0.994985)
Left_Leg2_k13_HumanoidRootPart_Torso_Left_Leg.Parent = Torso2_k13_HumanoidRootPart_Torso



--Right Arm
 Right_Arm2_k13_HumanoidRootPart_Torso_Right_Arm = Instance.new("Pose")
Right_Arm2_k13_HumanoidRootPart_Torso_Right_Arm.Name = "Right Arm"
Right_Arm2_k13_HumanoidRootPart_Torso_Right_Arm.CFrame = CFrame(0.308935, -0.608244, 0.009259, 0.062481, -0.042784, 0.997129, 0.928454, 0.369025, -0.042344, -0.366154, 0.928434, 0.062780)
Right_Arm2_k13_HumanoidRootPart_Torso_Right_Arm.Parent = Torso2_k13_HumanoidRootPart_Torso



--Right Leg
 Right_Leg2_k13_HumanoidRootPart_Torso_Right_Leg = Instance.new("Pose")
Right_Leg2_k13_HumanoidRootPart_Torso_Right_Leg.Name = "Right Leg"
Right_Leg2_k13_HumanoidRootPart_Torso_Right_Leg.CFrame = CFrame(0.351260, 0.086660, 0.024646, 0.998032, -0.012636, -0.061427, 0.012817, 0.999915, 0.002550, 0.061389, -0.003333, 0.998108)
Right_Leg2_k13_HumanoidRootPart_Torso_Right_Leg.Parent = Torso2_k13_HumanoidRootPart_Torso



--Left Arm
 Left_Arm2_k13_HumanoidRootPart_Torso_Left_Arm = Instance.new("Pose")
Left_Arm2_k13_HumanoidRootPart_Torso_Left_Arm.Name = "Left Arm"
Left_Arm2_k13_HumanoidRootPart_Torso_Left_Arm.CFrame = CFrame(-0.236352, -0.655636, 0.164338, -0.363221, -0.116134, -0.924437, -0.769060, -0.522723, 0.367840, -0.525944, 0.844555, 0.100550)
Left_Arm2_k13_HumanoidRootPart_Torso_Left_Arm.Parent = Torso2_k13_HumanoidRootPart_Torso



-- Keyframe 14 (Time: 0.23333333432674408)
 keyframe14 = Instance.new("Keyframe")
keyframe14.Time = 0.23333333432674408
keyframe14.Parent = KeyframeSequence

--HumanoidRootPart
 HumanoidRootPart2_k14_HumanoidRootPart = Instance.new("Pose")
HumanoidRootPart2_k14_HumanoidRootPart.Name = "HumanoidRootPart"
HumanoidRootPart2_k14_HumanoidRootPart.CFrame = CFrame(0.000000, 0.000000, 0.000000, 1.000000, 0.000000, 0.000000, 0.000000, 1.000000, 0.000000, 0.000000, 0.000000, 1.000000)
HumanoidRootPart2_k14_HumanoidRootPart.Parent = keyframe14



--Torso
 Torso2_k14_HumanoidRootPart_Torso = Instance.new("Pose")
Torso2_k14_HumanoidRootPart_Torso.Name = "Torso"
Torso2_k14_HumanoidRootPart_Torso.CFrame = CFrame(-0.018730, -0.171607, -0.053433, 0.999753, 0.011442, -0.019048, -0.014910, 0.981038, -0.193242, 0.016476, 0.193478, 0.980966)
Torso2_k14_HumanoidRootPart_Torso.Parent = HumanoidRootPart2_k14_HumanoidRootPart



--Head
