-- KeyframeSequence Export: KeyframeSequence
-- Generated on 2025-09-01 18:25:26

local KeyframeSequence = Instance.new("KeyframeSequence")
KeyframeSequence.Name = "Dare"
local cf=CFrame.new

-- Keyframe 1 (Time: 0)
local keyframe1 = Instance.new("Keyframe")
keyframe1.Time = 0
keyframe1.Parent = KeyframeSequence

--HumanoidRootPart
local HumanoidRootPart_k1_HumanoidRootPart = Instance.new("Pose")
HumanoidRootPart_k1_HumanoidRootPart.Name = "HumanoidRootPart"
HumanoidRootPart_k1_HumanoidRootPart.CFrame = cf(0.000000, 0.000000, 0.000000, 1.000000, 0.000000, 0.000000, 0.000000, 1.000000, 0.000000, 0.000000, 0.000000, 1.000000)
HumanoidRootPart_k1_HumanoidRootPart.Parent = keyframe1



--Torso
local Torso_k1_HumanoidRootPart_Torso = Instance.new("Pose")
Torso_k1_HumanoidRootPart_Torso.Name = "Torso"
Torso_k1_HumanoidRootPart_Torso.CFrame = cf(-0.082164, -0.053500, -0.278097, 0.564048, 0.821644, -0.082164, -0.825739, 0.561509, -0.053500, 0.002178, 0.098023, 0.995182)
Torso_k1_HumanoidRootPart_Torso.Parent = HumanoidRootPart_k1_HumanoidRootPart



--Head
local Head_k1_HumanoidRootPart_Torso_Head = Instance.new("Pose")
Head_k1_HumanoidRootPart_Torso_Head.Name = "Head"
Head_k1_HumanoidRootPart_Torso_Head.CFrame = cf(0.000000, 0.000000, 0.000000, 0.864810, -0.498484, 0.060145, 0.500475, 0.846175, -0.183065, 0.040362, 0.188417, 0.981259)
Head_k1_HumanoidRootPart_Torso_Head.Parent = Torso_k1_HumanoidRootPart_Torso



--Left Arm
local Left_Arm_k1_HumanoidRootPart_Torso_Replace = Instance.new("Pose")
Left_Arm_k1_HumanoidRootPart_Torso_Replace.Name = "Left Arm"
Left_Arm_k1_HumanoidRootPart_Torso_Replace.CFrame = cf(-0.014019, -0.626694, 0.099562, 0.176759, 0.984130, -0.015614, -0.796067, 0.152275, 0.585738, 0.578820, -0.091104, 0.810350)
Left_Arm_k1_HumanoidRootPart_Torso_Replace.Parent = Torso_k1_HumanoidRootPart_Torso



--Right Arm
local Right_Arm_k1_HumanoidRootPart_Torso_Replace = Instance.new("Pose")
Right_Arm_k1_HumanoidRootPart_Torso_Replace.Name = "Right Arm"
Right_Arm_k1_HumanoidRootPart_Torso_Replace.CFrame = cf(-0.357706, -0.281612, 0.074727, 0.755964, -0.630430, 0.176288, 0.488617, 0.722633, 0.488932, -0.435629, -0.283478, 0.854323)
Right_Arm_k1_HumanoidRootPart_Torso_Replace.Parent = Torso_k1_HumanoidRootPart_Torso



--Left Leg
local Left_Leg_k1_HumanoidRootPart_Torso_Replace = Instance.new("Pose")
Left_Leg_k1_HumanoidRootPart_Torso_Replace.Name = "Left Leg"
Left_Leg_k1_HumanoidRootPart_Torso_Replace.CFrame = cf(-0.002327, 0.320622, 0.238033, 0.666273, -0.063567, 0.742994, -0.160684, 0.960716, 0.226285, -0.728191, -0.270155, 0.629885)
Left_Leg_k1_HumanoidRootPart_Torso_Replace.Parent = Torso_k1_HumanoidRootPart_Torso



--Right Leg
local Right_Leg_k1_HumanoidRootPart_Torso_Replace = Instance.new("Pose")
Right_Leg_k1_HumanoidRootPart_Torso_Replace.Name = "Right Leg"
Right_Leg_k1_HumanoidRootPart_Torso_Replace.CFrame = cf(0.510810, 0.425245, 0.031075, 0.878488, 0.324969, -0.350219, -0.142155, 0.877630, 0.457776, 0.456126, -0.352365, 0.817183)
Right_Leg_k1_HumanoidRootPart_Torso_Replace.Parent = Torso_k1_HumanoidRootPart_Torso



-- Keyframe 2 (Time: 0.03333333507180214)
 keyframe2 = Instance.new("Keyframe")
keyframe2.Time = 0.03333333507180214
keyframe2.Parent = KeyframeSequence

--HumanoidRootPart
 HumanoidRootPart_k2_HumanoidRootPart = Instance.new("Pose")
HumanoidRootPart_k2_HumanoidRootPart.Name = "HumanoidRootPart"
HumanoidRootPart_k2_HumanoidRootPart.CFrame = cf(0.000000, 0.000000, 0.000000, 1.000000, 0.000000, 0.000000, 0.000000, 1.000000, 0.000000, 0.000000, 0.000000, 1.000000)
HumanoidRootPart_k2_HumanoidRootPart.Parent = keyframe2



--Torso
 Torso_k2_HumanoidRootPart_Torso = Instance.new("Pose")
Torso_k2_HumanoidRootPart_Torso.Name = "Torso"
Torso_k2_HumanoidRootPart_Torso.CFrame = cf(-0.077728, -0.053661, -0.185222, 0.570092, 0.817384, -0.082938, -0.821574, 0.567589, -0.053467, 0.003372, 0.098621, 0.995119)
Torso_k2_HumanoidRootPart_Torso.Parent = HumanoidRootPart_k2_HumanoidRootPart



--Head
 Head_k2_HumanoidRootPart_Torso_Head = Instance.new("Pose")
Head_k2_HumanoidRootPart_Torso_Head.Name = "Head"
Head_k2_HumanoidRootPart_Torso_Head.CFrame = cf(0.000000, 0.000000, 0.000000, 0.881331, -0.463527, 0.091645, 0.471404, 0.849390, -0.237308, 0.032157, 0.252349, 0.967102)
Head_k2_HumanoidRootPart_Torso_Head.Parent = Torso_k2_HumanoidRootPart_Torso



--Left Arm
 Left_Arm_k2_HumanoidRootPart_Torso_Replace = Instance.new("Pose")
Left_Arm_k2_HumanoidRootPart_Torso_Replace.Name = "Left Arm"
Left_Arm_k2_HumanoidRootPart_Torso_Replace.CFrame = cf(0.093173, -0.618499, 0.027369, 0.301824, 0.952648, 0.036944, -0.852474, 0.252332, 0.457839, 0.426837, -0.169680, 0.888268)
Left_Arm_k2_HumanoidRootPart_Torso_Replace.Parent = Torso_k2_HumanoidRootPart_Torso



--Right Arm
 Right_Arm_k2_HumanoidRootPart_Torso_Replace = Instance.new("Pose")
Right_Arm_k2_HumanoidRootPart_Torso_Replace.Name = "Right Arm"
Right_Arm_k2_HumanoidRootPart_Torso_Replace.CFrame = cf(-0.365537, -0.279311, 0.055714, 0.776021, -0.613219, 0.147490, 0.497939, 0.739203, 0.453472, -0.387102, -0.278463, 0.878983)
Right_Arm_k2_HumanoidRootPart_Torso_Replace.Parent = Torso_k2_HumanoidRootPart_Torso



--Left Leg
 Left_Leg_k2_HumanoidRootPart_Torso_Replace = Instance.new("Pose")
Left_Leg_k2_HumanoidRootPart_Torso_Replace.Name = "Left Leg"
Left_Leg_k2_HumanoidRootPart_Torso_Replace.CFrame = cf(0.176520, 0.179357, 0.056155, 0.679177, 0.040719, 0.732845, -0.289583, 0.932329, 0.216573, -0.674434, -0.359311, 0.645008)
Left_Leg_k2_HumanoidRootPart_Torso_Replace.Parent = Torso_k2_HumanoidRootPart_Torso



--Right Leg
 Right_Leg_k2_HumanoidRootPart_Torso_Replace = Instance.new("Pose")
Right_Leg_k2_HumanoidRootPart_Torso_Replace.Name = "Right Leg"
Right_Leg_k2_HumanoidRootPart_Torso_Replace.CFrame = cf(0.439244, 0.349234, 0.027158, 0.892857, 0.286318, -0.347603, -0.111661, 0.888517, 0.445050, 0.436277, -0.358552, 0.825289)
Right_Leg_k2_HumanoidRootPart_Torso_Replace.Parent = Torso_k2_HumanoidRootPart_Torso



-- Keyframe 3 (Time: 0.06666667014360428)
 keyframe3 = Instance.new("Keyframe")
keyframe3.Time = 0.06666667014360428
keyframe3.Parent = KeyframeSequence

--HumanoidRootPart
 HumanoidRootPart_k3_HumanoidRootPart = Instance.new("Pose")
HumanoidRootPart_k3_HumanoidRootPart.Name = "HumanoidRootPart"
HumanoidRootPart_k3_HumanoidRootPart.CFrame = cf(0.000000, 0.000000, 0.000000, 1.000000, 0.000000, 0.000000, 0.000000, 1.000000, 0.000000, 0.000000, 0.000000, 1.000000)
HumanoidRootPart_k3_HumanoidRootPart.Parent = keyframe3



--Torso
 Torso_k3_HumanoidRootPart_Torso = Instance.new("Pose")
Torso_k3_HumanoidRootPart_Torso.Name = "Torso"
Torso_k3_HumanoidRootPart_Torso.CFrame = cf(-0.061840, -0.055065, 0.011006, 0.571737, 0.815937, -0.085815, -0.820420, 0.569267, -0.053347, 0.005324, 0.100905, 0.994882)
Torso_k3_HumanoidRootPart_Torso.Parent = HumanoidRootPart_k3_HumanoidRootPart



--Head
 Head_k3_HumanoidRootPart_Torso_Head = Instance.new("Pose")
Head_k3_HumanoidRootPart_Torso_Head.Name = "Head"
Head_k3_HumanoidRootPart_Torso_Head.CFrame = cf(0.000000, -0.000000, -0.000000, 0.887454, -0.448628, 0.105631, 0.460165, 0.849563, -0.257860, 0.025943, 0.277447, 0.960391)
Head_k3_HumanoidRootPart_Torso_Head.Parent = Torso_k3_HumanoidRootPart_Torso



--Left Arm
 Left_Arm_k3_HumanoidRootPart_Torso_Replace = Instance.new("Pose")
Left_Arm_k3_HumanoidRootPart_Torso_Replace.Name = "Left Arm"
Left_Arm_k3_HumanoidRootPart_Torso_Replace.CFrame = cf(0.168829, -0.445619, -0.037062, 0.629300, 0.769176, 0.111126, -0.755626, 0.572145, 0.318873, 0.181690, -0.284636, 0.941260)
Left_Arm_k3_HumanoidRootPart_Torso_Replace.Parent = Torso_k3_HumanoidRootPart_Torso



--Right Arm
 Right_Arm_k3_HumanoidRootPart_Torso_Replace = Instance.new("Pose")
Right_Arm_k3_HumanoidRootPart_Torso_Replace.Name = "Right Arm"
Right_Arm_k3_HumanoidRootPart_Torso_Replace.CFrame = cf(-0.361505, -0.262091, 0.003081, 0.831376, -0.551520, 0.068121, 0.494518, 0.790169, 0.362056, -0.253508, -0.267318, 0.929664)
Right_Arm_k3_HumanoidRootPart_Torso_Replace.Parent = Torso_k3_HumanoidRootPart_Torso



--Left Leg
 Left_Leg_k3_HumanoidRootPart_Torso_Replace = Instance.new("Pose")
Left_Leg_k3_HumanoidRootPart_Torso_Replace.Name = "Left Leg"
Left_Leg_k3_HumanoidRootPart_Torso_Replace.CFrame = cf(0.165609, 0.154847, 0.041468, 0.692500, 0.048887, 0.719759, -0.270719, 0.942399, 0.196458, -0.668696, -0.330900, 0.665846)
Left_Leg_k3_HumanoidRootPart_Torso_Replace.Parent = Torso_k3_HumanoidRootPart_Torso



--Right Leg
 Right_Leg_k3_HumanoidRootPart_Torso_Replace = Instance.new("Pose")
Right_Leg_k3_HumanoidRootPart_Torso_Replace.Name = "Right Leg"
Right_Leg_k3_HumanoidRootPart_Torso_Replace.CFrame = cf(0.206574, 0.182901, -0.017533, 0.931135, 0.148749, -0.332959, 0.005503, 0.907193, 0.420678, 0.364633, -0.393540, 0.843901)
Right_Leg_k3_HumanoidRootPart_Torso_Replace.Parent = Torso_k3_HumanoidRootPart_Torso



-- Keyframe 4 (Time: 0.10000000149011612)
 keyframe4 = Instance.new("Keyframe")
keyframe4.Time = 0.10000000149011612
keyframe4.Parent = KeyframeSequence

--HumanoidRootPart
 HumanoidRootPart_k4_HumanoidRootPart = Instance.new("Pose")
HumanoidRootPart_k4_HumanoidRootPart.Name = "HumanoidRootPart"
HumanoidRootPart_k4_HumanoidRootPart.CFrame = cf(0.000000, 0.000000, 0.000000, 1.000000, 0.000000, 0.000000, 0.000000, 1.000000, 0.000000, 0.000000, 0.000000, 1.000000)
HumanoidRootPart_k4_HumanoidRootPart.Parent = keyframe4



--Torso
 Torso_k4_HumanoidRootPart_Torso = Instance.new("Pose")
Torso_k4_HumanoidRootPart_Torso.Name = "Torso"
Torso_k4_HumanoidRootPart_Torso.CFrame = cf(-0.037743, -0.057538, 0.217611, 0.578215, 0.810930, -0.089775, -0.815827, 0.575975, -0.051771, 0.009726, 0.103176, 0.994616)
Torso_k4_HumanoidRootPart_Torso.Parent = HumanoidRootPart_k4_HumanoidRootPart



--Head
 Head_k4_HumanoidRootPart_Torso_Head = Instance.new("Pose")
Head_k4_HumanoidRootPart_Torso_Head.Name = "Head"
Head_k4_HumanoidRootPart_Torso_Head.CFrame = cf(0.000000, -0.000000, -0.000000, 0.891917, -0.439025, 0.108357, 0.451699, 0.853708, -0.259136, 0.021262, 0.280073, 0.959743)
Head_k4_HumanoidRootPart_Torso_Head.Parent = Torso_k4_HumanoidRootPart_Torso



--Left Arm
 Left_Arm_k4_HumanoidRootPart_Torso_Replace = Instance.new("Pose")
Left_Arm_k4_HumanoidRootPart_Torso_Replace.Name = "Left Arm"
Left_Arm_k4_HumanoidRootPart_Torso_Replace.CFrame = cf(0.059102, -0.301663, -0.021350, 0.814708, 0.554633, 0.169216, -0.579223, 0.764577, 0.282705, 0.027419, -0.328336, 0.944163)
Left_Arm_k4_HumanoidRootPart_Torso_Replace.Parent = Torso_k4_HumanoidRootPart_Torso



--Right Arm
 Right_Arm_k4_HumanoidRootPart_Torso_Replace = Instance.new("Pose")
Right_Arm_k4_HumanoidRootPart_Torso_Replace.Name = "Right Arm"
Right_Arm_k4_HumanoidRootPart_Torso_Replace.CFrame = cf(-0.300607, -0.224690, -0.049733, 0.891646, -0.451125, -0.038131, 0.443997, 0.854868, 0.268454, -0.088510, -0.256296, 0.962537)
Right_Arm_k4_HumanoidRootPart_Torso_Replace.Parent = Torso_k4_HumanoidRootPart_Torso



--Left Leg
 Left_Leg_k4_HumanoidRootPart_Torso_Replace = Instance.new("Pose")
Left_Leg_k4_HumanoidRootPart_Torso_Replace.Name = "Left Leg"
Left_Leg_k4_HumanoidRootPart_Torso_Replace.CFrame = cf(0.151890, 0.121812, 0.024921, 0.717135, 0.056719, 0.694623, -0.243599, 0.954217, 0.173578, -0.652976, -0.293688, 0.698119)
Left_Leg_k4_HumanoidRootPart_Torso_Replace.Parent = Torso_k4_HumanoidRootPart_Torso



--Right Leg
 Right_Leg_k4_HumanoidRootPart_Torso_Replace = Instance.new("Pose")
Right_Leg_k4_HumanoidRootPart_Torso_Replace.Name = "Right Leg"
Right_Leg_k4_HumanoidRootPart_Torso_Replace.CFrame = cf(-0.004543, 0.104836, -0.079221, 0.949780, 0.025287, -0.311895, 0.105338, 0.912719, 0.394775, 0.294656, -0.407804, 0.864219)
Right_Leg_k4_HumanoidRootPart_Torso_Replace.Parent = Torso_k4_HumanoidRootPart_Torso



-- Keyframe 5 (Time: 0.13333334028720856)
 keyframe5 = Instance.new("Keyframe")
keyframe5.Time = 0.13333334028720856
keyframe5.Parent = KeyframeSequence

--HumanoidRootPart
 HumanoidRootPart_k5_HumanoidRootPart = Instance.new("Pose")
HumanoidRootPart_k5_HumanoidRootPart.Name = "HumanoidRootPart"
HumanoidRootPart_k5_HumanoidRootPart.CFrame = cf(0.000000, 0.000000, 0.000000, 1.000000, 0.000000, 0.000000, 0.000000, 1.000000, 0.000000, 0.000000, 0.000000, 1.000000)
HumanoidRootPart_k5_HumanoidRootPart.Parent = keyframe5



--Torso
 Torso_k5_HumanoidRootPart_Torso = Instance.new("Pose")
Torso_k5_HumanoidRootPart_Torso.Name = "Torso"
Torso_k5_HumanoidRootPart_Torso.CFrame = cf(-0.010092, -0.062878, 0.453289, 0.586686, 0.804382, -0.093644, -0.809686, 0.584718, -0.050139, 0.014424, 0.105238, 0.994342)
Torso_k5_HumanoidRootPart_Torso.Parent = HumanoidRootPart_k5_HumanoidRootPart



--Head
 Head_k5_HumanoidRootPart_Torso_Head = Instance.new("Pose")
Head_k5_HumanoidRootPart_Torso_Head.Name = "Head"
Head_k5_HumanoidRootPart_Torso_Head.CFrame = cf(0.000000, -0.000000, 0.000000, 0.893559, -0.437886, 0.099037, 0.448487, 0.860672, -0.241045, 0.020312, 0.259805, 0.965447)
Head_k5_HumanoidRootPart_Torso_Head.Parent = Torso_k5_HumanoidRootPart_Torso



--Left Arm
 Left_Arm_k5_HumanoidRootPart_Torso_Replace = Instance.new("Pose")
Left_Arm_k5_HumanoidRootPart_Torso_Replace.Name = "Left Arm"
Left_Arm_k5_HumanoidRootPart_Torso_Replace.CFrame = cf(0.078861, -0.268414, -0.019453, 0.814790, 0.530767, 0.233244, -0.578591, 0.769933, 0.269138, -0.036733, -0.354244, 0.934431)
Left_Arm_k5_HumanoidRootPart_Torso_Replace.Parent = Torso_k5_HumanoidRootPart_Torso



--Right Arm
 Right_Arm_k5_HumanoidRootPart_Torso_Replace = Instance.new("Pose")
Right_Arm_k5_HumanoidRootPart_Torso_Replace.Name = "Right Arm"
Right_Arm_k5_HumanoidRootPart_Torso_Replace.CFrame = cf(-0.196477, -0.181910, -0.070892, 0.921306, -0.357728, -0.152402, 0.383930, 0.898974, 0.210817, 0.061591, -0.252739, 0.965572)
Right_Arm_k5_HumanoidRootPart_Torso_Replace.Parent = Torso_k5_HumanoidRootPart_Torso



--Left Leg
 Left_Leg_k5_HumanoidRootPart_Torso_Replace = Instance.new("Pose")
Left_Leg_k5_HumanoidRootPart_Torso_Replace.Name = "Left Leg"
Left_Leg_k5_HumanoidRootPart_Torso_Replace.CFrame = cf(0.134602, 0.083333, 0.004713, 0.751754, 0.062338, 0.656490, -0.208312, 0.966995, 0.146718, -0.625677, -0.247051, 0.739929)
Left_Leg_k5_HumanoidRootPart_Torso_Replace.Parent = Torso_k5_HumanoidRootPart_Torso



--Right Leg
 Right_Leg_k5_HumanoidRootPart_Torso_Replace = Instance.new("Pose")
Right_Leg_k5_HumanoidRootPart_Torso_Replace.Name = "Right Leg"
Right_Leg_k5_HumanoidRootPart_Torso_Replace.CFrame = cf(0.013921, 0.084681, -0.065839, 0.963013, 0.020921, -0.268642, 0.078487, 0.931971, 0.353934, 0.257771, -0.361928, 0.895858)
Right_Leg_k5_HumanoidRootPart_Torso_Replace.Parent = Torso_k5_HumanoidRootPart_Torso



-- Keyframe 6 (Time: 0.1666666716337204)
 keyframe6 = Instance.new("Keyframe")
keyframe6.Time = 0.1666666716337204
keyframe6.Parent = KeyframeSequence

--HumanoidRootPart
 HumanoidRootPart_k6_HumanoidRootPart = Instance.new("Pose")
HumanoidRootPart_k6_HumanoidRootPart.Name = "HumanoidRootPart"
HumanoidRootPart_k6_HumanoidRootPart.CFrame = cf(0.000000, 0.000000, 0.000000, 1.000000, 0.000000, 0.000000, 0.000000, 1.000000, 0.000000, 0.000000, 0.000000, 1.000000)
HumanoidRootPart_k6_HumanoidRootPart.Parent = keyframe6



--Torso
 Torso_k6_HumanoidRootPart_Torso = Instance.new("Pose")
Torso_k6_HumanoidRootPart_Torso.Name = "Torso"
Torso_k6_HumanoidRootPart_Torso.CFrame = cf(0.020355, -0.075133, 0.670362, 0.595918, 0.796972, -0.098573, -0.802776, 0.594392, -0.047428, 0.020792, 0.107396, 0.993999)
Torso_k6_HumanoidRootPart_Torso.Parent = HumanoidRootPart_k6_HumanoidRootPart



--Head
 Head_k6_HumanoidRootPart_Torso_Head = Instance.new("Pose")
Head_k6_HumanoidRootPart_Torso_Head.Name = "Head"
Head_k6_HumanoidRootPart_Torso_Head.CFrame = cf(0.000000, 0.000000, -0.000000, 0.888496, -0.453354, 0.071031, 0.458281, 0.868688, -0.188045, 0.023547, 0.199629, 0.979589)
Head_k6_HumanoidRootPart_Torso_Head.Parent = Torso_k6_HumanoidRootPart_Torso



--Left Arm
 Left_Arm_k6_HumanoidRootPart_Torso_Replace = Instance.new("Pose")
Left_Arm_k6_HumanoidRootPart_Torso_Replace.Name = "Left Arm"
Left_Arm_k6_HumanoidRootPart_Torso_Replace.CFrame = cf(0.194144, -0.282428, -0.039995, 0.747167, 0.589706, 0.306576, -0.660499, 0.710195, 0.243648, -0.074048, -0.384538, 0.920134)
Left_Arm_k6_HumanoidRootPart_Torso_Replace.Parent = Torso_k6_HumanoidRootPart_Torso



--Right Arm
 Right_Arm_k6_HumanoidRootPart_Torso_Replace = Instance.new("Pose")
Right_Arm_k6_HumanoidRootPart_Torso_Replace.Name = "Right Arm"
Right_Arm_k6_HumanoidRootPart_Torso_Replace.CFrame = cf(-0.199898, -0.159765, -0.086134, 0.881599, -0.389000, -0.267325, 0.444685, 0.874400, 0.194113, 0.158239, -0.290005, 0.943852)
Right_Arm_k6_HumanoidRootPart_Torso_Replace.Parent = Torso_k6_HumanoidRootPart_Torso



--Left Leg
 Left_Leg_k6_HumanoidRootPart_Torso_Replace = Instance.new("Pose")
Left_Leg_k6_HumanoidRootPart_Torso_Replace.Name = "Left Leg"
Left_Leg_k6_HumanoidRootPart_Torso_Replace.CFrame = cf(0.117695, 0.041064, -0.021884, 0.787518, 0.064770, 0.612879, -0.169068, 0.979015, 0.113779, -0.592648, -0.193221, 0.781942)
Left_Leg_k6_HumanoidRootPart_Torso_Replace.Parent = Torso_k6_HumanoidRootPart_Torso



--Right Leg
 Right_Leg_k6_HumanoidRootPart_Torso_Replace = Instance.new("Pose")
Right_Leg_k6_HumanoidRootPart_Torso_Replace.Name = "Right Leg"
Right_Leg_k6_HumanoidRootPart_Torso_Replace.CFrame = cf(0.031750, 0.068428, -0.041485, 0.976824, 0.019415, -0.213160, 0.046982, 0.952143, 0.302019, 0.208823, -0.305035, 0.929165)
Right_Leg_k6_HumanoidRootPart_Torso_Replace.Parent = Torso_k6_HumanoidRootPart_Torso



-- Keyframe 7 (Time: 0.20000000298023224)
 keyframe7 = Instance.new("Keyframe")
keyframe7.Time = 0.20000000298023224
keyframe7.Parent = KeyframeSequence

--HumanoidRootPart
 HumanoidRootPart_k7_HumanoidRootPart = Instance.new("Pose")
HumanoidRootPart_k7_HumanoidRootPart.Name = "HumanoidRootPart"
HumanoidRootPart_k7_HumanoidRootPart.CFrame = cf(0.000000, 0.000000, 0.000000, 1.000000, 0.000000, 0.000000, 0.000000, 1.000000, 0.000000, 0.000000, 0.000000, 1.000000)
HumanoidRootPart_k7_HumanoidRootPart.Parent = keyframe7



--Torso
 Torso_k7_HumanoidRootPart_Torso = Instance.new("Pose")
Torso_k7_HumanoidRootPart_Torso.Name = "Torso"
Torso_k7_HumanoidRootPart_Torso.CFrame = cf(0.051541, -0.096844, 0.815112, 0.604021, 0.789933, -0.105661, -0.796405, 0.603250, -0.042758, 0.029964, 0.109975, 0.993483)
Torso_k7_HumanoidRootPart_Torso.Parent = HumanoidRootPart_k7_HumanoidRootPart



--Head
 Head_k7_HumanoidRootPart_Torso_Head = Instance.new("Pose")
Head_k7_HumanoidRootPart_Torso_Head.Name = "Head"
Head_k7_HumanoidRootPart_Torso_Head.CFrame = cf(0.000000, 0.000000, 0.000000, 0.874863, -0.483596, 0.027393, 0.483659, 0.869111, -0.103537, 0.026263, 0.103830, 0.994248)
Head_k7_HumanoidRootPart_Torso_Head.Parent = Torso_k7_HumanoidRootPart_Torso



--Left Arm
 Left_Arm_k7_HumanoidRootPart_Torso_Replace = Instance.new("Pose")
Left_Arm_k7_HumanoidRootPart_Torso_Replace.Name = "Left Arm"
Left_Arm_k7_HumanoidRootPart_Torso_Replace.CFrame = cf(0.323124, -0.322509, -0.081521, 0.640137, 0.670922, 0.374284, -0.763294, 0.610729, 0.210697, -0.087225, -0.420563, 0.903061)
Left_Arm_k7_HumanoidRootPart_Torso_Replace.Parent = Torso_k7_HumanoidRootPart_Torso



--Right Arm
 Right_Arm_k7_HumanoidRootPart_Torso_Replace = Instance.new("Pose")
Right_Arm_k7_HumanoidRootPart_Torso_Replace.Name = "Right Arm"
Right_Arm_k7_HumanoidRootPart_Torso_Replace.CFrame = cf(-0.310897, -0.190886, -0.133316, 0.748680, -0.545415, -0.376829, 0.642077, 0.738040, 0.207446, 0.164971, -0.397264, 0.902755)
Right_Arm_k7_HumanoidRootPart_Torso_Replace.Parent = Torso_k7_HumanoidRootPart_Torso



--Left Leg
 Left_Leg_k7_HumanoidRootPart_Torso_Replace = Instance.new("Pose")
Left_Leg_k7_HumanoidRootPart_Torso_Replace.Name = "Left Leg"
Left_Leg_k7_HumanoidRootPart_Torso_Replace.CFrame = cf(0.105878, -0.002846, -0.055901, 0.818297, 0.062602, 0.571377, -0.128253, 0.988876, 0.075333, -0.560305, -0.134926, 0.817223)
Left_Leg_k7_HumanoidRootPart_Torso_Replace.Parent = Torso_k7_HumanoidRootPart_Torso



--Right Leg
 Right_Leg_k7_HumanoidRootPart_Torso_Replace = Instance.new("Pose")
Right_Leg_k7_HumanoidRootPart_Torso_Replace.Name = "Right Leg"
Right_Leg_k7_HumanoidRootPart_Torso_Replace.CFrame = cf(0.050221, 0.061005, -0.012488, 0.987892, 0.016968, -0.154211, 0.022410, 0.967968, 0.250073, 0.153515, -0.250501, 0.955867)
Right_Leg_k7_HumanoidRootPart_Torso_Replace.Parent = Torso_k7_HumanoidRootPart_Torso



-- Keyframe 8 (Time: 0.23333333432674408)
 keyframe8 = Instance.new("Keyframe")
keyframe8.Time = 0.23333333432674408
keyframe8.Parent = KeyframeSequence

--HumanoidRootPart
 HumanoidRootPart_k8_HumanoidRootPart = Instance.new("Pose")
HumanoidRootPart_k8_HumanoidRootPart.Name = "HumanoidRootPart"
HumanoidRootPart_k8_HumanoidRootPart.CFrame = cf(0.000000, 0.000000, 0.000000, 1.000000, 0.000000, 0.000000, 0.000000, 1.000000, 0.000000, 0.000000, 0.000000, 1.000000)
HumanoidRootPart_k8_HumanoidRootPart.Parent = keyframe8



--Torso
 Torso_k8_HumanoidRootPart_Torso = Instance.new("Pose")
Torso_k8_HumanoidRootPart_Torso.Name = "Torso"
Torso_k8_HumanoidRootPart_Torso.CFrame = cf(0.081619, -0.127193, 0.866904, 0.609804, 0.784145, -0.115133, -0.791439, 0.610186, -0.036031, 0.041999, 0.113093, 0.992696)
Torso_k8_HumanoidRootPart_Torso.Parent = HumanoidRootPart_k8_HumanoidRootPart



--Head
 Head_k8_HumanoidRootPart_Torso_Head = Instance.new("Pose")
Head_k8_HumanoidRootPart_Torso_Head.Name = "Head"
Head_k8_HumanoidRootPart_Torso_Head.CFrame = cf(0.000000, 0.000000, -0.000001, 0.851920, -0.523003, -0.026457, 0.523165, 0.852231, -0.000925, 0.023031, -0.013054, 0.999650)
Head_k8_HumanoidRootPart_Torso_Head.Parent = Torso_k8_HumanoidRootPart_Torso



--Left Arm
 Left_Arm_k8_HumanoidRootPart_Torso_Replace = Instance.new("Pose")
Left_Arm_k8_HumanoidRootPart_Torso_Replace.Name = "Left Arm"
Left_Arm_k8_HumanoidRootPart_Torso_Replace.CFrame = cf(0.416398, -0.365778, -0.125714, 0.534213, 0.730191, 0.425957, -0.841191, 0.509092, 0.182273, -0.083757, -0.455683, 0.886193)
Left_Arm_k8_HumanoidRootPart_Torso_Replace.Parent = Torso_k8_HumanoidRootPart_Torso



--Right Arm
 Right_Arm_k8_HumanoidRootPart_Torso_Replace = Instance.new("Pose")
Right_Arm_k8_HumanoidRootPart_Torso_Replace.Name = "Right Arm"
Right_Arm_k8_HumanoidRootPart_Torso_Replace.CFrame = cf(-0.357011, -0.282188, -0.154522, 0.545442, -0.693270, -0.471031, 0.834869, 0.499062, 0.232231, 0.074075, -0.519917, 0.850999)
Right_Arm_k8_HumanoidRootPart_Torso_Replace.Parent = Torso_k8_HumanoidRootPart_Torso



--Left Leg
 Left_Leg_k8_HumanoidRootPart_Torso_Replace = Instance.new("Pose")
Left_Leg_k8_HumanoidRootPart_Torso_Replace.Name = "Left Leg"
Left_Leg_k8_HumanoidRootPart_Torso_Replace.CFrame = cf(-0.098354, 0.008341, 0.027594, 0.843032, -0.045507, 0.535935, 0.033202, 0.998917, 0.032593, -0.536838, -0.009683, 0.843630)
Left_Leg_k8_HumanoidRootPart_Torso_Replace.Parent = Torso_k8_HumanoidRootPart_Torso



--Right Leg
 Right_Leg_k8_HumanoidRootPart_Torso_Replace = Instance.new("Pose")
Right_Leg_k8_HumanoidRootPart_Torso_Replace.Name = "Right Leg"
Right_Leg_k8_HumanoidRootPart_Torso_Replace.CFrame = cf(0.073901, 0.064459, 0.015759, 0.995465, 0.009999, -0.094599, 0.010290, 0.977307, 0.211577, 0.094568, -0.211591, 0.972772)
Right_Leg_k8_HumanoidRootPart_Torso_Replace.Parent = Torso_k8_HumanoidRootPart_Torso



-- Keyframe 9 (Time: 0.2666666805744171)
 keyframe9 = Instance.new("Keyframe")
keyframe9.Time = 0.2666666805744171
keyframe9.Parent = KeyframeSequence

--HumanoidRootPart
 HumanoidRootPart_k9_HumanoidRootPart = Instance.new("Pose")
HumanoidRootPart_k9_HumanoidRootPart.Name = "HumanoidRootPart"
HumanoidRootPart_k9_HumanoidRootPart.CFrame = cf(0.000000, 0.000000, 0.000000, 1.000000, 0.000000, 0.000000, 0.000000, 1.000000, 0.000000, 0.000000, 0.000000, 1.000000)
HumanoidRootPart_k9_HumanoidRootPart.Parent = keyframe9



--Torso
 Torso_k9_HumanoidRootPart_Torso = Instance.new("Pose")
Torso_k9_HumanoidRootPart_Torso.Name = "Torso"
Torso_k9_HumanoidRootPart_Torso.CFrame = cf(0.117524, -0.168568, 0.869666, 0.612592, 0.780587, -0.124161, -0.787563, 0.616111, -0.012294, 0.066901, 0.105316, 0.992186)
Torso_k9_HumanoidRootPart_Torso.Parent = HumanoidRootPart_k9_HumanoidRootPart



--Head
 Head_k9_HumanoidRootPart_Torso_Head = Instance.new("Pose")
Head_k9_HumanoidRootPart_Torso_Head.Name = "Head"
Head_k9_HumanoidRootPart_Torso_Head.CFrame = cf(0.000000, 0.000000, 0.000000, 0.822089, -0.564996, -0.070348, 0.569298, 0.817503, 0.087107, 0.008295, -0.111658, 0.993712)
Head_k9_HumanoidRootPart_Torso_Head.Parent = Torso_k9_HumanoidRootPart_Torso



--Left Arm
 Left_Arm_k9_HumanoidRootPart_Torso_Replace = Instance.new("Pose")
Left_Arm_k9_HumanoidRootPart_Torso_Replace.Name = "Left Arm"
Left_Arm_k9_HumanoidRootPart_Torso_Replace.CFrame = cf(0.471860, -0.396170, -0.160238, 0.464681, 0.754872, 0.462860, -0.882418, 0.438193, 0.171248, -0.073551, -0.488012, 0.869732)
Left_Arm_k9_HumanoidRootPart_Torso_Replace.Parent = Torso_k9_HumanoidRootPart_Torso



--Right Arm
 Right_Arm_k9_HumanoidRootPart_Torso_Replace = Instance.new("Pose")
Right_Arm_k9_HumanoidRootPart_Torso_Replace.Name = "Right Arm"
Right_Arm_k9_HumanoidRootPart_Torso_Replace.CFrame = cf(-0.292609, -0.388981, -0.094246, 0.325509, -0.774503, -0.542392, 0.941783, 0.214489, 0.258921, -0.084198, -0.595097, 0.799231)
Right_Arm_k9_HumanoidRootPart_Torso_Replace.Parent = Torso_k9_HumanoidRootPart_Torso



--Left Leg
 Left_Leg_k9_HumanoidRootPart_Torso_Replace = Instance.new("Pose")
Left_Leg_k9_HumanoidRootPart_Torso_Replace.Name = "Left Leg"
Left_Leg_k9_HumanoidRootPart_Torso_Replace.CFrame = cf(-0.183010, -0.012555, 0.017098, 0.855613, -0.113782, 0.504956, 0.143856, 0.989380, -0.020817, -0.497225, 0.090452, 0.862894)
Left_Leg_k9_HumanoidRootPart_Torso_Replace.Parent = Torso_k9_HumanoidRootPart_Torso



--Right Leg
 Right_Leg_k9_HumanoidRootPart_Torso_Replace = Instance.new("Pose")
Right_Leg_k9_HumanoidRootPart_Torso_Replace.Name = "Right Leg"
Right_Leg_k9_HumanoidRootPart_Torso_Replace.CFrame = cf(0.097896, 0.087641, 0.051470, 0.999424, 0.006477, -0.033321, 0.000631, 0.977915, 0.209002, 0.033939, -0.208903, 0.977347)
Right_Leg_k9_HumanoidRootPart_Torso_Replace.Parent = Torso_k9_HumanoidRootPart_Torso



-- Keyframe 10 (Time: 0.30000001192092896)
 keyframe10 = Instance.new("Keyframe")
keyframe10.Time = 0.30000001192092896
keyframe10.Parent = KeyframeSequence

--HumanoidRootPart
 HumanoidRootPart_k10_HumanoidRootPart = Instance.new("Pose")
HumanoidRootPart_k10_HumanoidRootPart.Name = "HumanoidRootPart"
HumanoidRootPart_k10_HumanoidRootPart.CFrame = cf(0.000000, 0.000000, 0.000000, 1.000000, 0.000000, 0.000000, 0.000000, 1.000000, 0.000000, 0.000000, 0.000000, 1.000000)
HumanoidRootPart_k10_HumanoidRootPart.Parent = keyframe10



--Torso
 Torso_k10_HumanoidRootPart_Torso = Instance.new("Pose")
Torso_k10_HumanoidRootPart_Torso.Name = "Torso"
Torso_k10_HumanoidRootPart_Torso.CFrame = cf(0.136785, -0.197148, 0.828299, 0.622497, 0.771828, -0.129530, -0.778133, 0.628092, 0.003039, 0.083702, 0.098900, 0.991571)
Torso_k10_HumanoidRootPart_Torso.Parent = HumanoidRootPart_k10_HumanoidRootPart



--Head
 Head_k10_HumanoidRootPart_Torso_Head = Instance.new("Pose")
Head_k10_HumanoidRootPart_Torso_Head.Name = "Head"
Head_k10_HumanoidRootPart_Torso_Head.CFrame = cf(0.000000, -0.000000, -0.000000, 0.794468, -0.596831, -0.112312, 0.607281, 0.779016, 0.156025, -0.005628, -0.192162, 0.981347)
Head_k10_HumanoidRootPart_Torso_Head.Parent = Torso_k10_HumanoidRootPart_Torso



--Left Arm
 Left_Arm_k10_HumanoidRootPart_Torso_Replace = Instance.new("Pose")
Left_Arm_k10_HumanoidRootPart_Torso_Replace.Name = "Left Arm"
Left_Arm_k10_HumanoidRootPart_Torso_Replace.CFrame = cf(0.501368, -0.404403, -0.181914, 0.449705, 0.746947, 0.489731, -0.890765, 0.415336, 0.184484, -0.065602, -0.519198, 0.852132)
Left_Arm_k10_HumanoidRootPart_Torso_Replace.Parent = Torso_k10_HumanoidRootPart_Torso



--Right Arm
 Right_Arm_k10_HumanoidRootPart_Torso_Replace = Instance.new("Pose")
Right_Arm_k10_HumanoidRootPart_Torso_Replace.Name = "Right Arm"
Right_Arm_k10_HumanoidRootPart_Torso_Replace.CFrame = cf(-0.173442, -0.436379, 0.020325, 0.154198, -0.792521, -0.590028, 0.957458, -0.027568, 0.287251, -0.243918, -0.609221, 0.754555)
Right_Arm_k10_HumanoidRootPart_Torso_Replace.Parent = Torso_k10_HumanoidRootPart_Torso



--Left Leg
 Left_Leg_k10_HumanoidRootPart_Torso_Replace = Instance.new("Pose")
Left_Leg_k10_HumanoidRootPart_Torso_Replace.Name = "Left Leg"
Left_Leg_k10_HumanoidRootPart_Torso_Replace.CFrame = cf(-0.031619, -0.116120, -0.123277, 0.877758, -0.063785, 0.474840, 0.107739, 0.991992, -0.065906, -0.466833, 0.109009, 0.877601)
Left_Leg_k10_HumanoidRootPart_Torso_Replace.Parent = Torso_k10_HumanoidRootPart_Torso



--Right Leg
 Right_Leg_k10_HumanoidRootPart_Torso_Replace = Instance.new("Pose")
Right_Leg_k10_HumanoidRootPart_Torso_Replace.Name = "Right Leg"
Right_Leg_k10_HumanoidRootPart_Torso_Replace.CFrame = cf(0.124404, 0.105423, 0.063527, 0.999858, -0.006238, 0.015669, 0.003007, 0.980124, 0.198361, -0.016595, -0.198286, 0.980004)
Right_Leg_k10_HumanoidRootPart_Torso_Replace.Parent = Torso_k10_HumanoidRootPart_Torso



-- Keyframe 11 (Time: 0.3333333432674408)
 keyframe11 = Instance.new("Keyframe")
keyframe11.Time = 0.3333333432674408
keyframe11.Parent = KeyframeSequence

--HumanoidRootPart
 HumanoidRootPart_k11_HumanoidRootPart = Instance.new("Pose")
HumanoidRootPart_k11_HumanoidRootPart.Name = "HumanoidRootPart"
HumanoidRootPart_k11_HumanoidRootPart.CFrame = cf(0.000000, 0.000000, 0.000000, 1.000000, 0.000000, 0.000000, 0.000000, 1.000000, 0.000000, 0.000000, 0.000000, 1.000000)
HumanoidRootPart_k11_HumanoidRootPart.Parent = keyframe11



--Torso
 Torso_k11_HumanoidRootPart_Torso = Instance.new("Pose")
Torso_k11_HumanoidRootPart_Torso.Name = "Torso"
Torso_k11_HumanoidRootPart_Torso.CFrame = cf(0.145257, -0.202782, 0.677528, 0.661899, 0.740704, -0.115099, -0.746153, 0.665742, -0.006608, 0.071732, 0.090255, 0.993332)
Torso_k11_HumanoidRootPart_Torso.Parent = HumanoidRootPart_k11_HumanoidRootPart



--Head
 Head_k11_HumanoidRootPart_Torso_Head = Instance.new("Pose")
Head_k11_HumanoidRootPart_Torso_Head.Name = "Head"
Head_k11_HumanoidRootPart_Torso_Head.CFrame = cf(0.000000, 0.000000, 0.000000, 0.790326, -0.591852, -0.158414, 0.612681, 0.764494, 0.200429, 0.002482, -0.255462, 0.966816)
Head_k11_HumanoidRootPart_Torso_Head.Parent = Torso_k11_HumanoidRootPart_Torso



--Left Arm
 Left_Arm_k11_HumanoidRootPart_Torso_Replace = Instance.new("Pose")
Left_Arm_k11_HumanoidRootPart_Torso_Replace.Name = "Left Arm"
Left_Arm_k11_HumanoidRootPart_Torso_Replace.CFrame = cf(0.528866, -0.410862, -0.190457, 0.473286, 0.720086, 0.507422, -0.880032, 0.412195, 0.235880, -0.039303, -0.558186, 0.828784)
Left_Arm_k11_HumanoidRootPart_Torso_Replace.Parent = Torso_k11_HumanoidRootPart_Torso



--Right Arm
 Right_Arm_k11_HumanoidRootPart_Torso_Replace = Instance.new("Pose")
Right_Arm_k11_HumanoidRootPart_Torso_Replace.Name = "Right Arm"
Right_Arm_k11_HumanoidRootPart_Torso_Replace.CFrame = cf(-0.106533, -0.460931, 0.116477, 0.034112, -0.786219, -0.617006, 0.922620, -0.212556, 0.321858, -0.384199, -0.580241, 0.718131)
Right_Arm_k11_HumanoidRootPart_Torso_Replace.Parent = Torso_k11_HumanoidRootPart_Torso



--Left Leg
 Left_Leg_k11_HumanoidRootPart_Torso_Replace = Instance.new("Pose")
Left_Leg_k11_HumanoidRootPart_Torso_Replace.Name = "Left Leg"
Left_Leg_k11_HumanoidRootPart_Torso_Replace.CFrame = cf(0.116150, -0.151345, -0.213058, 0.907279, -0.009039, 0.420431, 0.046123, 0.995876, -0.078121, -0.417991, 0.090269, 0.903955)
Left_Leg_k11_HumanoidRootPart_Torso_Replace.Parent = Torso_k11_HumanoidRootPart_Torso



--Right Leg
 Right_Leg_k11_HumanoidRootPart_Torso_Replace = Instance.new("Pose")
Right_Leg_k11_HumanoidRootPart_Torso_Replace.Name = "Right Leg"
Right_Leg_k11_HumanoidRootPart_Torso_Replace.CFrame = cf(0.126317, 0.100794, 0.036515, 0.999619, -0.013352, 0.024150, 0.009450, 0.987870, 0.154999, -0.025926, -0.154712, 0.987619)
Right_Leg_k11_HumanoidRootPart_Torso_Replace.Parent = Torso_k11_HumanoidRootPart_Torso



-- Keyframe 12 (Time: 0.36666667461395264)
 keyframe12 = Instance.new("Keyframe")
keyframe12.Time = 0.36666667461395264
keyframe12.Parent = KeyframeSequence

--HumanoidRootPart
 HumanoidRootPart_k12_HumanoidRootPart = Instance.new("Pose")
HumanoidRootPart_k12_HumanoidRootPart.Name = "HumanoidRootPart"
HumanoidRootPart_k12_HumanoidRootPart.CFrame = cf(0.000000, 0.000000, 0.000000, 1.000000, 0.000000, 0.000000, 0.000000, 1.000000, 0.000000, 0.000000, 0.000000, 1.000000)
HumanoidRootPart_k12_HumanoidRootPart.Parent = keyframe12



--Torso
 Torso_k12_HumanoidRootPart_Torso = Instance.new("Pose")
Torso_k12_HumanoidRootPart_Torso.Name = "Torso"
Torso_k12_HumanoidRootPart_Torso.CFrame = cf(0.124287, -0.206506, 0.304124, 0.740614, 0.667509, -0.076965, -0.670402, 0.741787, -0.017666, 0.045300, 0.064681, 0.996877)
Torso_k12_HumanoidRootPart_Torso.Parent = HumanoidRootPart_k12_HumanoidRootPart



--Head
 Head_k12_HumanoidRootPart_Torso_Head = Instance.new("Pose")
Head_k12_HumanoidRootPart_Torso_Head.Name = "Head"
Head_k12_HumanoidRootPart_Torso_Head.CFrame = cf(0.000000, -0.000000, 0.000000, 0.824609, -0.534809, -0.184390, 0.564674, 0.797809, 0.211290, 0.034108, -0.278352, 0.959873)
Head_k12_HumanoidRootPart_Torso_Head.Parent = Torso_k12_HumanoidRootPart_Torso



--Left Arm
 Left_Arm_k12_HumanoidRootPart_Torso_Replace = Instance.new("Pose")
Left_Arm_k12_HumanoidRootPart_Torso_Replace.Name = "Left Arm"
Left_Arm_k12_HumanoidRootPart_Torso_Replace.CFrame = cf(0.590130, -0.428447, -0.198804, 0.513612, 0.699276, 0.497208, -0.857907, 0.409019, 0.310965, 0.014083, -0.586273, 0.809991)
Left_Arm_k12_HumanoidRootPart_Torso_Replace.Parent = Torso_k12_HumanoidRootPart_Torso



--Right Arm
 Right_Arm_k12_HumanoidRootPart_Torso_Replace = Instance.new("Pose")
Right_Arm_k12_HumanoidRootPart_Torso_Replace.Name = "Right Arm"
Right_Arm_k12_HumanoidRootPart_Torso_Replace.CFrame = cf(-0.120274, -0.515528, 0.198918, -0.050797, -0.775545, -0.629246, 0.846260, -0.368004, 0.385249, -0.530343, -0.512936, 0.675006)
Right_Arm_k12_HumanoidRootPart_Torso_Replace.Parent = Torso_k12_HumanoidRootPart_Torso



--Left Leg
 Left_Leg_k12_HumanoidRootPart_Torso_Replace = Instance.new("Pose")
Left_Leg_k12_HumanoidRootPart_Torso_Replace.Name = "Left Leg"
Left_Leg_k12_HumanoidRootPart_Torso_Replace.CFrame = cf(0.106686, -0.154529, -0.176990, 0.946693, -0.052908, 0.317764, 0.073432, 0.995894, -0.052952, -0.313657, 0.073464, 0.946690)
Left_Leg_k12_HumanoidRootPart_Torso_Replace.Parent = Torso_k12_HumanoidRootPart_Torso



--Right Leg
 Right_Leg_k12_HumanoidRootPart_Torso_Replace = Instance.new("Pose")
Right_Leg_k12_HumanoidRootPart_Torso_Replace.Name = "Right Leg"
Right_Leg_k12_HumanoidRootPart_Torso_Replace.CFrame = cf(0.152140, 0.084139, 0.001247, 0.995946, 0.086721, -0.023892, -0.083625, 0.990492, 0.109240, 0.033138, -0.106799, 0.993728)
Right_Leg_k12_HumanoidRootPart_Torso_Replace.Parent = Torso_k12_HumanoidRootPart_Torso



-- Keyframe 13 (Time: 0.4000000059604645)
 keyframe13 = Instance.new("Keyframe")
keyframe13.Time = 0.4000000059604645
keyframe13.Parent = KeyframeSequence

--HumanoidRootPart
 HumanoidRootPart_k13_HumanoidRootPart = Instance.new("Pose")
HumanoidRootPart_k13_HumanoidRootPart.Name = "HumanoidRootPart"
HumanoidRootPart_k13_HumanoidRootPart.CFrame = cf(0.000000, 0.000000, 0.000000, 1.000000, 0.000000, 0.000000, 0.000000, 1.000000, 0.000000, 0.000000, 0.000000, 1.000000)
HumanoidRootPart_k13_HumanoidRootPart.Parent = keyframe13



--Torso
 Torso_k13_HumanoidRootPart_Torso = Instance.new("Pose")
Torso_k13_HumanoidRootPart_Torso.Name = "Torso"
Torso_k13_HumanoidRootPart_Torso.CFrame = cf(0.074506, -0.204093, -0.137076, 0.849207, 0.523695, -0.067758, -0.527162, 0.848234, -0.050983, 0.030775, 0.079015, 0.996398)
Torso_k13_HumanoidRootPart_Torso.Parent = HumanoidRootPart_k13_HumanoidRootPart



--Head
 Head_k13_HumanoidRootPart_Torso_Head = Instance.new("Pose")
Head_k13_HumanoidRootPart_Torso_Head.Name = "Head"
Head_k13_HumanoidRootPart_Torso_Head.CFrame = cf(0.000000, 0.000000, -0.000000, 0.891685, -0.426630, -0.151276, 0.451126, 0.865034, 0.219548, 0.037193, -0.264012, 0.963802)
Head_k13_HumanoidRootPart_Torso_Head.Parent = Torso_k13_HumanoidRootPart_Torso



--Left Arm
 Left_Arm_k13_HumanoidRootPart_Torso_Replace = Instance.new("Pose")
Left_Arm_k13_HumanoidRootPart_Torso_Replace.Name = "Left Arm"
Left_Arm_k13_HumanoidRootPart_Torso_Replace.CFrame = cf(0.600538, -0.382350, -0.191817, 0.644032, 0.617567, 0.451479, -0.764923, 0.528153, 0.368710, -0.010747, -0.582808, 0.812539)
Left_Arm_k13_HumanoidRootPart_Torso_Replace.Parent = Torso_k13_HumanoidRootPart_Torso



--Right Arm
 Right_Arm_k13_HumanoidRootPart_Torso_Replace = Instance.new("Pose")
Right_Arm_k13_HumanoidRootPart_Torso_Replace.Name = "Right Arm"
Right_Arm_k13_HumanoidRootPart_Torso_Replace.CFrame = cf(-0.164881, -0.549555, 0.146683, -0.088861, -0.801455, -0.591417, 0.849843, -0.370687, 0.374644, -0.519491, -0.469321, 0.714050)
Right_Arm_k13_HumanoidRootPart_Torso_Replace.Parent = Torso_k13_HumanoidRootPart_Torso



--Left Leg
 Left_Leg_k13_HumanoidRootPart_Torso_Replace = Instance.new("Pose")
Left_Leg_k13_HumanoidRootPart_Torso_Replace.Name = "Left Leg"
Left_Leg_k13_HumanoidRootPart_Torso_Replace.CFrame = cf(-0.532459, 0.001676, -0.038914, 0.938582, -0.313010, 0.145218, 0.320380, 0.946818, -0.029883, -0.128141, 0.074573, 0.988948)
Left_Leg_k13_HumanoidRootPart_Torso_Replace.Parent = Torso_k13_HumanoidRootPart_Torso



--Right Leg
 Right_Leg_k13_HumanoidRootPart_Torso_Replace = Instance.new("Pose")
Right_Leg_k13_HumanoidRootPart_Torso_Replace.Name = "Right Leg"
Right_Leg_k13_HumanoidRootPart_Torso_Replace.CFrame = cf(0.540626, 0.105966, -0.014769, 0.905178, 0.392089, -0.164071, -0.382304, 0.919758, 0.088822, 0.185733, -0.017675, 0.982441)
Right_Leg_k13_HumanoidRootPart_Torso_Replace.Parent = Torso_k13_HumanoidRootPart_Torso



-- Keyframe 14 (Time: 0.4333333373069763)
 keyframe14 = Instance.new("Keyframe")
keyframe14.Time = 0.4333333373069763
keyframe14.Parent = KeyframeSequence

--HumanoidRootPart
 HumanoidRootPart_k14_HumanoidRootPart = Instance.new("Pose")
HumanoidRootPart_k14_HumanoidRootPart.Name = "HumanoidRootPart"
HumanoidRootPart_k14_HumanoidRootPart.CFrame = cf(0.000000, 0.000000, 0.000000, 1.000000, 0.000000, 0.000000, 0.000000, 1.000000, 0.000000, 0.000000, 0.000000, 1.000000)
HumanoidRootPart_k14_HumanoidRootPart.Parent = keyframe14



--Torso
 Torso_k14_HumanoidRootPart_Torso = Instance.new("Pose")
Torso_k14_HumanoidRootPart_Torso.Name = "Torso"
Torso_k14_HumanoidRootPart_Torso.CFrame = cf(-0.029358, -0.187854, -0.285083, 0.962445, 0.271475, -0.000931, -0.268771, 0.952365, -0.144091, -0.038230, 0.138930, 0.989564)
Torso_k14_HumanoidRootPart_Torso.Parent = HumanoidRootPart_k14_HumanoidRootPart



--Head
 Head_k14_HumanoidRootPart_Torso_Head = Instance.new("Pose")
Head_k14_HumanoidRootPart_Torso_Head.Name = "Head"
Head_k14_HumanoidRootPart_Torso_Head.CFrame = cf(0.000000, -0.000000, 0.000000, 0.964773, -0.219174, -0.145522, 0.244801, 0.950492, 0.191411, 0.096365, -0.220292, 0.970662)
Head_k14_HumanoidRootPart_Torso_Head.Parent = Torso_k14_HumanoidRootPart_Torso



--Left Arm
 Left_Arm_k14_HumanoidRootPart_Torso_Replace = Instance.new("Pose")
Left_Arm_k14_HumanoidRootPart_Torso_Replace.Name = "Left Arm"
Left_Arm_k14_HumanoidRootPart_Torso_Replace.CFrame = cf(0.400227, -0.291991, -0.109330, 0.837310, 0.381437, 0.391685, -0.525382, 0.759594, 0.383395, -0.151281, -0.526805, 0.836416)
Left_Arm_k14_HumanoidRootPart_Torso_Replace.Parent = Torso_k14_HumanoidRootPart_Torso



--Right Arm
 Right_Arm_k14_HumanoidRootPart_Torso_Replace = Instance.new("Pose")
Right_Arm_k14_HumanoidRootPart_Torso_Replace.Name = "Right Arm"
Right_Arm_k14_HumanoidRootPart_Torso_Replace.CFrame = cf(-0.267846, -0.581209, 0.046525, -0.049802, -0.867074, -0.495683, 0.902661, -0.251488, 0.349224, -0.427462, -0.430042, 0.795198)
Right_Arm_k14_HumanoidRootPart_Torso_Replace.Parent = Torso_k14_HumanoidRootPart_Torso



