-- KeyframeSequence Export: KeyframeSequence_1
-- Generated on 2025-08-29 18:00:03

local KeyframeSequence = Instance.new("KeyframeSequence")
KeyframeSequence.Name = "Heavylove"
local CFrame=CFrame.new

-- Keyframe 1 (Time: 0)
local keyframe1 = Instance.new("Keyframe")
keyframe1.Time = 0
keyframe1.Parent = KeyframeSequence

--HumanoidRootPart
local HumanoidRootPart_k1_HumanoidRootPart = Instance.new("Pose")
HumanoidRootPart_k1_HumanoidRootPart.Name = "HumanoidRootPart"
HumanoidRootPart_k1_HumanoidRootPart.CFrame = CFrame(0.000000, 0.000000, 0.000000, 1.000000, 0.000000, 0.000000, 0.000000, 1.000000, 0.000000, 0.000000, 0.000000, 1.000000)
HumanoidRootPart_k1_HumanoidRootPart.Parent = keyframe1

--Torso
local Torso_k1_HumanoidRootPart_Torso = Instance.new("Pose")
Torso_k1_HumanoidRootPart_Torso.Name = "Torso"
Torso_k1_HumanoidRootPart_Torso.CFrame = CFrame(0.226225, 0.000177, -0.096611, 0.997871, -0.053062, 0.037917, 0.055811, 0.995578, -0.075563, -0.033739, 0.077518, 0.996420)
Torso_k1_HumanoidRootPart_Torso.Parent = HumanoidRootPart_k1_HumanoidRootPart

--Left Leg
local Left_Leg_k1_HumanoidRootPart_Torso_Left_Leg = Instance.new("Pose")
Left_Leg_k1_HumanoidRootPart_Torso_Left_Leg.Name = "Left Leg"
Left_Leg_k1_HumanoidRootPart_Torso_Left_Leg.CFrame = CFrame(-0.447127, 0.215332, 0.346150, 0.841065, -0.283426, 0.460738, 0.390756, 0.907321, -0.155172, -0.374058, 0.310546, 0.873866)
Left_Leg_k1_HumanoidRootPart_Torso_Left_Leg.Parent = Torso_k1_HumanoidRootPart_Torso

--Right Arm
local Right_Arm_k1_HumanoidRootPart_Torso_Right_Arm = Instance.new("Pose")
Right_Arm_k1_HumanoidRootPart_Torso_Right_Arm.Name = "Right Arm"
Right_Arm_k1_HumanoidRootPart_Torso_Right_Arm.CFrame = CFrame(0.540629, -1.018785, 0.432567, -0.248762, -0.953550, -0.169881, 0.266648, -0.236040, 0.934443, -0.931137, 0.187156, 0.312980)
Right_Arm_k1_HumanoidRootPart_Torso_Right_Arm.Parent = Torso_k1_HumanoidRootPart_Torso

--Left Arm
local Left_Arm_k1_HumanoidRootPart_Torso_Left_Arm = Instance.new("Pose")
Left_Arm_k1_HumanoidRootPart_Torso_Left_Arm.Name = "Left Arm"
Left_Arm_k1_HumanoidRootPart_Torso_Left_Arm.CFrame = CFrame(-0.575532, -1.007565, 0.360259, -0.303583, 0.946288, 0.111245, -0.228476, -0.185648, 0.955685, 0.925006, 0.264713, 0.272564)
Left_Arm_k1_HumanoidRootPart_Torso_Left_Arm.Parent = Torso_k1_HumanoidRootPart_Torso

--Right Leg
local Right_Leg_k1_HumanoidRootPart_Torso_Right_Leg = Instance.new("Pose")
Right_Leg_k1_HumanoidRootPart_Torso_Right_Leg.Name = "Right Leg"
Right_Leg_k1_HumanoidRootPart_Torso_Right_Leg.CFrame = CFrame(0.213211, 0.126336, 0.056489, 0.966077, 0.100186, -0.238030, -0.076326, 0.991277, 0.107446, 0.246719, -0.085633, 0.965296)
Right_Leg_k1_HumanoidRootPart_Torso_Right_Leg.Parent = Torso_k1_HumanoidRootPart_Torso

--Head
local Head_k1_HumanoidRootPart_Torso_Head = Instance.new("Pose")
Head_k1_HumanoidRootPart_Torso_Head.Name = "Head"
Head_k1_HumanoidRootPart_Torso_Head.CFrame = CFrame(0.000000, 0.000000, 0.000000, 0.996174, 0.050294, -0.071469, -0.062503, 0.981599, -0.180437, 0.061079, 0.184213, 0.980987)
Head_k1_HumanoidRootPart_Torso_Head.Parent = Torso_k1_HumanoidRootPart_Torso

-- Keyframe 2 (Time: 0.034583333879709244)
 keyframe2 = Instance.new("Keyframe")
keyframe2.Time = 0.034583333879709244
keyframe2.Parent = KeyframeSequence

--HumanoidRootPart
 HumanoidRootPart_k2_HumanoidRootPart = Instance.new("Pose")
HumanoidRootPart_k2_HumanoidRootPart.Name = "HumanoidRootPart"
HumanoidRootPart_k2_HumanoidRootPart.CFrame = CFrame(0.000000, 0.000000, 0.000000, 1.000000, 0.000000, 0.000000, 0.000000, 1.000000, 0.000000, 0.000000, 0.000000, 1.000000)
HumanoidRootPart_k2_HumanoidRootPart.Parent = keyframe2

--Torso
 Torso_k2_HumanoidRootPart_Torso = Instance.new("Pose")
Torso_k2_HumanoidRootPart_Torso.Name = "Torso"
Torso_k2_HumanoidRootPart_Torso.CFrame = CFrame(0.315299, 0.000752, -0.152431, 0.996606, -0.075805, 0.032110, 0.078373, 0.993018, -0.088163, -0.025203, 0.090380, 0.995588)
Torso_k2_HumanoidRootPart_Torso.Parent = HumanoidRootPart_k2_HumanoidRootPart

--Left Leg
 Left_Leg_k2_HumanoidRootPart_Torso_Left_Leg = Instance.new("Pose")
Left_Leg_k2_HumanoidRootPart_Torso_Left_Leg.Name = "Left Leg"
Left_Leg_k2_HumanoidRootPart_Torso_Left_Leg.CFrame = CFrame(-0.459137, 0.270801, 0.282252, 0.880749, -0.244888, 0.405352, 0.306334, 0.947343, -0.093278, -0.361165, 0.206328, 0.909389)
Left_Leg_k2_HumanoidRootPart_Torso_Left_Leg.Parent = Torso_k2_HumanoidRootPart_Torso

--Right Arm
 Right_Arm_k2_HumanoidRootPart_Torso_Right_Arm = Instance.new("Pose")
Right_Arm_k2_HumanoidRootPart_Torso_Right_Arm.Name = "Right Arm"
Right_Arm_k2_HumanoidRootPart_Torso_Right_Arm.CFrame = CFrame(0.502207, -0.956832, 0.344580, -0.413680, -0.857497, -0.305890, 0.127071, -0.387080, 0.913248, -0.901511, 0.338922, 0.269091)
Right_Arm_k2_HumanoidRootPart_Torso_Right_Arm.Parent = Torso_k2_HumanoidRootPart_Torso

--Left Arm
 Left_Arm_k2_HumanoidRootPart_Torso_Left_Arm = Instance.new("Pose")
Left_Arm_k2_HumanoidRootPart_Torso_Left_Arm.Name = "Left Arm"
Left_Arm_k2_HumanoidRootPart_Torso_Left_Arm.CFrame = CFrame(-0.549103, -0.952252, 0.336265, -0.422452, 0.880215, 0.216231, -0.095481, -0.280454, 0.955107, 0.901342, 0.382840, 0.202523)
Left_Arm_k2_HumanoidRootPart_Torso_Left_Arm.Parent = Torso_k2_HumanoidRootPart_Torso

--Right Leg
 Right_Leg_k2_HumanoidRootPart_Torso_Right_Leg = Instance.new("Pose")
Right_Leg_k2_HumanoidRootPart_Torso_Right_Leg.Name = "Right Leg"
Right_Leg_k2_HumanoidRootPart_Torso_Right_Leg.CFrame = CFrame(0.257345, 0.199116, 0.079223, 0.943141, 0.142341, -0.300373, -0.094552, 0.981225, 0.168101, 0.318662, -0.130142, 0.938892)
Right_Leg_k2_HumanoidRootPart_Torso_Right_Leg.Parent = Torso_k2_HumanoidRootPart_Torso

--Head
 Head_k2_HumanoidRootPart_Torso_Head = Instance.new("Pose")
Head_k2_HumanoidRootPart_Torso_Head.Name = "Head"
Head_k2_HumanoidRootPart_Torso_Head.CFrame = CFrame(0.000000, 0.000000, 0.000000, 0.994855, 0.074079, -0.069112, -0.084786, 0.982184, -0.167710, 0.055457, 0.172706, 0.983411)
Head_k2_HumanoidRootPart_Torso_Head.Parent = Torso_k2_HumanoidRootPart_Torso

-- Keyframe 3 (Time: 0.06916666775941849)
 keyframe3 = Instance.new("Keyframe")
keyframe3.Time = 0.06916666775941849
keyframe3.Parent = KeyframeSequence

--HumanoidRootPart
 HumanoidRootPart_k3_HumanoidRootPart = Instance.new("Pose")
HumanoidRootPart_k3_HumanoidRootPart.Name = "HumanoidRootPart"
HumanoidRootPart_k3_HumanoidRootPart.CFrame = CFrame(0.000000, 0.000000, 0.000000, 1.000000, 0.000000, 0.000000, 0.000000, 1.000000, 0.000000, 0.000000, 0.000000, 1.000000)
HumanoidRootPart_k3_HumanoidRootPart.Parent = keyframe3

--Torso
 Torso_k3_HumanoidRootPart_Torso = Instance.new("Pose")
Torso_k3_HumanoidRootPart_Torso.Name = "Torso"
Torso_k3_HumanoidRootPart_Torso.CFrame = CFrame(0.393748, 0.002294, -0.228931, 0.991274, -0.130338, 0.019720, 0.131732, 0.984963, -0.111783, -0.004854, 0.113405, 0.993537)
Torso_k3_HumanoidRootPart_Torso.Parent = HumanoidRootPart_k3_HumanoidRootPart

--Left Leg
 Left_Leg_k3_HumanoidRootPart_Torso_Left_Leg = Instance.new("Pose")
Left_Leg_k3_HumanoidRootPart_Torso_Left_Leg.Name = "Left Leg"
Left_Leg_k3_HumanoidRootPart_Torso_Left_Leg.CFrame = CFrame(-0.486746, 0.323510, 0.206914, 0.932938, -0.178482, 0.312683, 0.205672, 0.977020, -0.055964, -0.295509, 0.116521, 0.948208)
Left_Leg_k3_HumanoidRootPart_Torso_Left_Leg.Parent = Torso_k3_HumanoidRootPart_Torso

--Right Arm
 Right_Arm_k3_HumanoidRootPart_Torso_Right_Arm = Instance.new("Pose")
Right_Arm_k3_HumanoidRootPart_Torso_Right_Arm.Name = "Right Arm"
Right_Arm_k3_HumanoidRootPart_Torso_Right_Arm.CFrame = CFrame(0.448904, -0.911432, 0.263782, -0.537588, -0.724240, -0.431827, -0.027584, -0.496745, 0.867458, -0.842756, 0.478247, 0.247067)
Right_Arm_k3_HumanoidRootPart_Torso_Right_Arm.Parent = Torso_k3_HumanoidRootPart_Torso

--Left Arm
 Left_Arm_k3_HumanoidRootPart_Torso_Left_Arm = Instance.new("Pose")
Left_Arm_k3_HumanoidRootPart_Torso_Left_Arm.Name = "Left Arm"
Left_Arm_k3_HumanoidRootPart_Torso_Left_Arm.CFrame = CFrame(-0.513808, -0.906355, 0.312424, -0.517725, 0.791979, 0.323620, 0.046260, -0.351794, 0.934934, 0.854296, 0.499009, 0.145496)
Left_Arm_k3_HumanoidRootPart_Torso_Left_Arm.Parent = Torso_k3_HumanoidRootPart_Torso

--Right Leg
 Right_Leg_k3_HumanoidRootPart_Torso_Right_Leg = Instance.new("Pose")
Right_Leg_k3_HumanoidRootPart_Torso_Right_Leg.Name = "Right Leg"
Right_Leg_k3_HumanoidRootPart_Torso_Right_Leg.CFrame = CFrame(0.281398, 0.298927, 0.109930, 0.898358, 0.189463, -0.396304, -0.100451, 0.966901, 0.234544, 0.427625, -0.170896, 0.887655)
Right_Leg_k3_HumanoidRootPart_Torso_Right_Leg.Parent = Torso_k3_HumanoidRootPart_Torso

--Head
 Head_k3_HumanoidRootPart_Torso_Head = Instance.new("Pose")
Head_k3_HumanoidRootPart_Torso_Head.Name = "Head"
Head_k3_HumanoidRootPart_Torso_Head.CFrame = CFrame(0.000000, -0.000000, 0.000000, 0.989523, 0.129534, -0.063761, -0.137719, 0.979419, -0.147551, 0.043336, 0.154786, 0.986997)
Head_k3_HumanoidRootPart_Torso_Head.Parent = Torso_k3_HumanoidRootPart_Torso

-- Keyframe 4 (Time: 0.10333333164453506)
 keyframe4 = Instance.new("Keyframe")
keyframe4.Time = 0.10333333164453506
keyframe4.Parent = KeyframeSequence

--HumanoidRootPart
 HumanoidRootPart_k4_HumanoidRootPart = Instance.new("Pose")
HumanoidRootPart_k4_HumanoidRootPart.Name = "HumanoidRootPart"
HumanoidRootPart_k4_HumanoidRootPart.CFrame = CFrame(0.000000, 0.000000, 0.000000, 1.000000, 0.000000, 0.000000, 0.000000, 1.000000, 0.000000, 0.000000, 0.000000, 1.000000)
HumanoidRootPart_k4_HumanoidRootPart.Parent = keyframe4

--Torso
 Torso_k4_HumanoidRootPart_Torso = Instance.new("Pose")
Torso_k4_HumanoidRootPart_Torso.Name = "Torso"
Torso_k4_HumanoidRootPart_Torso.CFrame = CFrame(0.460921, 0.004527, -0.316099, 0.980697, -0.195361, 0.008243, 0.194594, 0.970974, -0.139077, 0.019167, 0.137997, 0.990247)
Torso_k4_HumanoidRootPart_Torso.Parent = HumanoidRootPart_k4_HumanoidRootPart

--Left Leg
 Left_Leg_k4_HumanoidRootPart_Torso_Left_Leg = Instance.new("Pose")
Left_Leg_k4_HumanoidRootPart_Torso_Left_Leg.Name = "Left Leg"
Left_Leg_k4_HumanoidRootPart_Torso_Left_Leg.CFrame = CFrame(-0.513112, 0.376039, 0.135791, 0.971864, -0.100161, 0.213184, 0.109097, 0.993562, -0.030541, -0.208753, 0.052940, 0.976535)
Left_Leg_k4_HumanoidRootPart_Torso_Left_Leg.Parent = Torso_k4_HumanoidRootPart_Torso

--Right Arm
 Right_Arm_k4_HumanoidRootPart_Torso_Right_Arm = Instance.new("Pose")
Right_Arm_k4_HumanoidRootPart_Torso_Right_Arm.Name = "Right Arm"
Right_Arm_k4_HumanoidRootPart_Torso_Right_Arm.CFrame = CFrame(0.394789, -0.885741, 0.200271, -0.611931, -0.588959, -0.527890, -0.165722, -0.557149, 0.813708, -0.773354, 0.585416, 0.243333)
Right_Arm_k4_HumanoidRootPart_Torso_Right_Arm.Parent = Torso_k4_HumanoidRootPart_Torso

--Left Arm
 Left_Arm_k4_HumanoidRootPart_Torso_Left_Arm = Instance.new("Pose")
Left_Arm_k4_HumanoidRootPart_Torso_Left_Arm.Name = "Left Arm"
Left_Arm_k4_HumanoidRootPart_Torso_Left_Arm.CFrame = CFrame(-0.477017, -0.872783, 0.294738, -0.580893, 0.700004, 0.415401, 0.173064, -0.392452, 0.903344, 0.795370, 0.596637, 0.106827)
Left_Arm_k4_HumanoidRootPart_Torso_Left_Arm.Parent = Torso_k4_HumanoidRootPart_Torso

--Right Leg
 Right_Leg_k4_HumanoidRootPart_Torso_Right_Leg = Instance.new("Pose")
Right_Leg_k4_HumanoidRootPart_Torso_Right_Leg.Name = "Right Leg"
Right_Leg_k4_HumanoidRootPart_Torso_Right_Leg.CFrame = CFrame(0.276439, 0.408305, 0.134064, 0.835787, 0.231791, -0.497728, -0.088240, 0.951441, 0.294913, 0.541918, -0.202565, 0.815655)
Right_Leg_k4_HumanoidRootPart_Torso_Right_Leg.Parent = Torso_k4_HumanoidRootPart_Torso

--Head
 Head_k4_HumanoidRootPart_Torso_Head = Instance.new("Pose")
Head_k4_HumanoidRootPart_Torso_Head.Name = "Head"
Head_k4_HumanoidRootPart_Torso_Head.CFrame = CFrame(0.000000, -0.000000, -0.000000, 0.979394, 0.193002, -0.059484, -0.199401, 0.970832, -0.133133, 0.032054, 0.142251, 0.989312)
Head_k4_HumanoidRootPart_Torso_Head.Parent = Torso_k4_HumanoidRootPart_Torso

-- Keyframe 5 (Time: 0.1379166692495346)
 keyframe5 = Instance.new("Keyframe")
keyframe5.Time = 0.1379166692495346
keyframe5.Parent = KeyframeSequence

--HumanoidRootPart
 HumanoidRootPart_k5_HumanoidRootPart = Instance.new("Pose")
HumanoidRootPart_k5_HumanoidRootPart.Name = "HumanoidRootPart"
HumanoidRootPart_k5_HumanoidRootPart.CFrame = CFrame(0.000000, 0.000000, 0.000000, 1.000000, 0.000000, 0.000000, 0.000000, 1.000000, 0.000000, 0.000000, 0.000000, 1.000000)
HumanoidRootPart_k5_HumanoidRootPart.Parent = keyframe5

--Torso
 Torso_k5_HumanoidRootPart_Torso = Instance.new("Pose")
Torso_k5_HumanoidRootPart_Torso.Name = "Torso"
Torso_k5_HumanoidRootPart_Torso.CFrame = CFrame(0.516170, 0.007174, -0.403927, 0.968394, -0.249403, 0.003437, 0.246664, 0.955533, -0.161595, 0.037018, 0.157335, 0.986851)
Torso_k5_HumanoidRootPart_Torso.Parent = HumanoidRootPart_k5_HumanoidRootPart

--Left Leg
 Left_Leg_k5_HumanoidRootPart_Torso_Left_Leg = Instance.new("Pose")
Left_Leg_k5_HumanoidRootPart_Torso_Left_Leg.Name = "Left Leg"
Left_Leg_k5_HumanoidRootPart_Torso_Left_Leg.CFrame = CFrame(-0.538209, 0.434267, 0.082749, 0.990217, -0.040036, 0.133670, 0.042111, 0.999032, -0.012733, -0.133031, 0.018237, 0.990944)
Left_Leg_k5_HumanoidRootPart_Torso_Left_Leg.Parent = Torso_k5_HumanoidRootPart_Torso

--Right Arm
 Right_Arm_k5_HumanoidRootPart_Torso_Right_Arm = Instance.new("Pose")
Right_Arm_k5_HumanoidRootPart_Torso_Right_Arm.Name = "Right Arm"
Right_Arm_k5_HumanoidRootPart_Torso_Right_Arm.CFrame = CFrame(0.354755, -0.875642, 0.159283, -0.647258, -0.488883, -0.584851, -0.261165, -0.578585, 0.772678, -0.716136, 0.652865, 0.246815)
Right_Arm_k5_HumanoidRootPart_Torso_Right_Arm.Parent = Torso_k5_HumanoidRootPart_Torso

--Left Arm
 Left_Arm_k5_HumanoidRootPart_Torso_Left_Arm = Instance.new("Pose")
Left_Arm_k5_HumanoidRootPart_Torso_Left_Arm.Name = "Left Arm"
Left_Arm_k5_HumanoidRootPart_Torso_Left_Arm.CFrame = CFrame(-0.448500, -0.850164, 0.287548, -0.615336, 0.628716, 0.475477, 0.261853, -0.405906, 0.875599, 0.743501, 0.663293, 0.085137)
Left_Arm_k5_HumanoidRootPart_Torso_Left_Arm.Parent = Torso_k5_HumanoidRootPart_Torso

--Right Leg
 Right_Leg_k5_HumanoidRootPart_Torso_Right_Leg = Instance.new("Pose")
Right_Leg_k5_HumanoidRootPart_Torso_Right_Leg.Name = "Right Leg"
Right_Leg_k5_HumanoidRootPart_Torso_Right_Leg.CFrame = CFrame(0.260138, 0.507881, 0.143951, 0.770986, 0.266963, -0.578197, -0.069245, 0.937656, 0.340598, 0.633077, -0.222559, 0.741405)
Right_Leg_k5_HumanoidRootPart_Torso_Right_Leg.Parent = Torso_k5_HumanoidRootPart_Torso

--Head
 Head_k5_HumanoidRootPart_Torso_Head = Instance.new("Pose")
Head_k5_HumanoidRootPart_Torso_Head.Name = "Head"
Head_k5_HumanoidRootPart_Torso_Head.CFrame = CFrame(0.000000, -0.000000, 0.000000, 0.968424, 0.241254, -0.062867, -0.247816, 0.959081, -0.136935, 0.027259, 0.148191, 0.988583)
Head_k5_HumanoidRootPart_Torso_Head.Parent = Torso_k5_HumanoidRootPart_Torso

-- Keyframe 6 (Time: 0.17249999940395355)
 keyframe6 = Instance.new("Keyframe")
keyframe6.Time = 0.17249999940395355
keyframe6.Parent = KeyframeSequence

--HumanoidRootPart
 HumanoidRootPart_k6_HumanoidRootPart = Instance.new("Pose")
HumanoidRootPart_k6_HumanoidRootPart.Name = "HumanoidRootPart"
HumanoidRootPart_k6_HumanoidRootPart.CFrame = CFrame(0.000000, 0.000000, 0.000000, 1.000000, 0.000000, 0.000000, 0.000000, 1.000000, 0.000000, 0.000000, 0.000000, 1.000000)
HumanoidRootPart_k6_HumanoidRootPart.Parent = keyframe6

--Torso
 Torso_k6_HumanoidRootPart_Torso = Instance.new("Pose")
Torso_k6_HumanoidRootPart_Torso.Name = "Torso"
Torso_k6_HumanoidRootPart_Torso.CFrame = CFrame(0.558843, 0.009958, -0.482402, 0.962273, -0.271930, 0.009238, 0.269479, 0.947807, -0.170418, 0.037586, 0.166478, 0.985329)
Torso_k6_HumanoidRootPart_Torso.Parent = HumanoidRootPart_k6_HumanoidRootPart

--Left Leg
 Left_Leg_k6_HumanoidRootPart_Torso_Left_Leg = Instance.new("Pose")
Left_Leg_k6_HumanoidRootPart_Torso_Left_Leg.Name = "Left Leg"
Left_Leg_k6_HumanoidRootPart_Torso_Left_Leg.CFrame = CFrame(-0.568633, 0.504714, 0.059551, 0.994949, -0.030525, 0.095623, 0.031161, 0.999501, -0.005161, -0.095418, 0.008114, 0.995404)
Left_Leg_k6_HumanoidRootPart_Torso_Left_Leg.Parent = Torso_k6_HumanoidRootPart_Torso

--Right Arm
 Right_Arm_k6_HumanoidRootPart_Torso_Right_Arm = Instance.new("Pose")
Right_Arm_k6_HumanoidRootPart_Torso_Right_Arm.Name = "Right Arm"
Right_Arm_k6_HumanoidRootPart_Torso_Right_Arm.CFrame = CFrame(0.340013, -0.875033, 0.142942, -0.659957, -0.452046, -0.600093, -0.297386, -0.576322, 0.761193, -0.689941, 0.680813, 0.245916)
Right_Arm_k6_HumanoidRootPart_Torso_Right_Arm.Parent = Torso_k6_HumanoidRootPart_Torso

--Left Arm
 Left_Arm_k6_HumanoidRootPart_Torso_Left_Arm = Instance.new("Pose")
Left_Arm_k6_HumanoidRootPart_Torso_Left_Arm.Name = "Left Arm"
Left_Arm_k6_HumanoidRootPart_Torso_Left_Arm.CFrame = CFrame(-0.437199, -0.835064, 0.293034, -0.630490, 0.600471, 0.491851, 0.294956, -0.400788, 0.867393, 0.717972, 0.691957, 0.075580)
Left_Arm_k6_HumanoidRootPart_Torso_Left_Arm.Parent = Torso_k6_HumanoidRootPart_Torso

--Right Leg
 Right_Leg_k6_HumanoidRootPart_Torso_Right_Leg = Instance.new("Pose")
Right_Leg_k6_HumanoidRootPart_Torso_Right_Leg.Name = "Right Leg"
Right_Leg_k6_HumanoidRootPart_Torso_Right_Leg.CFrame = CFrame(0.260342, 0.579402, 0.144442, 0.729285, 0.294079, -0.617787, -0.063267, 0.928036, 0.367078, 0.681279, -0.228619, 0.695409)
Right_Leg_k6_HumanoidRootPart_Torso_Right_Leg.Parent = Torso_k6_HumanoidRootPart_Torso

--Head
 Head_k6_HumanoidRootPart_Torso_Head = Instance.new("Pose")
Head_k6_HumanoidRootPart_Torso_Head.Name = "Head"
Head_k6_HumanoidRootPart_Torso_Head.CFrame = CFrame(0.000000, 0.000000, -0.000000, 0.969542, 0.233964, -0.072449, -0.243167, 0.954884, -0.170490, 0.029292, 0.182915, 0.982692)
Head_k6_HumanoidRootPart_Torso_Head.Parent = Torso_k6_HumanoidRootPart_Torso

-- Keyframe 7 (Time: 0.2070833295583725)
 keyframe7 = Instance.new("Keyframe")
keyframe7.Time = 0.2070833295583725
keyframe7.Parent = KeyframeSequence

--HumanoidRootPart
 HumanoidRootPart_k7_HumanoidRootPart = Instance.new("Pose")
HumanoidRootPart_k7_HumanoidRootPart.Name = "HumanoidRootPart"
HumanoidRootPart_k7_HumanoidRootPart.CFrame = CFrame(0.000000, 0.000000, 0.000000, 1.000000, 0.000000, 0.000000, 0.000000, 1.000000, 0.000000, 0.000000, 0.000000, 1.000000)
HumanoidRootPart_k7_HumanoidRootPart.Parent = keyframe7

--Torso
 Torso_k7_HumanoidRootPart_Torso = Instance.new("Pose")
Torso_k7_HumanoidRootPart_Torso.Name = "Torso"
Torso_k7_HumanoidRootPart_Torso.CFrame = CFrame(0.588292, 0.012605, -0.454912, 0.964016, -0.265039, 0.020702, 0.264859, 0.950815, -0.160624, 0.022888, 0.160327, 0.986799)
Torso_k7_HumanoidRootPart_Torso.Parent = HumanoidRootPart_k7_HumanoidRootPart

--Left Leg
 Left_Leg_k7_HumanoidRootPart_Torso_Left_Leg = Instance.new("Pose")
Left_Leg_k7_HumanoidRootPart_Torso_Left_Leg.Name = "Left Leg"
Left_Leg_k7_HumanoidRootPart_Torso_Left_Leg.CFrame = CFrame(-0.573030, 0.483541, 0.056352, 0.994559, -0.044010, 0.094420, 0.044160, 0.999024, 0.000495, -0.094350, 0.003677, 0.995532)
Left_Leg_k7_HumanoidRootPart_Torso_Left_Leg.Parent = Torso_k7_HumanoidRootPart_Torso

--Right Arm
 Right_Arm_k7_HumanoidRootPart_Torso_Right_Arm = Instance.new("Pose")
Right_Arm_k7_HumanoidRootPart_Torso_Right_Arm.Name = "Right Arm"
Right_Arm_k7_HumanoidRootPart_Torso_Right_Arm.CFrame = CFrame(0.371778, -0.884733, 0.158408, -0.649139, -0.531485, -0.544190, -0.226040, -0.548313, 0.805145, -0.726309, 0.645660, 0.235794)
Right_Arm_k7_HumanoidRootPart_Torso_Right_Arm.Parent = Torso_k7_HumanoidRootPart_Torso

--Left Arm
 Left_Arm_k7_HumanoidRootPart_Torso_Left_Arm = Instance.new("Pose")
Left_Arm_k7_HumanoidRootPart_Torso_Left_Arm.Name = "Left Arm"
Left_Arm_k7_HumanoidRootPart_Torso_Left_Arm.CFrame = CFrame(-0.450153, -0.826429, 0.313880, -0.629102, 0.632865, 0.451345, 0.255771, -0.379776, 0.889017, 0.734038, 0.674723, 0.077049)
Left_Arm_k7_HumanoidRootPart_Torso_Left_Arm.Parent = Torso_k7_HumanoidRootPart_Torso

--Right Leg
 Right_Leg_k7_HumanoidRootPart_Torso_Right_Leg = Instance.new("Pose")
Right_Leg_k7_HumanoidRootPart_Torso_Right_Leg.Name = "Right Leg"
Right_Leg_k7_HumanoidRootPart_Torso_Right_Leg.CFrame = CFrame(0.244774, 0.536684, 0.143008, 0.740612, 0.285901, -0.608074, -0.060698, 0.929730, 0.363207, 0.669186, -0.232086, 0.705923)
Right_Leg_k7_HumanoidRootPart_Torso_Right_Leg.Parent = Torso_k7_HumanoidRootPart_Torso

--Head
 Head_k7_HumanoidRootPart_Torso_Head = Instance.new("Pose")
Head_k7_HumanoidRootPart_Torso_Head.Name = "Head"
Head_k7_HumanoidRootPart_Torso_Head.CFrame = CFrame(0.000000, 0.000000, 0.000000, 0.982179, 0.171069, -0.077842, -0.184628, 0.955680, -0.229322, 0.035163, 0.239607, 0.970233)
Head_k7_HumanoidRootPart_Torso_Head.Parent = Torso_k7_HumanoidRootPart_Torso

-- Keyframe 8 (Time: 0.24124999344348907)
 keyframe8 = Instance.new("Keyframe")
keyframe8.Time = 0.24124999344348907
keyframe8.Parent = KeyframeSequence

--HumanoidRootPart
 HumanoidRootPart_k8_HumanoidRootPart = Instance.new("Pose")
HumanoidRootPart_k8_HumanoidRootPart.Name = "HumanoidRootPart"
HumanoidRootPart_k8_HumanoidRootPart.CFrame = CFrame(0.000000, 0.000000, 0.000000, 1.000000, 0.000000, 0.000000, 0.000000, 1.000000, 0.000000, 0.000000, 0.000000, 1.000000)
HumanoidRootPart_k8_HumanoidRootPart.Parent = keyframe8

--Torso
 Torso_k8_HumanoidRootPart_Torso = Instance.new("Pose")
Torso_k8_HumanoidRootPart_Torso.Name = "Torso"
Torso_k8_HumanoidRootPart_Torso.CFrame = CFrame(0.603867, 0.014838, -0.397632, 0.968798, -0.246017, 0.030092, 0.247806, 0.959165, -0.136364, 0.004684, 0.139566, 0.990202)
Torso_k8_HumanoidRootPart_Torso.Parent = HumanoidRootPart_k8_HumanoidRootPart

--Left Leg
 Left_Leg_k8_HumanoidRootPart_Torso_Left_Leg = Instance.new("Pose")
Left_Leg_k8_HumanoidRootPart_Torso_Left_Leg.Name = "Left Leg"
Left_Leg_k8_HumanoidRootPart_Torso_Left_Leg.CFrame = CFrame(-0.564511, 0.430161, 0.060693, 0.990470, -0.075911, 0.114923, 0.074260, 0.997066, 0.018585, -0.115996, -0.009874, 0.993201)
Left_Leg_k8_HumanoidRootPart_Torso_Left_Leg.Parent = Torso_k8_HumanoidRootPart_Torso

--Right Arm
 Right_Arm_k8_HumanoidRootPart_Torso_Right_Arm = Instance.new("Pose")
Right_Arm_k8_HumanoidRootPart_Torso_Right_Arm.Name = "Right Arm"
Right_Arm_k8_HumanoidRootPart_Torso_Right_Arm.CFrame = CFrame(0.475978, -0.941254, 0.237046, -0.519336, -0.792024, -0.320919, 0.050441, -0.403288, 0.913682, -0.853080, 0.458320, 0.249392)
Right_Arm_k8_HumanoidRootPart_Torso_Right_Arm.Parent = Torso_k8_HumanoidRootPart_Torso

--Left Arm
 Left_Arm_k8_HumanoidRootPart_Torso_Left_Arm = Instance.new("Pose")
Left_Arm_k8_HumanoidRootPart_Torso_Left_Arm.Name = "Left Arm"
Left_Arm_k8_HumanoidRootPart_Torso_Left_Arm.CFrame = CFrame(-0.498987, -0.835408, 0.364824, -0.577337, 0.754965, 0.310981, 0.096582, -0.315050, 0.944148, 0.810773, 0.575127, 0.108974)
Left_Arm_k8_HumanoidRootPart_Torso_Left_Arm.Parent = Torso_k8_HumanoidRootPart_Torso

--Right Leg
 Right_Leg_k8_HumanoidRootPart_Torso_Right_Leg = Instance.new("Pose")
Right_Leg_k8_HumanoidRootPart_Torso_Right_Leg.Name = "Right Leg"
Right_Leg_k8_HumanoidRootPart_Torso_Right_Leg.CFrame = CFrame(0.229185, 0.461004, 0.136816, 0.768054, 0.277922, -0.576934, -0.069973, 0.931945, 0.355784, 0.636551, -0.232891, 0.735231)
Right_Leg_k8_HumanoidRootPart_Torso_Right_Leg.Parent = Torso_k8_HumanoidRootPart_Torso

--Head
 Head_k8_HumanoidRootPart_Torso_Head = Instance.new("Pose")
Head_k8_HumanoidRootPart_Torso_Head.Name = "Head"
Head_k8_HumanoidRootPart_Torso_Head.CFrame = CFrame(-0.000000, 0.000000, -0.000000, 0.992454, 0.096371, -0.075816, -0.114565, 0.949166, -0.293189, 0.043707, 0.299662, 0.953044)
Head_k8_HumanoidRootPart_Torso_Head.Parent = Torso_k8_HumanoidRootPart_Torso

-- Keyframe 9 (Time: 0.2758333384990692)
 keyframe9 = Instance.new("Keyframe")
keyframe9.Time = 0.2758333384990692
keyframe9.Parent = KeyframeSequence

--HumanoidRootPart
 HumanoidRootPart_k9_HumanoidRootPart = Instance.new("Pose")
HumanoidRootPart_k9_HumanoidRootPart.Name = "HumanoidRootPart"
HumanoidRootPart_k9_HumanoidRootPart.CFrame = CFrame(0.000000, 0.000000, 0.000000, 1.000000, 0.000000, 0.000000, 0.000000, 1.000000, 0.000000, 0.000000, 0.000000, 1.000000)
HumanoidRootPart_k9_HumanoidRootPart.Parent = keyframe9

--Torso
 Torso_k9_HumanoidRootPart_Torso = Instance.new("Pose")
Torso_k9_HumanoidRootPart_Torso.Name = "Torso"
Torso_k9_HumanoidRootPart_Torso.CFrame = CFrame(0.604917, 0.016380, -0.333264, 0.975335, -0.217618, 0.036930, 0.220316, 0.970020, -0.102582, -0.013499, 0.108189, 0.994039)
Torso_k9_HumanoidRootPart_Torso.Parent = HumanoidRootPart_k9_HumanoidRootPart

--Left Leg
 Left_Leg_k9_HumanoidRootPart_Torso_Left_Leg = Instance.new("Pose")
Left_Leg_k9_HumanoidRootPart_Torso_Left_Leg.Name = "Left Leg"
Left_Leg_k9_HumanoidRootPart_Torso_Left_Leg.CFrame = CFrame(-0.539186, 0.366982, 0.072414, 0.980966, -0.120182, 0.152516, 0.114310, 0.992345, 0.046733, -0.156965, -0.028409, 0.987195)
Left_Leg_k9_HumanoidRootPart_Torso_Left_Leg.Parent = Torso_k9_HumanoidRootPart_Torso

--Right Arm
 Right_Arm_k9_HumanoidRootPart_Torso_Right_Arm = Instance.new("Pose")
Right_Arm_k9_HumanoidRootPart_Torso_Right_Arm.Name = "Right Arm"
Right_Arm_k9_HumanoidRootPart_Torso_Right_Arm.CFrame = CFrame(0.528874, -1.010841, 0.302490, -0.355174, -0.924311, -0.139644, 0.213478, -0.225637, 0.950534, -0.910098, 0.307794, 0.277461)
Right_Arm_k9_HumanoidRootPart_Torso_Right_Arm.Parent = Torso_k9_HumanoidRootPart_Torso

--Left Arm
 Left_Arm_k9_HumanoidRootPart_Torso_Left_Arm = Instance.new("Pose")
Left_Arm_k9_HumanoidRootPart_Torso_Left_Arm.Name = "Left Arm"
Left_Arm_k9_HumanoidRootPart_Torso_Left_Arm.CFrame = CFrame(-0.539745, -0.856519, 0.417017, -0.489539, 0.856878, 0.161594, -0.064445, -0.220364, 0.973286, 0.869597, 0.466047, 0.163098)
Left_Arm_k9_HumanoidRootPart_Torso_Left_Arm.Parent = Torso_k9_HumanoidRootPart_Torso

--Right Leg
 Right_Leg_k9_HumanoidRootPart_Torso_Right_Leg = Instance.new("Pose")
Right_Leg_k9_HumanoidRootPart_Torso_Right_Leg.Name = "Right Leg"
Right_Leg_k9_HumanoidRootPart_Torso_Right_Leg.CFrame = CFrame(0.211678, 0.378670, 0.121712, 0.803113, 0.271397, -0.530428, -0.086300, 0.933835, 0.347136, 0.589544, -0.233014, 0.773397)
Right_Leg_k9_HumanoidRootPart_Torso_Right_Leg.Parent = Torso_k9_HumanoidRootPart_Torso

--Head
 Head_k9_HumanoidRootPart_Torso_Head = Instance.new("Pose")
Head_k9_HumanoidRootPart_Torso_Head.Name = "Head"
Head_k9_HumanoidRootPart_Torso_Head.CFrame = CFrame(0.000000, -0.000000, 0.000000, 0.996503, 0.040158, -0.073280, -0.062932, 0.937604, -0.341963, 0.054975, 0.345379, 0.936852)
Head_k9_HumanoidRootPart_Torso_Head.Parent = Torso_k9_HumanoidRootPart_Torso

-- Keyframe 10 (Time: 0.31041666865348816)
 keyframe10 = Instance.new("Keyframe")
keyframe10.Time = 0.31041666865348816
keyframe10.Parent = KeyframeSequence

--HumanoidRootPart
 HumanoidRootPart_k10_HumanoidRootPart = Instance.new("Pose")
HumanoidRootPart_k10_HumanoidRootPart.Name = "HumanoidRootPart"
HumanoidRootPart_k10_HumanoidRootPart.CFrame = CFrame(0.000000, 0.000000, 0.000000, 1.000000, 0.000000, 0.000000, 0.000000, 1.000000, 0.000000, 0.000000, 0.000000, 1.000000)
HumanoidRootPart_k10_HumanoidRootPart.Parent = keyframe10

--Torso
 Torso_k10_HumanoidRootPart_Torso = Instance.new("Pose")
Torso_k10_HumanoidRootPart_Torso.Name = "Torso"
Torso_k10_HumanoidRootPart_Torso.CFrame = CFrame(0.590794, 0.016955, -0.284513, 0.982377, -0.182447, 0.040601, 0.184784, 0.980682, -0.064170, -0.028109, 0.070541, 0.997113)
Torso_k10_HumanoidRootPart_Torso.Parent = HumanoidRootPart_k10_HumanoidRootPart

--Left Leg
 Left_Leg_k10_HumanoidRootPart_Torso_Left_Leg = Instance.new("Pose")
Left_Leg_k10_HumanoidRootPart_Torso_Left_Leg.Name = "Left Leg"
Left_Leg_k10_HumanoidRootPart_Torso_Left_Leg.CFrame = CFrame(-0.613677, 0.384905, 0.062240, 0.962960, -0.228614, 0.142983, 0.217889, 0.972102, 0.086850, -0.158849, -0.052479, 0.985907)
Left_Leg_k10_HumanoidRootPart_Torso_Left_Leg.Parent = Torso_k10_HumanoidRootPart_Torso

--Right Arm
 Right_Arm_k10_HumanoidRootPart_Torso_Right_Arm = Instance.new("Pose")
Right_Arm_k10_HumanoidRootPart_Torso_Right_Arm.Name = "Right Arm"
Right_Arm_k10_HumanoidRootPart_Torso_Right_Arm.CFrame = CFrame(0.545083, -1.053895, 0.337041, -0.259499, -0.964898, -0.040408, 0.276664, -0.114363, 0.954137, -0.925266, 0.236419, 0.296630)
Right_Arm_k10_HumanoidRootPart_Torso_Right_Arm.Parent = Torso_k10_HumanoidRootPart_Torso

--Left Arm
 Left_Arm_k10_HumanoidRootPart_Torso_Left_Arm = Instance.new("Pose")
Left_Arm_k10_HumanoidRootPart_Torso_Left_Arm.Name = "Left Arm"
Left_Arm_k10_HumanoidRootPart_Torso_Left_Arm.CFrame = CFrame(-0.556414, -0.867505, 0.445011, -0.432829, 0.898575, 0.072264, -0.151280, -0.151426, 0.976824, 0.888692, 0.411865, 0.201478)
Left_Arm_k10_HumanoidRootPart_Torso_Left_Arm.Parent = Torso_k10_HumanoidRootPart_Torso

--Right Leg
 Right_Leg_k10_HumanoidRootPart_Torso_Right_Leg = Instance.new("Pose")
Right_Leg_k10_HumanoidRootPart_Torso_Right_Leg.Name = "Right Leg"
Right_Leg_k10_HumanoidRootPart_Torso_Right_Leg.CFrame = CFrame(0.207362, 0.314063, 0.105498, 0.835883, 0.275953, -0.474499, -0.115316, 0.933434, 0.339711, 0.536658, -0.229241, 0.812063)
Right_Leg_k10_HumanoidRootPart_Torso_Right_Leg.Parent = Torso_k10_HumanoidRootPart_Torso

--Head
 Head_k10_HumanoidRootPart_Torso_Head = Instance.new("Pose")
Head_k10_HumanoidRootPart_Torso_Head.Name = "Head"
Head_k10_HumanoidRootPart_Torso_Head.CFrame = CFrame(0.000000, 0.000000, 0.000000, 0.997496, 0.004479, -0.070581, -0.030439, 0.928017, -0.371291, 0.063837, 0.372510, 0.925830)
Head_k10_HumanoidRootPart_Torso_Head.Parent = Torso_k10_HumanoidRootPart_Torso

-- Keyframe 11 (Time: 0.3449999988079071)
 keyframe11 = Instance.new("Keyframe")
keyframe11.Time = 0.3449999988079071
keyframe11.Parent = KeyframeSequence

--HumanoidRootPart
 HumanoidRootPart_k11_HumanoidRootPart = Instance.new("Pose")
HumanoidRootPart_k11_HumanoidRootPart.Name = "HumanoidRootPart"
HumanoidRootPart_k11_HumanoidRootPart.CFrame = CFrame(0.000000, 0.000000, 0.000000, 1.000000, 0.000000, 0.000000, 0.000000, 1.000000, 0.000000, 0.000000, 0.000000, 1.000000)
HumanoidRootPart_k11_HumanoidRootPart.Parent = keyframe11

--Torso
 Torso_k11_HumanoidRootPart_Torso = Instance.new("Pose")
Torso_k11_HumanoidRootPart_Torso.Name = "Torso"
Torso_k11_HumanoidRootPart_Torso.CFrame = CFrame(0.551150, 0.015712, -0.236168, 0.989034, -0.142840, 0.037520, 0.143858, 0.989257, -0.025988, -0.033405, 0.031100, 0.998958)
Torso_k11_HumanoidRootPart_Torso.Parent = HumanoidRootPart_k11_HumanoidRootPart

--Left Leg
 Left_Leg_k11_HumanoidRootPart_Torso_Left_Leg = Instance.new("Pose")
Left_Leg_k11_HumanoidRootPart_Torso_Left_Leg.Name = "Left Leg"
Left_Leg_k11_HumanoidRootPart_Torso_Left_Leg.CFrame = CFrame(-0.752937, 0.397494, -0.003742, 0.933204, -0.355655, 0.051379, 0.348051, 0.930150, 0.116969, -0.089391, -0.091273, 0.991806)
Left_Leg_k11_HumanoidRootPart_Torso_Left_Leg.Parent = Torso_k11_HumanoidRootPart_Torso

--Right Arm
 Right_Arm_k11_HumanoidRootPart_Torso_Right_Arm = Instance.new("Pose")
Right_Arm_k11_HumanoidRootPart_Torso_Right_Arm.Name = "Right Arm"
Right_Arm_k11_HumanoidRootPart_Torso_Right_Arm.CFrame = CFrame(0.550027, -1.079149, 0.355100, -0.210857, -0.977335, 0.018857, 0.305842, -0.047638, 0.950890, -0.928439, 0.206269, 0.308955)
Right_Arm_k11_HumanoidRootPart_Torso_Right_Arm.Parent = Torso_k11_HumanoidRootPart_Torso

--Left Arm
 Left_Arm_k11_HumanoidRootPart_Torso_Left_Arm = Instance.new("Pose")
Left_Arm_k11_HumanoidRootPart_Torso_Left_Arm.Name = "Left Arm"
Left_Arm_k11_HumanoidRootPart_Torso_Left_Arm.CFrame = CFrame(-0.562807, -0.869886, 0.457883, -0.404120, 0.914588, 0.014730, -0.201012, -0.104506, 0.973998, 0.892346, 0.390651, 0.226076)
Left_Arm_k11_HumanoidRootPart_Torso_Left_Arm.Parent = Torso_k11_HumanoidRootPart_Torso

--Right Leg
 Right_Leg_k11_HumanoidRootPart_Torso_Right_Leg = Instance.new("Pose")
Right_Leg_k11_HumanoidRootPart_Torso_Right_Leg.Name = "Right Leg"
Right_Leg_k11_HumanoidRootPart_Torso_Right_Leg.CFrame = CFrame(0.209826, 0.258790, 0.087952, 0.867871, 0.282766, -0.408465, -0.149487, 0.932744, 0.328089, 0.473766, -0.223678, 0.851771)
Right_Leg_k11_HumanoidRootPart_Torso_Right_Leg.Parent = Torso_k11_HumanoidRootPart_Torso

--Head
 Head_k11_HumanoidRootPart_Torso_Head = Instance.new("Pose")
Head_k11_HumanoidRootPart_Torso_Head.Name = "Head"
Head_k11_HumanoidRootPart_Torso_Head.CFrame = CFrame(0.000000, -0.000000, -0.000000, 0.997924, -0.026183, -0.058848, 0.001273, 0.921488, -0.388405, 0.064397, 0.387523, 0.919608)
Head_k11_HumanoidRootPart_Torso_Head.Parent = Torso_k11_HumanoidRootPart_Torso

-- Keyframe 12 (Time: 0.3791666626930237)
 keyframe12 = Instance.new("Keyframe")
keyframe12.Time = 0.3791666626930237
keyframe12.Parent = KeyframeSequence

--HumanoidRootPart
 HumanoidRootPart_k12_HumanoidRootPart = Instance.new("Pose")
HumanoidRootPart_k12_HumanoidRootPart.Name = "HumanoidRootPart"
HumanoidRootPart_k12_HumanoidRootPart.CFrame = CFrame(0.000000, 0.000000, 0.000000, 1.000000, 0.000000, 0.000000, 0.000000, 1.000000, 0.000000, 0.000000, 0.000000, 1.000000)
HumanoidRootPart_k12_HumanoidRootPart.Parent = keyframe12

--Torso
 Torso_k12_HumanoidRootPart_Torso = Instance.new("Pose")
Torso_k12_HumanoidRootPart_Torso.Name = "Torso"
Torso_k12_HumanoidRootPart_Torso.CFrame = CFrame(0.487786, 0.012605, -0.188463, 0.994488, -0.101272, 0.027142, 0.101106, 0.994848, 0.007414, -0.027753, -0.004629, 0.999604)
Torso_k12_HumanoidRootPart_Torso.Parent = HumanoidRootPart_k12_HumanoidRootPart

--Left Leg
 Left_Leg_k12_HumanoidRootPart_Torso_Left_Leg = Instance.new("Pose")
Left_Leg_k12_HumanoidRootPart_Torso_Left_Leg.Name = "Left Leg"
Left_Leg_k12_HumanoidRootPart_Torso_Left_Leg.CFrame = CFrame(-0.841020, 0.309254, -0.094110, 0.897293, -0.434543, -0.077699, 0.440780, 0.891554, 0.104133, 0.024023, -0.127686, 0.991524)
Left_Leg_k12_HumanoidRootPart_Torso_Left_Leg.Parent = Torso_k12_HumanoidRootPart_Torso

--Right Arm
 Right_Arm_k12_HumanoidRootPart_Torso_Right_Arm = Instance.new("Pose")
Right_Arm_k12_HumanoidRootPart_Torso_Right_Arm.Name = "Right Arm"
Right_Arm_k12_HumanoidRootPart_Torso_Right_Arm.CFrame = CFrame(0.550947, -1.093594, 0.362779, -0.192066, -0.979731, 0.056901, 0.321312, -0.007993, 0.946939, -0.927291, 0.200158, 0.316335)
Right_Arm_k12_HumanoidRootPart_Torso_Right_Arm.Parent = Torso_k12_HumanoidRootPart_Torso

--Left Arm
 Left_Arm_k12_HumanoidRootPart_Torso_Left_Arm = Instance.new("Pose")
Left_Arm_k12_HumanoidRootPart_Torso_Left_Arm.Name = "Left Arm"
Left_Arm_k12_HumanoidRootPart_Torso_Left_Arm.CFrame = CFrame(-0.564391, -0.867023, 0.461404, -0.394283, 0.918585, -0.027246, -0.233116, -0.071294, 0.969832, 0.888931, 0.388740, 0.242247)
Left_Arm_k12_HumanoidRootPart_Torso_Left_Arm.Parent = Torso_k12_HumanoidRootPart_Torso

--Right Leg
 Right_Leg_k12_HumanoidRootPart_Torso_Right_Leg = Instance.new("Pose")
Right_Leg_k12_HumanoidRootPart_Torso_Right_Leg.Name = "Right Leg"
Right_Leg_k12_HumanoidRootPart_Torso_Right_Leg.CFrame = CFrame(0.218099, 0.213804, 0.070311, 0.896417, 0.288361, -0.336576, -0.182816, 0.932361, 0.311898, 0.403750, -0.218059, 0.888502)
Right_Leg_k12_HumanoidRootPart_Torso_Right_Leg.Parent = Torso_k12_HumanoidRootPart_Torso

--Head
 Head_k12_HumanoidRootPart_Torso_Head = Instance.new("Pose")
Head_k12_HumanoidRootPart_Torso_Head.Name = "Head"
Head_k12_HumanoidRootPart_Torso_Head.CFrame = CFrame(0.000000, 0.000000, 0.000000, 0.997996, -0.049654, -0.039226, 0.030333, 0.919421, -0.392104, 0.055534, 0.390128, 0.919084)
Head_k12_HumanoidRootPart_Torso_Head.Parent = Torso_k12_HumanoidRootPart_Torso

-- Keyframe 13 (Time: 0.4137499928474426)
 keyframe13 = Instance.new("Keyframe")
keyframe13.Time = 0.4137499928474426
keyframe13.Parent = KeyframeSequence

--HumanoidRootPart
 HumanoidRootPart_k13_HumanoidRootPart = Instance.new("Pose")
HumanoidRootPart_k13_HumanoidRootPart.Name = "HumanoidRootPart"
HumanoidRootPart_k13_HumanoidRootPart.CFrame = CFrame(0.000000, 0.000000, 0.000000, 1.000000, 0.000000, 0.000000, 0.000000, 1.000000, 0.000000, 0.000000, 0.000000, 1.000000)
HumanoidRootPart_k13_HumanoidRootPart.Parent = keyframe13

--Torso
 Torso_k13_HumanoidRootPart_Torso = Instance.new("Pose")
Torso_k13_HumanoidRootPart_Torso.Name = "Torso"
Torso_k13_HumanoidRootPart_Torso.CFrame = CFrame(0.411140, 0.008566, -0.150075, 0.998065, -0.060873, 0.012667, 0.060450, 0.997676, 0.031441, -0.014551, -0.030614, 0.999425)
Torso_k13_HumanoidRootPart_Torso.Parent = HumanoidRootPart_k13_HumanoidRootPart

--Left Leg
 Left_Leg_k13_HumanoidRootPart_Torso_Left_Leg = Instance.new("Pose")
Left_Leg_k13_HumanoidRootPart_Torso_Left_Leg.Name = "Left Leg"
Left_Leg_k13_HumanoidRootPart_Torso_Left_Leg.CFrame = CFrame(-0.880591, 0.212701, -0.166577, 0.858703, -0.478843, -0.182590, 0.495334, 0.866890, 0.056082, 0.131431, -0.138601, 0.981588)
Left_Leg_k13_HumanoidRootPart_Torso_Left_Leg.Parent = Torso_k13_HumanoidRootPart_Torso

--Right Arm
 Right_Arm_k13_HumanoidRootPart_Torso_Right_Arm = Instance.new("Pose")
Right_Arm_k13_HumanoidRootPart_Torso_Right_Arm.Name = "Right Arm"
Right_Arm_k13_HumanoidRootPart_Torso_Right_Arm.CFrame = CFrame(0.550031, -1.101020, 0.362465, -0.193858, -0.977558, 0.082460, 0.330589, 0.014043, 0.943670, -0.923650, 0.210198, 0.320448)
Right_Arm_k13_HumanoidRootPart_Torso_Right_Arm.Parent = Torso_k13_HumanoidRootPart_Torso

--Left Arm
 Left_Arm_k13_HumanoidRootPart_Torso_Left_Arm = Instance.new("Pose")
Left_Arm_k13_HumanoidRootPart_Torso_Left_Arm.Name = "Left Arm"
Left_Arm_k13_HumanoidRootPart_Torso_Left_Arm.CFrame = CFrame(-0.563088, -0.860935, 0.458381, -0.397937, 0.915371, -0.061172, -0.256222, -0.046866, 0.965481, 0.880907, 0.399874, 0.253188)
Left_Arm_k13_HumanoidRootPart_Torso_Left_Arm.Parent = Torso_k13_HumanoidRootPart_Torso

--Right Leg
 Right_Leg_k13_HumanoidRootPart_Torso_Right_Leg = Instance.new("Pose")
Right_Leg_k13_HumanoidRootPart_Torso_Right_Leg.Name = "Right Leg"
Right_Leg_k13_HumanoidRootPart_Torso_Right_Leg.CFrame = CFrame(0.241120, 0.181927, 0.056235, 0.918003, 0.294160, -0.265970, -0.214151, 0.932185, 0.291841, 0.333781, -0.210953, 0.918743)
Right_Leg_k13_HumanoidRootPart_Torso_Right_Leg.Parent = Torso_k13_HumanoidRootPart_Torso

--Head
 Head_k13_HumanoidRootPart_Torso_Head = Instance.new("Pose")
Head_k13_HumanoidRootPart_Torso_Head.Name = "Head"
Head_k13_HumanoidRootPart_Torso_Head.CFrame = CFrame(0.000000, -0.000000, 0.000000, 0.997714, -0.065521, -0.016548, 0.054305, 0.923085, -0.380743, 0.040221, 0.378973, 0.924533)
Head_k13_HumanoidRootPart_Torso_Head.Parent = Torso_k13_HumanoidRootPart_Torso

-- Keyframe 14 (Time: 0.4483333230018616)
 keyframe14 = Instance.new("Keyframe")
keyframe14.Time = 0.4483333230018616
keyframe14.Parent = KeyframeSequence

--HumanoidRootPart
 HumanoidRootPart_k14_HumanoidRootPart = Instance.new("Pose")
HumanoidRootPart_k14_HumanoidRootPart.Name = "HumanoidRootPart"
HumanoidRootPart_k14_HumanoidRootPart.CFrame = CFrame(0.000000, 0.000000, 0.000000, 1.000000, 0.000000, 0.000000, 0.000000, 1.000000, 0.000000, 0.000000, 0.000000, 1.000000)
HumanoidRootPart_k14_HumanoidRootPart.Parent = keyframe14

--Torso
 Torso_k14_HumanoidRootPart_Torso = Instance.new("Pose")
Torso_k14_HumanoidRootPart_Torso.Name = "Torso"
Torso_k14_HumanoidRootPart_Torso.CFrame = CFrame(0.331650, 0.004527, -0.129676, 0.999677, -0.025191, -0.003255, 0.025304, 0.998830, 0.041217, 0.002213, -0.041286, 0.999145)
Torso_k14_HumanoidRootPart_Torso.Parent = HumanoidRootPart_k14_HumanoidRootPart

--Left Leg
 Left_Leg_k14_HumanoidRootPart_Torso_Left_Leg = Instance.new("Pose")
Left_Leg_k14_HumanoidRootPart_Torso_Left_Leg.Name = "Left Leg"
Left_Leg_k14_HumanoidRootPart_Torso_Left_Leg.CFrame = CFrame(-0.879098, 0.149564, -0.180141, 0.840555, -0.498013, -0.213190, 0.509832, 0.860274, 0.000536, 0.183134, -0.109142, 0.977011)
Left_Leg_k14_HumanoidRootPart_Torso_Left_Leg.Parent = Torso_k14_HumanoidRootPart_Torso

--Right Arm
 Right_Arm_k14_HumanoidRootPart_Torso_Right_Arm = Instance.new("Pose")
Right_Arm_k14_HumanoidRootPart_Torso_Right_Arm.Name = "Right Arm"
