-- KeyframeSequence Export: KeyframeSequence
-- Generated on 2025-11-11 12:23:39

 KeyframeSequence = Instance.new("KeyframeSequence")
KeyframeSequence.Name = "Livesey"
 cf=CFrame.new

-- Keyframe 1 (Time: 0)
 keyframe1 = Instance.new("Keyframe")
keyframe1.Time = 0
keyframe1.Parent = KeyframeSequence

--HumanoidRootPart
 HumanoidRootPart_k1_HumanoidRootPart = Instance.new("Pose")
HumanoidRootPart_k1_HumanoidRootPart.Name = "HumanoidRootPart"
HumanoidRootPart_k1_HumanoidRootPart.CFrame = cf(0.000000, 0.000000, 0.000000, 1.000000, 0.000000, 0.000000, 0.000000, 1.000000, 0.000000, 0.000000, 0.000000, 1.000000)
HumanoidRootPart_k1_HumanoidRootPart.Parent = keyframe1



--Torso
 Torso_k1_HumanoidRootPart_Torso = Instance.new("Pose")
Torso_k1_HumanoidRootPart_Torso.Name = "Torso"
Torso_k1_HumanoidRootPart_Torso.CFrame = cf(0.044439, 0.198562, -0.576608, 0.956068, 0.290286, -0.040831, -0.271717, 0.929820, 0.248202, 0.110015, -0.226204, 0.967847)
Torso_k1_HumanoidRootPart_Torso.Parent = HumanoidRootPart_k1_HumanoidRootPart



--Left Leg
 Left_Leg_k1_HumanoidRootPart_Torso = Instance.new("Pose")
Left_Leg_k1_HumanoidRootPart_Torso.Name = "Left Leg"
Left_Leg_k1_HumanoidRootPart_Torso.CFrame = cf(0.045883, -0.188465, 0.028383, 0.358911, -0.858405, 0.366503, 0.915265, 0.400650, 0.042077, -0.182959, 0.320345, 0.929465)
Left_Leg_k1_HumanoidRootPart_Torso.Parent = Torso_k1_HumanoidRootPart_Torso



--Right Leg
 Right_Leg_k1_HumanoidRootPart_Torso = Instance.new("Pose")
Right_Leg_k1_HumanoidRootPart_Torso.Name = "Right Leg"
Right_Leg_k1_HumanoidRootPart_Torso.CFrame = cf(0.513169, 0.406434, -0.078726, 0.981485, -0.163259, 0.100171, 0.156124, 0.984855, 0.075401, -0.110964, -0.058366, 0.992109)
Right_Leg_k1_HumanoidRootPart_Torso.Parent = Torso_k1_HumanoidRootPart_Torso



--Left Arm
 Left_Arm_k1_HumanoidRootPart_Torso = Instance.new("Pose")
Left_Arm_k1_HumanoidRootPart_Torso.Name = "Left Arm"
Left_Arm_k1_HumanoidRootPart_Torso.CFrame = cf(-0.093703, -0.470869, 0.149121, 0.658569, 0.569585, -0.491791, -0.597219, 0.793211, 0.118934, 0.457838, 0.215381, 0.862552)
Left_Arm_k1_HumanoidRootPart_Torso.Parent = Torso_k1_HumanoidRootPart_Torso



--Right Arm
 Right_Arm_k1_HumanoidRootPart_Torso = Instance.new("Pose")
Right_Arm_k1_HumanoidRootPart_Torso.Name = "Right Arm"
Right_Arm_k1_HumanoidRootPart_Torso.CFrame = cf(-0.210023, -0.082548, 0.046402, 0.927833, 0.372266, 0.023337, -0.369918, 0.910351, 0.185533, 0.047823, -0.180777, 0.982361)
Right_Arm_k1_HumanoidRootPart_Torso.Parent = Torso_k1_HumanoidRootPart_Torso



--Head
 Head_k1_HumanoidRootPart_Torso_Head = Instance.new("Pose")
Head_k1_HumanoidRootPart_Torso_Head.Name = "Head"
Head_k1_HumanoidRootPart_Torso_Head.CFrame = cf(0.000000, 0.000000, -0.000000, 0.955948, -0.292156, 0.028438, 0.291401, 0.956193, 0.027923, -0.035350, -0.018406, 0.999206)
Head_k1_HumanoidRootPart_Torso_Head.Parent = Torso_k1_HumanoidRootPart_Torso



-- Keyframe 2 (Time: 0.019999999552965164)
 keyframe2 = Instance.new("Keyframe")
keyframe2.Time = 0.019999999552965164
keyframe2.Parent = KeyframeSequence

--HumanoidRootPart
 HumanoidRootPart_k2_HumanoidRootPart = Instance.new("Pose")
HumanoidRootPart_k2_HumanoidRootPart.Name = "HumanoidRootPart"
HumanoidRootPart_k2_HumanoidRootPart.CFrame = cf(0.000000, 0.000000, 0.000000, 1.000000, 0.000000, 0.000000, 0.000000, 1.000000, 0.000000, 0.000000, 0.000000, 1.000000)
HumanoidRootPart_k2_HumanoidRootPart.Parent = keyframe2



--Torso
 Torso_k2_HumanoidRootPart_Torso = Instance.new("Pose")
Torso_k2_HumanoidRootPart_Torso.Name = "Torso"
Torso_k2_HumanoidRootPart_Torso.CFrame = cf(0.042579, 0.195499, -0.563370, 0.958051, 0.283931, -0.039014, -0.266371, 0.932378, 0.244374, 0.105761, -0.223730, 0.968896)
Torso_k2_HumanoidRootPart_Torso.Parent = HumanoidRootPart_k2_HumanoidRootPart



--Left Leg
 Left_Leg_k2_HumanoidRootPart_Torso = Instance.new("Pose")
Left_Leg_k2_HumanoidRootPart_Torso.Name = "Left Leg"
Left_Leg_k2_HumanoidRootPart_Torso.CFrame = cf(0.034944, -0.193940, 0.032444, 0.359676, -0.860815, 0.360042, 0.914914, 0.401125, 0.045057, -0.183207, 0.313202, 0.931848)
Left_Leg_k2_HumanoidRootPart_Torso.Parent = Torso_k2_HumanoidRootPart_Torso



--Right Leg
 Right_Leg_k2_HumanoidRootPart_Torso = Instance.new("Pose")
Right_Leg_k2_HumanoidRootPart_Torso.Name = "Right Leg"
Right_Leg_k2_HumanoidRootPart_Torso.CFrame = cf(0.520088, 0.403657, -0.075919, 0.984810, -0.145453, 0.094827, 0.138788, 0.987592, 0.073486, -0.104339, -0.059209, 0.992778)
Right_Leg_k2_HumanoidRootPart_Torso.Parent = Torso_k2_HumanoidRootPart_Torso



--Left Arm
 Left_Arm_k2_HumanoidRootPart_Torso = Instance.new("Pose")
Left_Arm_k2_HumanoidRootPart_Torso.Name = "Left Arm"
Left_Arm_k2_HumanoidRootPart_Torso.CFrame = cf(-0.092882, -0.462338, 0.140650, 0.684367, 0.555517, -0.472274, -0.581798, 0.806458, 0.105529, 0.439493, 0.202547, 0.875112)
Left_Arm_k2_HumanoidRootPart_Torso.Parent = Torso_k2_HumanoidRootPart_Torso



--Right Arm
 Right_Arm_k2_HumanoidRootPart_Torso = Instance.new("Pose")
Right_Arm_k2_HumanoidRootPart_Torso.Name = "Right Arm"
Right_Arm_k2_HumanoidRootPart_Torso.CFrame = cf(-0.210004, -0.084670, 0.043995, 0.930572, 0.365447, 0.022009, -0.363144, 0.913730, 0.182274, 0.046501, -0.177612, 0.983001)
Right_Arm_k2_HumanoidRootPart_Torso.Parent = Torso_k2_HumanoidRootPart_Torso



--Head
 Head_k2_HumanoidRootPart_Torso_Head = Instance.new("Pose")
Head_k2_HumanoidRootPart_Torso_Head.Name = "Head"
Head_k2_HumanoidRootPart_Torso_Head.CFrame = cf(0.000000, 0.000000, -0.000000, 0.957833, -0.286022, 0.027347, 0.285311, 0.958050, 0.027168, -0.033970, -0.018220, 0.999257)
Head_k2_HumanoidRootPart_Torso_Head.Parent = Torso_k2_HumanoidRootPart_Torso



-- Keyframe 3 (Time: 0.03999999910593033)
 keyframe3 = Instance.new("Keyframe")
keyframe3.Time = 0.03999999910593033
keyframe3.Parent = KeyframeSequence

--HumanoidRootPart
 HumanoidRootPart_k3_HumanoidRootPart = Instance.new("Pose")
HumanoidRootPart_k3_HumanoidRootPart.Name = "HumanoidRootPart"
HumanoidRootPart_k3_HumanoidRootPart.CFrame = cf(0.000000, 0.000000, 0.000000, 1.000000, 0.000000, 0.000000, 0.000000, 1.000000, 0.000000, 0.000000, 0.000000, 1.000000)
HumanoidRootPart_k3_HumanoidRootPart.Parent = keyframe3



--Torso
 Torso_k3_HumanoidRootPart_Torso = Instance.new("Pose")
Torso_k3_HumanoidRootPart_Torso.Name = "Torso"
Torso_k3_HumanoidRootPart_Torso.CFrame = cf(0.037661, 0.187439, -0.527346, 0.963368, 0.265988, -0.034243, -0.250988, 0.939206, 0.234299, 0.094482, -0.217122, 0.971561)
Torso_k3_HumanoidRootPart_Torso.Parent = HumanoidRootPart_k3_HumanoidRootPart



--Left Leg
 Left_Leg_k3_HumanoidRootPart_Torso = Instance.new("Pose")
Left_Leg_k3_HumanoidRootPart_Torso.Name = "Left Leg"
Left_Leg_k3_HumanoidRootPart_Torso.CFrame = cf(0.000180, -0.212441, 0.044662, 0.360339, -0.867934, 0.341829, 0.914833, 0.400425, 0.052343, -0.182307, 0.293856, 0.938303)
Left_Leg_k3_HumanoidRootPart_Torso.Parent = Torso_k3_HumanoidRootPart_Torso



--Right Leg
 Right_Leg_k3_HumanoidRootPart_Torso = Instance.new("Pose")
Right_Leg_k3_HumanoidRootPart_Torso.Name = "Right Leg"
Right_Leg_k3_HumanoidRootPart_Torso.CFrame = cf(0.538221, 0.393350, -0.067602, 0.992197, -0.095856, 0.079730, 0.090447, 0.993516, 0.068887, -0.085816, -0.061138, 0.994433)
Right_Leg_k3_HumanoidRootPart_Torso.Parent = Torso_k3_HumanoidRootPart_Torso



--Left Arm
 Left_Arm_k3_HumanoidRootPart_Torso = Instance.new("Pose")
Left_Arm_k3_HumanoidRootPart_Torso.Name = "Left Arm"
Left_Arm_k3_HumanoidRootPart_Torso.CFrame = cf(-0.089721, -0.440877, 0.118537, 0.745292, 0.520360, -0.416851, -0.542500, 0.836740, 0.074571, 0.387600, 0.170564, 0.905911)
Left_Arm_k3_HumanoidRootPart_Torso.Parent = Torso_k3_HumanoidRootPart_Torso



--Right Arm
 Right_Arm_k3_HumanoidRootPart_Torso = Instance.new("Pose")
Right_Arm_k3_HumanoidRootPart_Torso.Name = "Right Arm"
Right_Arm_k3_HumanoidRootPart_Torso.CFrame = cf(-0.209872, -0.090263, 0.037646, 0.938123, 0.345811, 0.018453, -0.343634, 0.922969, 0.173334, 0.042909, -0.168950, 0.984690)
Right_Arm_k3_HumanoidRootPart_Torso.Parent = Torso_k3_HumanoidRootPart_Torso



--Head
 Head_k3_HumanoidRootPart_Torso_Head = Instance.new("Pose")
Head_k3_HumanoidRootPart_Torso_Head.Name = "Head"
Head_k3_HumanoidRootPart_Torso_Head.CFrame = cf(0.000000, 0.000000, 0.000000, 0.962942, -0.268596, 0.024465, 0.267997, 0.963090, 0.025198, -0.030331, -0.017708, 0.999383)
Head_k3_HumanoidRootPart_Torso_Head.Parent = Torso_k3_HumanoidRootPart_Torso



-- Keyframe 4 (Time: 0.05999999865889549)
 keyframe4 = Instance.new("Keyframe")
keyframe4.Time = 0.05999999865889549
keyframe4.Parent = KeyframeSequence

--HumanoidRootPart
 HumanoidRootPart_k4_HumanoidRootPart = Instance.new("Pose")
HumanoidRootPart_k4_HumanoidRootPart.Name = "HumanoidRootPart"
HumanoidRootPart_k4_HumanoidRootPart.CFrame = cf(0.000000, 0.000000, 0.000000, 1.000000, 0.000000, 0.000000, 0.000000, 1.000000, 0.000000, 0.000000, 0.000000, 1.000000)
HumanoidRootPart_k4_HumanoidRootPart.Parent = keyframe4



--Torso
 Torso_k4_HumanoidRootPart_Torso = Instance.new("Pose")
Torso_k4_HumanoidRootPart_Torso.Name = "Torso"
Torso_k4_HumanoidRootPart_Torso.CFrame = cf(0.030745, 0.176099, -0.474105, 0.970855, 0.238092, -0.027452, -0.226464, 0.948820, 0.220124, 0.078457, -0.207492, 0.975086)
Torso_k4_HumanoidRootPart_Torso.Parent = HumanoidRootPart_k4_HumanoidRootPart



--Left Leg
 Left_Leg_k4_HumanoidRootPart_Torso = Instance.new("Pose")
Left_Leg_k4_HumanoidRootPart_Torso.Name = "Left Leg"
Left_Leg_k4_HumanoidRootPart_Torso.CFrame = cf(-0.060135, -0.241786, 0.063309, 0.360896, -0.878325, 0.313527, 0.915262, 0.398103, 0.061715, -0.179022, 0.264687, 0.947572)
Left_Leg_k4_HumanoidRootPart_Torso.Parent = Torso_k4_HumanoidRootPart_Torso



--Right Leg
 Right_Leg_k4_HumanoidRootPart_Torso = Instance.new("Pose")
Right_Leg_k4_HumanoidRootPart_Torso.Name = "Right Leg"
Right_Leg_k4_HumanoidRootPart_Torso.CFrame = cf(0.561217, 0.369563, -0.053246, 0.998186, -0.021546, 0.056212, 0.017989, 0.997849, 0.063034, -0.057449, -0.061909, 0.996427)
Right_Leg_k4_HumanoidRootPart_Torso.Parent = Torso_k4_HumanoidRootPart_Torso



--Left Arm
 Left_Arm_k4_HumanoidRootPart_Torso = Instance.new("Pose")
Left_Arm_k4_HumanoidRootPart_Torso.Name = "Left Arm"
Left_Arm_k4_HumanoidRootPart_Torso.CFrame = cf(-0.083173, -0.412688, 0.087731, 0.815219, 0.475338, -0.330865, -0.490986, 0.870227, 0.040473, 0.307165, 0.129455, 0.942810)
Left_Arm_k4_HumanoidRootPart_Torso.Parent = Torso_k4_HumanoidRootPart_Torso



--Right Arm
 Right_Arm_k4_HumanoidRootPart_Torso = Instance.new("Pose")
Right_Arm_k4_HumanoidRootPart_Torso.Name = "Right Arm"
Right_Arm_k4_HumanoidRootPart_Torso.CFrame = cf(-0.209514, -0.098171, 0.028671, 0.949176, 0.314460, 0.013427, -0.312479, 0.936368, 0.159912, 0.037713, -0.155980, 0.987040)
Right_Arm_k4_HumanoidRootPart_Torso.Parent = Torso_k4_HumanoidRootPart_Torso



--Head
 Head_k4_HumanoidRootPart_Torso_Head = Instance.new("Pose")
Head_k4_HumanoidRootPart_Torso_Head.Name = "Head"
Head_k4_HumanoidRootPart_Torso_Head.CFrame = cf(0.000000, 0.000000, -0.000000, 0.970239, -0.241292, 0.020364, 0.240837, 0.970305, 0.022480, -0.025183, -0.016907, 0.999540)
Head_k4_HumanoidRootPart_Torso_Head.Parent = Torso_k4_HumanoidRootPart_Torso



-- Keyframe 5 (Time: 0.07999999821186066)
 keyframe5 = Instance.new("Keyframe")
keyframe5.Time = 0.07999999821186066
keyframe5.Parent = KeyframeSequence

--HumanoidRootPart
 HumanoidRootPart_k5_HumanoidRootPart = Instance.new("Pose")
HumanoidRootPart_k5_HumanoidRootPart.Name = "HumanoidRootPart"
HumanoidRootPart_k5_HumanoidRootPart.CFrame = cf(0.000000, 0.000000, 0.000000, 1.000000, 0.000000, 0.000000, 0.000000, 1.000000, 0.000000, 0.000000, 0.000000, 1.000000)
HumanoidRootPart_k5_HumanoidRootPart.Parent = keyframe5



--Torso
 Torso_k5_HumanoidRootPart_Torso = Instance.new("Pose")
Torso_k5_HumanoidRootPart_Torso.Name = "Torso"
Torso_k5_HumanoidRootPart_Torso.CFrame = cf(0.022877, 0.163204, -0.409162, 0.979219, 0.201856, -0.019594, -0.193732, 0.959609, 0.204005, 0.059982, -0.195969, 0.978774)
Torso_k5_HumanoidRootPart_Torso.Parent = HumanoidRootPart_k5_HumanoidRootPart



--Left Leg
 Left_Leg_k5_HumanoidRootPart_Torso = Instance.new("Pose")
Left_Leg_k5_HumanoidRootPart_Torso.Name = "Left Leg"
Left_Leg_k5_HumanoidRootPart_Torso.CFrame = cf(-0.145954, -0.274483, 0.084254, 0.363969, -0.889363, 0.276694, 0.915203, 0.396669, 0.071114, -0.173002, 0.227348, 0.958323)
Left_Leg_k5_HumanoidRootPart_Torso.Parent = Torso_k5_HumanoidRootPart_Torso



--Right Leg
 Right_Leg_k5_HumanoidRootPart_Torso = Instance.new("Pose")
Right_Leg_k5_HumanoidRootPart_Torso.Name = "Right Leg"
Right_Leg_k5_HumanoidRootPart_Torso.CFrame = cf(0.580093, 0.326513, -0.032613, 0.997295, 0.068912, 0.025564, -0.070283, 0.995881, 0.057286, -0.021511, -0.058928, 0.998030)
Right_Leg_k5_HumanoidRootPart_Torso.Parent = Torso_k5_HumanoidRootPart_Torso



--Left Arm
 Left_Arm_k5_HumanoidRootPart_Torso = Instance.new("Pose")
Left_Arm_k5_HumanoidRootPart_Torso.Name = "Left Arm"
Left_Arm_k5_HumanoidRootPart_Torso.CFrame = cf(-0.072191, -0.383968, 0.053180, 0.871188, 0.436345, -0.225021, -0.444661, 0.895572, 0.015087, 0.208106, 0.086914, 0.974237)
Left_Arm_k5_HumanoidRootPart_Torso.Parent = Torso_k5_HumanoidRootPart_Torso



--Right Arm
 Right_Arm_k5_HumanoidRootPart_Torso = Instance.new("Pose")
Right_Arm_k5_HumanoidRootPart_Torso.Name = "Right Arm"
Right_Arm_k5_HumanoidRootPart_Torso.CFrame = cf(-0.208818, -0.107237, 0.018382, 0.962142, 0.272439, 0.007748, -0.270706, 0.951952, 0.143197, 0.031637, -0.139873, 0.989664)
Right_Arm_k5_HumanoidRootPart_Torso.Parent = Torso_k5_HumanoidRootPart_Torso



--Head
 Head_k5_HumanoidRootPart_Torso_Head = Instance.new("Pose")
Head_k5_HumanoidRootPart_Torso_Head.Name = "Head"
Head_k5_HumanoidRootPart_Torso_Head.CFrame = cf(0.000000, -0.000000, 0.000000, 0.978532, -0.205502, 0.015616, 0.205191, 0.978528, 0.019478, -0.019283, -0.015856, 0.999688)
Head_k5_HumanoidRootPart_Torso_Head.Parent = Torso_k5_HumanoidRootPart_Torso



-- Keyframe 6 (Time: 0.10000000149011612)
 keyframe6 = Instance.new("Keyframe")
keyframe6.Time = 0.10000000149011612
keyframe6.Parent = KeyframeSequence

--HumanoidRootPart
 HumanoidRootPart_k6_HumanoidRootPart = Instance.new("Pose")
HumanoidRootPart_k6_HumanoidRootPart.Name = "HumanoidRootPart"
HumanoidRootPart_k6_HumanoidRootPart.CFrame = cf(0.000000, 0.000000, 0.000000, 1.000000, 0.000000, 0.000000, 0.000000, 1.000000, 0.000000, 0.000000, 0.000000, 1.000000)
HumanoidRootPart_k6_HumanoidRootPart.Parent = keyframe6



--Torso
 Torso_k6_HumanoidRootPart_Torso = Instance.new("Pose")
Torso_k6_HumanoidRootPart_Torso.Name = "Torso"
Torso_k6_HumanoidRootPart_Torso.CFrame = cf(0.014982, 0.150447, -0.337908, 0.987224, 0.158905, -0.011767, -0.153895, 0.970026, 0.188059, 0.041298, -0.183845, 0.982087)
Torso_k6_HumanoidRootPart_Torso.Parent = HumanoidRootPart_k6_HumanoidRootPart



--Left Leg
 Left_Leg_k6_HumanoidRootPart_Torso = Instance.new("Pose")
Left_Leg_k6_HumanoidRootPart_Torso.Name = "Left Leg"
Left_Leg_k6_HumanoidRootPart_Torso.CFrame = cf(-0.256270, -0.301479, 0.101760, 0.373018, -0.898139, 0.232817, 0.913303, 0.399654, 0.078456, -0.163510, 0.183367, 0.969351)
Left_Leg_k6_HumanoidRootPart_Torso.Parent = Torso_k6_HumanoidRootPart_Torso



--Right Leg
 Right_Leg_k6_HumanoidRootPart_Torso = Instance.new("Pose")
Right_Leg_k6_HumanoidRootPart_Torso.Name = "Right Leg"
Right_Leg_k6_HumanoidRootPart_Torso.CFrame = cf(0.583763, 0.262724, -0.006892, 0.986106, 0.165762, -0.010899, -0.164965, 0.984863, 0.053222, 0.019556, -0.050684, 0.998523)
Right_Leg_k6_HumanoidRootPart_Torso.Parent = Torso_k6_HumanoidRootPart_Torso



--Left Arm
 Left_Arm_k6_HumanoidRootPart_Torso = Instance.new("Pose")
Left_Arm_k6_HumanoidRootPart_Torso.Name = "Left Arm"
Left_Arm_k6_HumanoidRootPart_Torso.CFrame = cf(-0.056175, -0.359623, 0.019632, 0.902437, 0.415051, -0.115503, -0.417529, 0.908659, 0.002997, 0.106196, 0.045521, 0.993303)
Left_Arm_k6_HumanoidRootPart_Torso.Parent = Torso_k6_HumanoidRootPart_Torso



--Right Arm
 Right_Arm_k6_HumanoidRootPart_Torso = Instance.new("Pose")
Right_Arm_k6_HumanoidRootPart_Torso.Name = "Right Arm"
Right_Arm_k6_HumanoidRootPart_Torso.CFrame = cf(-0.207670, -0.116302, 0.008093, 0.975306, 0.220846, 0.002189, -0.219396, 0.967670, 0.124416, 0.025358, -0.121824, 0.992228)
Right_Arm_k6_HumanoidRootPart_Torso.Parent = Torso_k6_HumanoidRootPart_Torso



--Head
 Head_k6_HumanoidRootPart_Torso_Head = Instance.new("Pose")
Head_k6_HumanoidRootPart_Torso_Head.Name = "Head"
Head_k6_HumanoidRootPart_Torso_Head.CFrame = cf(0.000000, 0.000000, -0.000000, 0.986623, -0.162662, 0.010822, 0.162471, 0.986573, 0.016620, -0.013380, -0.014640, 0.999803)
Head_k6_HumanoidRootPart_Torso_Head.Parent = Torso_k6_HumanoidRootPart_Torso



-- Keyframe 7 (Time: 0.11999999731779099)
 keyframe7 = Instance.new("Keyframe")
keyframe7.Time = 0.11999999731779099
keyframe7.Parent = KeyframeSequence

--HumanoidRootPart
 HumanoidRootPart_k7_HumanoidRootPart = Instance.new("Pose")
HumanoidRootPart_k7_HumanoidRootPart.Name = "HumanoidRootPart"
HumanoidRootPart_k7_HumanoidRootPart.CFrame = cf(0.000000, 0.000000, 0.000000, 1.000000, 0.000000, 0.000000, 0.000000, 1.000000, 0.000000, 0.000000, 0.000000, 1.000000)
HumanoidRootPart_k7_HumanoidRootPart.Parent = keyframe7



--Torso
 Torso_k7_HumanoidRootPart_Torso = Instance.new("Pose")
Torso_k7_HumanoidRootPart_Torso.Name = "Torso"
Torso_k7_HumanoidRootPart_Torso.CFrame = cf(0.007809, 0.139446, -0.265585, 0.993819, 0.110886, -0.005298, -0.108273, 0.978721, 0.174308, 0.024514, -0.172657, 0.984677)
Torso_k7_HumanoidRootPart_Torso.Parent = HumanoidRootPart_k7_HumanoidRootPart



--Left Leg
 Left_Leg_k7_HumanoidRootPart_Torso = Instance.new("Pose")
Left_Leg_k7_HumanoidRootPart_Torso.Name = "Left Leg"
Left_Leg_k7_HumanoidRootPart_Torso.CFrame = cf(-0.388538, -0.313202, 0.109136, 0.392005, -0.901509, 0.183341, 0.907841, 0.411326, 0.081466, -0.148856, 0.134510, 0.979668)
Left_Leg_k7_HumanoidRootPart_Torso.Parent = Torso_k7_HumanoidRootPart_Torso



--Right Leg
 Right_Leg_k7_HumanoidRootPart_Torso = Instance.new("Pose")
Right_Leg_k7_HumanoidRootPart_Torso.Name = "Right Leg"
Right_Leg_k7_HumanoidRootPart_Torso.CFrame = cf(0.560584, 0.183508, 0.020773, 0.964483, 0.259019, -0.051795, -0.256359, 0.965138, 0.052800, 0.063666, -0.037646, 0.997261)
Right_Leg_k7_HumanoidRootPart_Torso.Parent = Torso_k7_HumanoidRootPart_Torso



--Left Arm
 Left_Arm_k7_HumanoidRootPart_Torso = Instance.new("Pose")
Left_Arm_k7_HumanoidRootPart_Torso.Name = "Left Arm"
Left_Arm_k7_HumanoidRootPart_Torso.CFrame = cf(-0.036316, -0.339368, -0.008966, 0.914269, 0.404662, -0.018983, -0.404707, 0.914445, 0.001603, 0.018007, 0.006217, 0.999819)
Left_Arm_k7_HumanoidRootPart_Torso.Parent = Torso_k7_HumanoidRootPart_Torso



--Right Arm
 Right_Arm_k7_HumanoidRootPart_Torso = Instance.new("Pose")
Right_Arm_k7_HumanoidRootPart_Torso.Name = "Right Arm"
Right_Arm_k7_HumanoidRootPart_Torso.CFrame = cf(-0.205957, -0.124210, -0.000882, 0.986965, 0.160913, -0.002602, -0.159757, 0.981570, 0.104872, 0.019429, -0.103090, 0.994482)
Right_Arm_k7_HumanoidRootPart_Torso.Parent = Torso_k7_HumanoidRootPart_Torso



--Head
 Head_k7_HumanoidRootPart_Torso_Head = Instance.new("Pose")
Head_k7_HumanoidRootPart_Torso_Head.Name = "Head"
Head_k7_HumanoidRootPart_Torso_Head.CFrame = cf(0.000000, 0.000000, 0.000000, 0.993427, -0.114277, 0.006623, 0.114174, 0.993358, 0.014269, -0.008209, -0.013419, 0.999876)
Head_k7_HumanoidRootPart_Torso_Head.Parent = Torso_k7_HumanoidRootPart_Torso



-- Keyframe 8 (Time: 0.14000000059604645)
 keyframe8 = Instance.new("Keyframe")
keyframe8.Time = 0.14000000059604645
keyframe8.Parent = KeyframeSequence

--HumanoidRootPart
 HumanoidRootPart_k8_HumanoidRootPart = Instance.new("Pose")
HumanoidRootPart_k8_HumanoidRootPart.Name = "HumanoidRootPart"
HumanoidRootPart_k8_HumanoidRootPart.CFrame = cf(0.000000, 0.000000, 0.000000, 1.000000, 0.000000, 0.000000, 0.000000, 1.000000, 0.000000, 0.000000, 0.000000, 1.000000)
HumanoidRootPart_k8_HumanoidRootPart.Parent = keyframe8



--Torso
 Torso_k8_HumanoidRootPart_Torso = Instance.new("Pose")
Torso_k8_HumanoidRootPart_Torso.Name = "Torso"
Torso_k8_HumanoidRootPart_Torso.CFrame = cf(0.001897, 0.131691, -0.197302, 0.998228, 0.059471, -0.001770, -0.058368, 0.984630, 0.164614, 0.011533, -0.164219, 0.986357)
Torso_k8_HumanoidRootPart_Torso.Parent = HumanoidRootPart_k8_HumanoidRootPart



--Left Leg
 Left_Leg_k8_HumanoidRootPart_Torso = Instance.new("Pose")
Left_Leg_k8_HumanoidRootPart_Torso.Name = "Left Leg"
Left_Leg_k8_HumanoidRootPart_Torso.CFrame = cf(-0.537171, -0.299135, 0.099764, 0.425782, -0.895481, 0.129707, 0.895986, 0.437256, 0.077559, -0.126168, 0.083193, 0.988514)
Left_Leg_k8_HumanoidRootPart_Torso.Parent = Torso_k8_HumanoidRootPart_Torso



--Right Leg
 Right_Leg_k8_HumanoidRootPart_Torso = Instance.new("Pose")
Right_Leg_k8_HumanoidRootPart_Torso.Name = "Right Leg"
Right_Leg_k8_HumanoidRootPart_Torso.CFrame = cf(0.501260, 0.101046, 0.045474, 0.935442, 0.340296, -0.095641, -0.335999, 0.940049, 0.058422, 0.109788, -0.022515, 0.993700)
Right_Leg_k8_HumanoidRootPart_Torso.Parent = Torso_k8_HumanoidRootPart_Torso



--Left Arm
 Left_Arm_k8_HumanoidRootPart_Torso = Instance.new("Pose")
Left_Arm_k8_HumanoidRootPart_Torso.Name = "Left Arm"
Left_Arm_k8_HumanoidRootPart_Torso.CFrame = cf(-0.014254, -0.321626, -0.028872, 0.916052, 0.397936, 0.049945, -0.398833, 0.916978, 0.009074, -0.042188, -0.028232, 0.998711)
Left_Arm_k8_HumanoidRootPart_Torso.Parent = Torso_k8_HumanoidRootPart_Torso



--Right Arm
 Right_Arm_k8_HumanoidRootPart_Torso = Instance.new("Pose")
Right_Arm_k8_HumanoidRootPart_Torso.Name = "Right Arm"
Right_Arm_k8_HumanoidRootPart_Torso.CFrame = cf(-0.203567, -0.129803, -0.007231, 0.995550, 0.094033, -0.006177, -0.093158, 0.991935, 0.085941, 0.014208, -0.084983, 0.996281)
Right_Arm_k8_HumanoidRootPart_Torso.Parent = Torso_k8_HumanoidRootPart_Torso



--Head
 Head_k8_HumanoidRootPart_Torso_Head = Instance.new("Pose")
Head_k8_HumanoidRootPart_Torso_Head.Name = "Head"
Head_k8_HumanoidRootPart_Torso_Head.CFrame = cf(0.000000, 0.000000, -0.000000, 0.998073, -0.061934, 0.003703, 0.061882, 0.998003, 0.012703, -0.004482, -0.012449, 0.999913)
Head_k8_HumanoidRootPart_Torso_Head.Parent = Torso_k8_HumanoidRootPart_Torso



-- Keyframe 9 (Time: 0.1599999964237213)
 keyframe9 = Instance.new("Keyframe")
keyframe9.Time = 0.1599999964237213
keyframe9.Parent = KeyframeSequence

--HumanoidRootPart
 HumanoidRootPart_k9_HumanoidRootPart = Instance.new("Pose")
HumanoidRootPart_k9_HumanoidRootPart.Name = "HumanoidRootPart"
HumanoidRootPart_k9_HumanoidRootPart.CFrame = cf(0.000000, 0.000000, 0.000000, 1.000000, 0.000000, 0.000000, 0.000000, 1.000000, 0.000000, 0.000000, 0.000000, 1.000000)
HumanoidRootPart_k9_HumanoidRootPart.Parent = keyframe9



--Torso
 Torso_k9_HumanoidRootPart_Torso = Instance.new("Pose")
Torso_k9_HumanoidRootPart_Torso.Name = "Torso"
Torso_k9_HumanoidRootPart_Torso.CFrame = cf(-0.002420, 0.128505, -0.138111, 0.999975, 0.006348, -0.003025, -0.005780, 0.986998, 0.160631, 0.004005, -0.160610, 0.987010)
Torso_k9_HumanoidRootPart_Torso.Parent = HumanoidRootPart_k9_HumanoidRootPart



--Left Leg
 Left_Leg_k9_HumanoidRootPart_Torso = Instance.new("Pose")
Left_Leg_k9_HumanoidRootPart_Torso.Name = "Left Leg"
Left_Leg_k9_HumanoidRootPart_Torso.CFrame = cf(-0.691227, -0.247421, 0.069221, 0.480378, -0.873983, 0.073420, 0.872295, 0.484806, 0.063753, -0.091314, 0.033418, 0.995261)
Left_Leg_k9_HumanoidRootPart_Torso.Parent = Torso_k9_HumanoidRootPart_Torso



--Right Leg
 Right_Leg_k9_HumanoidRootPart_Torso = Instance.new("Pose")
Right_Leg_k9_HumanoidRootPart_Torso.Name = "Right Leg"
Right_Leg_k9_HumanoidRootPart_Torso.CFrame = cf(0.401501, 0.032006, 0.061287, 0.903649, 0.404477, -0.140775, -0.397967, 0.914495, 0.072951, 0.158245, -0.009899, 0.987350)
Right_Leg_k9_HumanoidRootPart_Torso.Parent = Torso_k9_HumanoidRootPart_Torso



--Left Arm
 Left_Arm_k9_HumanoidRootPart_Torso = Instance.new("Pose")
Left_Arm_k9_HumanoidRootPart_Torso.Name = "Left Arm"
Left_Arm_k9_HumanoidRootPart_Torso.CFrame = cf(0.008372, -0.304817, -0.036339, 0.918072, 0.388577, 0.078432, -0.391491, 0.919832, 0.025394, -0.062276, -0.054019, 0.996596)
Left_Arm_k9_HumanoidRootPart_Torso.Parent = Torso_k9_HumanoidRootPart_Torso



--Right Arm
 Right_Arm_k9_HumanoidRootPart_Torso = Instance.new("Pose")
Right_Arm_k9_HumanoidRootPart_Torso.Name = "Right Arm"
Right_Arm_k9_HumanoidRootPart_Torso.CFrame = cf(-0.200386, -0.131925, -0.009639, 0.999729, 0.021729, -0.008334, -0.021102, 0.997390, 0.069056, 0.009813, -0.068862, 0.997578)
Right_Arm_k9_HumanoidRootPart_Torso.Parent = Torso_k9_HumanoidRootPart_Torso



--Head
 Head_k9_HumanoidRootPart_Torso_Head = Instance.new("Pose")
Head_k9_HumanoidRootPart_Torso_Head.Name = "Head"
Head_k9_HumanoidRootPart_Torso_Head.CFrame = cf(0.000000, -0.000000, 0.000000, 0.999970, -0.007272, 0.002786, 0.007238, 0.999901, 0.012105, -0.002874, -0.012085, 0.999923)
Head_k9_HumanoidRootPart_Torso_Head.Parent = Torso_k9_HumanoidRootPart_Torso



-- Keyframe 10 (Time: 0.18000000715255737)
 keyframe10 = Instance.new("Keyframe")
keyframe10.Time = 0.18000000715255737
keyframe10.Parent = KeyframeSequence

--HumanoidRootPart
 HumanoidRootPart_k10_HumanoidRootPart = Instance.new("Pose")
HumanoidRootPart_k10_HumanoidRootPart.Name = "HumanoidRootPart"
HumanoidRootPart_k10_HumanoidRootPart.CFrame = cf(0.000000, 0.000000, 0.000000, 1.000000, 0.000000, 0.000000, 0.000000, 1.000000, 0.000000, 0.000000, 0.000000, 1.000000)
HumanoidRootPart_k10_HumanoidRootPart.Parent = keyframe10



--Torso
 Torso_k10_HumanoidRootPart_Torso = Instance.new("Pose")
Torso_k10_HumanoidRootPart_Torso.Name = "Torso"
Torso_k10_HumanoidRootPart_Torso.CFrame = cf(-0.008783, 0.128069, -0.094025, 0.998880, -0.046030, -0.010979, 0.047195, 0.985974, 0.160087, 0.003456, -0.160426, 0.987042)
Torso_k10_HumanoidRootPart_Torso.Parent = HumanoidRootPart_k10_HumanoidRootPart



--Left Leg
 Left_Leg_k10_HumanoidRootPart_Torso = Instance.new("Pose")
Left_Leg_k10_HumanoidRootPart_Torso.Name = "Left Leg"
Left_Leg_k10_HumanoidRootPart_Torso.CFrame = cf(-0.828322, -0.144005, 0.020293, 0.564880, -0.825000, 0.016931, 0.824070, 0.565067, 0.040104, -0.042653, -0.008702, 0.999052)
Left_Leg_k10_HumanoidRootPart_Torso.Parent = Torso_k10_HumanoidRootPart_Torso



--Right Leg
 Right_Leg_k10_HumanoidRootPart_Torso = Instance.new("Pose")
Right_Leg_k10_HumanoidRootPart_Torso.Name = "Right Leg"
Right_Leg_k10_HumanoidRootPart_Torso.CFrame = cf(0.290492, -0.017550, 0.066890, 0.867515, 0.461799, -0.184823, -0.451463, 0.886984, 0.097160, 0.208804, -0.000847, 0.977957)
Right_Leg_k10_HumanoidRootPart_Torso.Parent = Torso_k10_HumanoidRootPart_Torso



--Left Arm
 Left_Arm_k10_HumanoidRootPart_Torso = Instance.new("Pose")
Left_Arm_k10_HumanoidRootPart_Torso.Name = "Left Arm"
Left_Arm_k10_HumanoidRootPart_Torso.CFrame = cf(0.030192, -0.287657, -0.035513, 0.925381, 0.370153, 0.081588, -0.374486, 0.926095, 0.045916, -0.058562, -0.073044, 0.995608)
Left_Arm_k10_HumanoidRootPart_Torso.Parent = Torso_k10_HumanoidRootPart_Torso



--Right Arm
 Right_Arm_k10_HumanoidRootPart_Torso = Instance.new("Pose")
Right_Arm_k10_HumanoidRootPart_Torso.Name = "Right Arm"
Right_Arm_k10_HumanoidRootPart_Torso.CFrame = cf(-0.189135, -0.129804, -0.009607, 0.998514, -0.054471, -0.001759, 0.054485, 0.996970, 0.055522, -0.001271, -0.055536, 0.998456)
Right_Arm_k10_HumanoidRootPart_Torso.Parent = Torso_k10_HumanoidRootPart_Torso



--Head
 Head_k10_HumanoidRootPart_Torso_Head = Instance.new("Pose")
Head_k10_HumanoidRootPart_Torso_Head.Name = "Head"
Head_k10_HumanoidRootPart_Torso_Head.CFrame = cf(0.000000, 0.000000, 0.000000, 0.998849, 0.047010, 0.009549, -0.047123, 0.998818, 0.011952, -0.008975, -0.012388, 0.999883)
Head_k10_HumanoidRootPart_Torso_Head.Parent = Torso_k10_HumanoidRootPart_Torso



-- Keyframe 11 (Time: 0.20000000298023224)
 keyframe11 = Instance.new("Keyframe")
keyframe11.Time = 0.20000000298023224
keyframe11.Parent = KeyframeSequence

--HumanoidRootPart
 HumanoidRootPart_k11_HumanoidRootPart = Instance.new("Pose")
HumanoidRootPart_k11_HumanoidRootPart.Name = "HumanoidRootPart"
HumanoidRootPart_k11_HumanoidRootPart.CFrame = cf(0.000000, 0.000000, 0.000000, 1.000000, 0.000000, 0.000000, 0.000000, 1.000000, 0.000000, 0.000000, 0.000000, 1.000000)
HumanoidRootPart_k11_HumanoidRootPart.Parent = keyframe11



--Torso
 Torso_k11_HumanoidRootPart_Torso = Instance.new("Pose")
Torso_k11_HumanoidRootPart_Torso.Name = "Torso"
Torso_k11_HumanoidRootPart_Torso.CFrame = cf(-0.015328, 0.127610, -0.076429, 0.995489, -0.092922, -0.019161, 0.094793, 0.982634, 0.159513, 0.004005, -0.160610, 0.987010)
Torso_k11_HumanoidRootPart_Torso.Parent = HumanoidRootPart_k11_HumanoidRootPart



--Left Leg
 Left_Leg_k11_HumanoidRootPart_Torso = Instance.new("Pose")
Left_Leg_k11_HumanoidRootPart_Torso.Name = "Left Leg"
Left_Leg_k11_HumanoidRootPart_Torso.CFrame = cf(-0.910862, 0.004384, -0.031592, 0.675135, -0.736864, -0.034995, 0.737621, 0.674975, 0.017971, 0.010379, -0.037946, 0.999226)
Left_Leg_k11_HumanoidRootPart_Torso.Parent = Torso_k11_HumanoidRootPart_Torso



--Right Leg
 Right_Leg_k11_HumanoidRootPart_Torso = Instance.new("Pose")
Right_Leg_k11_HumanoidRootPart_Torso.Name = "Right Leg"
Right_Leg_k11_HumanoidRootPart_Torso.CFrame = cf(0.222139, -0.064672, 0.072105, 0.816382, 0.532529, -0.223456, -0.518605, 0.846256, 0.122065, 0.254104, 0.016233, 0.967041)
Right_Leg_k11_HumanoidRootPart_Torso.Parent = Torso_k11_HumanoidRootPart_Torso



--Left Arm
 Left_Arm_k11_HumanoidRootPart_Torso = Instance.new("Pose")
Left_Arm_k11_HumanoidRootPart_Torso.Name = "Left Arm"
Left_Arm_k11_HumanoidRootPart_Torso.CFrame = cf(0.050908, -0.270045, -0.033172, 0.936393, 0.341045, 0.082798, -0.346593, 0.935727, 0.065485, -0.055143, -0.090017, 0.994413)
Left_Arm_k11_HumanoidRootPart_Torso.Parent = Torso_k11_HumanoidRootPart_Torso



--Right Arm
 Right_Arm_k11_HumanoidRootPart_Torso = Instance.new("Pose")
Right_Arm_k11_HumanoidRootPart_Torso.Name = "Right Arm"
Right_Arm_k11_HumanoidRootPart_Torso.CFrame = cf(-0.165258, -0.124501, -0.009391, 0.991043, -0.132209, 0.018839, 0.131227, 0.990273, 0.046258, -0.024772, -0.043372, 0.998752)
Right_Arm_k11_HumanoidRootPart_Torso.Parent = Torso_k11_HumanoidRootPart_Torso



--Head
 Head_k11_HumanoidRootPart_Torso_Head = Instance.new("Pose")
Head_k11_HumanoidRootPart_Torso_Head.Name = "Head"
Head_k11_HumanoidRootPart_Torso_Head.CFrame = cf(0.000000, -0.000000, 0.000000, 0.995338, 0.094228, 0.020567, -0.094474, 0.995463, 0.011329, -0.019406, -0.013219, 0.999724)
Head_k11_HumanoidRootPart_Torso_Head.Parent = Torso_k11_HumanoidRootPart_Torso



-- Keyframe 12 (Time: 0.2199999988079071)
 keyframe12 = Instance.new("Keyframe")
keyframe12.Time = 0.2199999988079071
keyframe12.Parent = KeyframeSequence

--HumanoidRootPart
 HumanoidRootPart_k12_HumanoidRootPart = Instance.new("Pose")
HumanoidRootPart_k12_HumanoidRootPart.Name = "HumanoidRootPart"
HumanoidRootPart_k12_HumanoidRootPart.CFrame = cf(0.000000, 0.000000, 0.000000, 1.000000, 0.000000, 0.000000, 0.000000, 1.000000, 0.000000, 0.000000, 0.000000, 1.000000)
HumanoidRootPart_k12_HumanoidRootPart.Parent = keyframe12



--Torso
 Torso_k12_HumanoidRootPart_Torso = Instance.new("Pose")
Torso_k12_HumanoidRootPart_Torso.Name = "Torso"
Torso_k12_HumanoidRootPart_Torso.CFrame = cf(-0.018793, 0.129297, -0.077040, 0.991236, -0.130000, -0.023491, 0.132091, 0.977973, 0.161621, 0.001963, -0.163307, 0.986573)
Torso_k12_HumanoidRootPart_Torso.Parent = HumanoidRootPart_k12_HumanoidRootPart



--Left Leg
 Left_Leg_k12_HumanoidRootPart_Torso = Instance.new("Pose")
Left_Leg_k12_HumanoidRootPart_Torso.Name = "Left Leg"
Left_Leg_k12_HumanoidRootPart_Torso.CFrame = cf(-0.927258, 0.153749, -0.071669, 0.783111, -0.616947, -0.078191, 0.619031, 0.785361, 0.003118, 0.059484, -0.050844, 0.996934)
Left_Leg_k12_HumanoidRootPart_Torso.Parent = Torso_k12_HumanoidRootPart_Torso



--Right Leg
 Right_Leg_k12_HumanoidRootPart_Torso = Instance.new("Pose")
Right_Leg_k12_HumanoidRootPart_Torso.Name = "Right Leg"
Right_Leg_k12_HumanoidRootPart_Torso.CFrame = cf(0.182902, -0.117975, 0.078523, 0.754614, 0.605664, -0.252446, -0.590102, 0.794643, 0.142555, 0.286945, 0.041395, 0.957052)
Right_Leg_k12_HumanoidRootPart_Torso.Parent = Torso_k12_HumanoidRootPart_Torso



--Left Arm
 Left_Arm_k12_HumanoidRootPart_Torso = Instance.new("Pose")
Left_Arm_k12_HumanoidRootPart_Torso.Name = "Left Arm"
Left_Arm_k12_HumanoidRootPart_Torso.CFrame = cf(0.070493, -0.252174, -0.029518, 0.949671, 0.302339, 0.081950, -0.308865, 0.947384, 0.084060, -0.052224, -0.105141, 0.993085)
Left_Arm_k12_HumanoidRootPart_Torso.Parent = Torso_k12_HumanoidRootPart_Torso



--Right Arm
 Right_Arm_k12_HumanoidRootPart_Torso = Instance.new("Pose")
Right_Arm_k12_HumanoidRootPart_Torso.Name = "Right Arm"
Right_Arm_k12_HumanoidRootPart_Torso.CFrame = cf(-0.132719, -0.117608, -0.008802, 0.976697, -0.208634, 0.050340, 0.206655, 0.977520, 0.041806, -0.057931, -0.030429, 0.997857)
Right_Arm_k12_HumanoidRootPart_Torso.Parent = Torso_k12_HumanoidRootPart_Torso



--Head
 Head_k12_HumanoidRootPart_Torso_Head = Instance.new("Pose")
Head_k12_HumanoidRootPart_Torso_Head.Name = "Head"
Head_k12_HumanoidRootPart_Torso_Head.CFrame = cf(0.000000, 0.000000, -0.000000, 0.991293, 0.128620, 0.028190, -0.128959, 0.991594, 0.010544, -0.026596, -0.014088, 0.999547)
Head_k12_HumanoidRootPart_Torso_Head.Parent = Torso_k12_HumanoidRootPart_Torso



-- Keyframe 13 (Time: 0.23999999463558197)
 keyframe13 = Instance.new("Keyframe")
keyframe13.Time = 0.23999999463558197
keyframe13.Parent = KeyframeSequence

--HumanoidRootPart
 HumanoidRootPart_k13_HumanoidRootPart = Instance.new("Pose")
HumanoidRootPart_k13_HumanoidRootPart.Name = "HumanoidRootPart"
HumanoidRootPart_k13_HumanoidRootPart.CFrame = cf(0.000000, 0.000000, 0.000000, 1.000000, 0.000000, 0.000000, 0.000000, 1.000000, 0.000000, 0.000000, 0.000000, 1.000000)
HumanoidRootPart_k13_HumanoidRootPart.Parent = keyframe13



--Torso
 Torso_k13_HumanoidRootPart_Torso = Instance.new("Pose")
Torso_k13_HumanoidRootPart_Torso.Name = "Torso"
Torso_k13_HumanoidRootPart_Torso.CFrame = cf(-0.021721, 0.134464, -0.079816, 0.987132, -0.157584, -0.027151, 0.159906, 0.972717, 0.168080, -0.000076, -0.170259, 0.985399)
Torso_k13_HumanoidRootPart_Torso.Parent = HumanoidRootPart_k13_HumanoidRootPart



--Left Leg
 Left_Leg_k13_HumanoidRootPart_Torso = Instance.new("Pose")
Left_Leg_k13_HumanoidRootPart_Torso.Name = "Left Leg"
Left_Leg_k13_HumanoidRootPart_Torso.CFrame = cf(-0.896805, 0.269663, -0.096330, 0.868993, -0.481822, -0.112687, 0.484106, 0.874973, -0.007950, 0.102429, -0.047644, 0.993599)
Left_Leg_k13_HumanoidRootPart_Torso.Parent = Torso_k13_HumanoidRootPart_Torso



--Right Leg
 Right_Leg_k13_HumanoidRootPart_Torso = Instance.new("Pose")
Right_Leg_k13_HumanoidRootPart_Torso.Name = "Right Leg"
Right_Leg_k13_HumanoidRootPart_Torso.CFrame = cf(0.133617, -0.162536, 0.077203, 0.698864, 0.661549, -0.271924, -0.644751, 0.747263, 0.160919, 0.309655, 0.062863, 0.948769)
Right_Leg_k13_HumanoidRootPart_Torso.Parent = Torso_k13_HumanoidRootPart_Torso



--Left Arm
 Left_Arm_k13_HumanoidRootPart_Torso = Instance.new("Pose")
Left_Arm_k13_HumanoidRootPart_Torso.Name = "Left Arm"
Left_Arm_k13_HumanoidRootPart_Torso.CFrame = cf(0.088917, -0.234233, -0.024752, 0.963664, 0.255164, 0.079020, -0.262412, 0.959601, 0.101518, -0.049924, -0.118565, 0.991691)
Left_Arm_k13_HumanoidRootPart_Torso.Parent = Torso_k13_HumanoidRootPart_Torso



--Right Arm
 Right_Arm_k13_HumanoidRootPart_Torso = Instance.new("Pose")
Right_Arm_k13_HumanoidRootPart_Torso.Name = "Right Arm"
Right_Arm_k13_HumanoidRootPart_Torso.CFrame = cf(-0.095486, -0.110714, -0.007656, 0.955538, -0.280938, 0.089561, 0.278184, 0.959603, 0.042138, -0.097782, -0.015350, 0.995089)
Right_Arm_k13_HumanoidRootPart_Torso.Parent = Torso_k13_HumanoidRootPart_Torso



--Head
 Head_k13_HumanoidRootPart_Torso_Head = Instance.new("Pose")
Head_k13_HumanoidRootPart_Torso_Head.Name = "Head"
Head_k13_HumanoidRootPart_Torso_Head.CFrame = cf(0.000000, -0.000000, 0.000000, 0.987853, 0.151711, 0.033623, -0.152117, 0.988314, 0.009830, -0.031738, -0.014825, 0.999386)
Head_k13_HumanoidRootPart_Torso_Head.Parent = Torso_k13_HumanoidRootPart_Torso



-- Keyframe 14 (Time: 0.25999999046325684)
 keyframe14 = Instance.new("Keyframe")
keyframe14.Time = 0.25999999046325684
keyframe14.Parent = KeyframeSequence

--HumanoidRootPart
 HumanoidRootPart_k14_HumanoidRootPart = Instance.new("Pose")
HumanoidRootPart_k14_HumanoidRootPart.Name = "HumanoidRootPart"
HumanoidRootPart_k14_HumanoidRootPart.CFrame = cf(0.000000, 0.000000, 0.000000, 1.000000, 0.000000, 0.000000, 0.000000, 1.000000, 0.000000, 0.000000, 0.000000, 1.000000)
HumanoidRootPart_k14_HumanoidRootPart.Parent = keyframe14



--Torso
 Torso_k14_HumanoidRootPart_Torso = Instance.new("Pose")
Torso_k14_HumanoidRootPart_Torso.Name = "Torso"
Torso_k14_HumanoidRootPart_Torso.CFrame = cf(-0.024265, 0.142062, -0.086207, 0.983642, -0.177564, -0.030332, 0.180123, 0.967482, 0.177578, -0.002186, -0.180136, 0.983639)
Torso_k14_HumanoidRootPart_Torso.Parent = HumanoidRootPart_k14_HumanoidRootPart



--Left Leg
 Left_Leg_k14_HumanoidRootPart_Torso = Instance.new("Pose")
Left_Leg_k14_HumanoidRootPart_Torso.Name = "Left Leg"
Left_Leg_k14_HumanoidRootPart_Torso.CFrame = cf(-0.840177, 0.340401, -0.108171, 0.928319, -0.344511, -0.139776, 0.345795, 0.938178, -0.015774, 0.136569, -0.033690, 0.990058)
Left_Leg_k14_HumanoidRootPart_Torso.Parent = Torso_k14_HumanoidRootPart_Torso



--Right Leg
 Right_Leg_k14_HumanoidRootPart_Torso = Instance.new("Pose")
Right_Leg_k14_HumanoidRootPart_Torso.Name = "Right Leg"
Right_Leg_k14_HumanoidRootPart_Torso.CFrame = cf(0.071601, -0.185347, 0.066613, 0.656354, 0.698997, -0.283907, -0.680870, 0.710896, 0.176191, 0.324985, 0.077660, 0.942525)
Right_Leg_k14_HumanoidRootPart_Torso.Parent = Torso_k14_HumanoidRootPart_Torso



--Left Arm
 Left_Arm_k14_HumanoidRootPart_Torso = Instance.new("Pose")
Left_Arm_k14_HumanoidRootPart_Torso.Name = "Left Arm"
Left_Arm_k14_HumanoidRootPart_Torso.CFrame = cf(0.106154, -0.216419, -0.019076, 0.976827, 0.200803, 0.074073, -0.208511, 0.970914, 0.117681, -0.048287, -0.130399, 0.990285)
Left_Arm_k14_HumanoidRootPart_Torso.Parent = Torso_k14_HumanoidRootPart_Torso



--Right Arm
 Right_Arm_k14_HumanoidRootPart_Torso = Instance.new("Pose")
Right_Arm_k14_HumanoidRootPart_Torso.Name = "Right Arm"
Right_Arm_k14_HumanoidRootPart_Torso.CFrame = cf(-0.057528, -0.105412, -0.005766, 0.928516, -0.346511, 0.133375, 0.343376, 0.938043, 0.046574, -0.141250, 0.002553, 0.989971)
Right_Arm_k14_HumanoidRootPart_Torso.Parent = Torso_k14_HumanoidRootPart_Torso



--Head
 Head_k14_HumanoidRootPart_Torso_Head = Instance.new("Pose")
Head_k14_HumanoidRootPart_Torso_Head.Name = "Head"
Head_k14_HumanoidRootPart_Torso_Head.CFrame = cf(0.000000, 0.000000, 0.000000, 0.985283, 0.166822, 0.037255, -0.167272, 0.985867, 0.009277, -0.035180, -0.015372, 0.999263)
Head_k14_HumanoidRootPart_Torso_Head.Parent = Torso_k14_HumanoidRootPart_Torso



-- Keyframe 15 (Time: 0.2800000011920929)
 keyframe15 = Instance.new("Keyframe")
keyframe15.Time = 0.2800000011920929
keyframe15.Parent = KeyframeSequence

--HumanoidRootPart
 HumanoidRootPart_k15_HumanoidRootPart = Instance.new("Pose")
HumanoidRootPart_k15_HumanoidRootPart.Name = "HumanoidRootPart"
HumanoidRootPart_k15_HumanoidRootPart.CFrame = cf(0.000000, 0.000000, 0.000000, 1.000000, 0.000000, 0.000000, 0.000000, 1.000000, 0.000000, 0.000000, 0.000000, 1.000000)
HumanoidRootPart_k15_HumanoidRootPart.Parent = keyframe15



--Torso
 Torso_k15_HumanoidRootPart_Torso = Instance.new("Pose")
Torso_k15_HumanoidRootPart_Torso.Name = "Torso"
Torso_k15_HumanoidRootPart_Torso.CFrame = cf(-0.026493, 0.151019, -0.097651, 0.980873, -0.191813, -0.033117, 0.194602, 0.962546, 0.188774, -0.004333, -0.191608, 0.981462)
Torso_k15_HumanoidRootPart_Torso.Parent = HumanoidRootPart_k15_HumanoidRootPart



--Left Leg
 Left_Leg_k15_HumanoidRootPart_Torso = Instance.new("Pose")
