-- KeyframeSequence Export: mesmerizer
-- Generated on 2025-08-30 16:08:22

local KeyframeSequence = Instance.new("KeyframeSequence")
KeyframeSequence.Name = "Mesmerizer"
local CFrame=CFrame.new

-- Keyframe 1 (Time: 0)
local keyframe1 = Instance.new("Keyframe")
keyframe1.Time = 0
keyframe1.Parent = KeyframeSequence

--HumanoidRootPart
local HumanoidRootPart_k1_HumanoidRootPart = Instance.new("Pose")
HumanoidRootPart_k1_HumanoidRootPart.Name = "HumanoidRootPart"
HumanoidRootPart_k1_HumanoidRootPart.CFrame = CFrame(0.000000, 0.000000, 0.000000, 1.000000, 0.000000, 0.000000, 0.000000, 1.000000, 0.000000, 0.000000, 0.000000, 1.000000)
HumanoidRootPart_k1_HumanoidRootPart.Parent = keyframe1



--Torso
local Torso_k1_HumanoidRootPart_Torso = Instance.new("Pose")
Torso_k1_HumanoidRootPart_Torso.Name = "Torso"
Torso_k1_HumanoidRootPart_Torso.CFrame = CFrame(0.023834, 0.002994, -0.154681, 0.909881, -0.409510, 0.066473, 0.414034, 0.906484, -0.082844, -0.026331, 0.102901, 0.994343)
Torso_k1_HumanoidRootPart_Torso.Parent = HumanoidRootPart_k1_HumanoidRootPart



--Left Leg
local Left_Leg_k1_HumanoidRootPart_Torso_Left_Leg = Instance.new("Pose")
Left_Leg_k1_HumanoidRootPart_Torso_Left_Leg.Name = "Left Leg"
Left_Leg_k1_HumanoidRootPart_Torso_Left_Leg.CFrame = CFrame(-0.036300, -0.493607, 0.389687, -0.111715, -0.704064, 0.701295, 0.983569, 0.022370, 0.179139, -0.141814, 0.709784, 0.689996)
Left_Leg_k1_HumanoidRootPart_Torso_Left_Leg.Parent = Torso_k1_HumanoidRootPart_Torso



--Right Arm
local Right_Arm_k1_HumanoidRootPart_Torso_Right_Arm = Instance.new("Pose")
Right_Arm_k1_HumanoidRootPart_Torso_Right_Arm.Name = "Right Arm"
Right_Arm_k1_HumanoidRootPart_Torso_Right_Arm.CFrame = CFrame(0.078242, 0.267526, 0.513757, 0.746523, -0.073444, -0.661294, 0.499551, -0.594627, 0.629975, -0.439491, -0.800640, -0.407213)
Right_Arm_k1_HumanoidRootPart_Torso_Right_Arm.Parent = Torso_k1_HumanoidRootPart_Torso



--Left Arm
local Left_Arm_k1_HumanoidRootPart_Torso_Left_Arm = Instance.new("Pose")
Left_Arm_k1_HumanoidRootPart_Torso_Left_Arm.Name = "Left Arm"
Left_Arm_k1_HumanoidRootPart_Torso_Left_Arm.CFrame = CFrame(-0.201228, 0.255024, 0.280416, -0.023356, 0.513395, 0.857834, -0.967060, -0.229159, 0.110817, 0.253473, -0.826989, 0.501836)
Left_Arm_k1_HumanoidRootPart_Torso_Left_Arm.Parent = Torso_k1_HumanoidRootPart_Torso



--Head
local Head_k1_HumanoidRootPart_Torso_Head = Instance.new("Pose")
Head_k1_HumanoidRootPart_Torso_Head.Name = "Head"
Head_k1_HumanoidRootPart_Torso_Head.CFrame = CFrame(0.000000, -0.000000, 0.000000, 0.962218, 0.219132, 0.161611, -0.214847, 0.975667, -0.043754, -0.167266, 0.007379, 0.985884)
Head_k1_HumanoidRootPart_Torso_Head.Parent = Torso_k1_HumanoidRootPart_Torso



--Right Leg
local Right_Leg_k1_HumanoidRootPart_Torso_Right_Leg = Instance.new("Pose")
Right_Leg_k1_HumanoidRootPart_Torso_Right_Leg.Name = "Right Leg"
Right_Leg_k1_HumanoidRootPart_Torso_Right_Leg.CFrame = CFrame(0.371527, 0.040301, 0.002729, 0.984055, 0.177800, -0.004783, -0.177862, 0.983836, -0.020777, 0.001012, 0.021296, 0.999773)
Right_Leg_k1_HumanoidRootPart_Torso_Right_Leg.Parent = Torso_k1_HumanoidRootPart_Torso



-- Keyframe 2 (Time: 0.03333333507180214)
 keyframe2 = Instance.new("Keyframe")
keyframe2.Time = 0.03333333507180214
keyframe2.Parent = KeyframeSequence

--HumanoidRootPart
 HumanoidRootPart_k2_HumanoidRootPart = Instance.new("Pose")
HumanoidRootPart_k2_HumanoidRootPart.Name = "HumanoidRootPart"
HumanoidRootPart_k2_HumanoidRootPart.CFrame = CFrame(0.000000, 0.000000, 0.000000, 1.000000, 0.000000, 0.000000, 0.000000, 1.000000, 0.000000, 0.000000, 0.000000, 1.000000)
HumanoidRootPart_k2_HumanoidRootPart.Parent = keyframe2



--Torso
 Torso_k2_HumanoidRootPart_Torso = Instance.new("Pose")
Torso_k2_HumanoidRootPart_Torso.Name = "Torso"
Torso_k2_HumanoidRootPart_Torso.CFrame = CFrame(0.025668, 0.002994, -0.122770, 0.910203, -0.411254, 0.048998, 0.414034, 0.906484, -0.082844, -0.010346, 0.095692, 0.995357)
Torso_k2_HumanoidRootPart_Torso.Parent = HumanoidRootPart_k2_HumanoidRootPart



--Left Leg
 Left_Leg_k2_HumanoidRootPart_Torso_Left_Leg = Instance.new("Pose")
Left_Leg_k2_HumanoidRootPart_Torso_Left_Leg.Name = "Left Leg"
Left_Leg_k2_HumanoidRootPart_Torso_Left_Leg.CFrame = CFrame(-0.036626, -0.518314, 0.364216, -0.101010, -0.709445, 0.697484, 0.988139, 0.009965, 0.153238, -0.115665, 0.704690, 0.700024)
Left_Leg_k2_HumanoidRootPart_Torso_Left_Leg.Parent = Torso_k2_HumanoidRootPart_Torso



--Right Arm
 Right_Arm_k2_HumanoidRootPart_Torso_Right_Arm = Instance.new("Pose")
Right_Arm_k2_HumanoidRootPart_Torso_Right_Arm.Name = "Right Arm"
Right_Arm_k2_HumanoidRootPart_Torso_Right_Arm.CFrame = CFrame(0.087286, 0.300612, 0.494442, 0.731552, -0.096513, -0.674921, 0.470232, -0.645375, 0.601975, -0.493675, -0.757745, -0.426741)
Right_Arm_k2_HumanoidRootPart_Torso_Right_Arm.Parent = Torso_k2_HumanoidRootPart_Torso



--Left Arm
 Left_Arm_k2_HumanoidRootPart_Torso_Left_Arm = Instance.new("Pose")
Left_Arm_k2_HumanoidRootPart_Torso_Left_Arm.Name = "Left Arm"
Left_Arm_k2_HumanoidRootPart_Torso_Left_Arm.CFrame = CFrame(-0.195093, 0.286493, 0.273886, -0.061833, 0.498059, 0.864936, -0.945097, -0.307828, 0.109694, 0.320886, -0.810666, 0.489748)
Left_Arm_k2_HumanoidRootPart_Torso_Left_Arm.Parent = Torso_k2_HumanoidRootPart_Torso



--Head
 Head_k2_HumanoidRootPart_Torso_Head = Instance.new("Pose")
Head_k2_HumanoidRootPart_Torso_Head.Name = "Head"
Head_k2_HumanoidRootPart_Torso_Head.CFrame = CFrame(0.000000, 0.000000, 0.000000, 0.964090, 0.218148, 0.151468, -0.214701, 0.975903, -0.038955, -0.156316, 0.005036, 0.987694)
Head_k2_HumanoidRootPart_Torso_Head.Parent = Torso_k2_HumanoidRootPart_Torso



--Right Leg
 Right_Leg_k2_HumanoidRootPart_Torso_Right_Leg = Instance.new("Pose")
Right_Leg_k2_HumanoidRootPart_Torso_Right_Leg.Name = "Right Leg"
Right_Leg_k2_HumanoidRootPart_Torso_Right_Leg.CFrame = CFrame(0.306320, 0.036551, 0.004411, 0.988168, 0.152656, -0.014846, -0.152590, 0.988274, 0.005460, 0.015506, -0.003130, 0.999875)
Right_Leg_k2_HumanoidRootPart_Torso_Right_Leg.Parent = Torso_k2_HumanoidRootPart_Torso



-- Keyframe 3 (Time: 0.06666667014360428)
 keyframe3 = Instance.new("Keyframe")
keyframe3.Time = 0.06666667014360428
keyframe3.Parent = KeyframeSequence

--HumanoidRootPart
 HumanoidRootPart_k3_HumanoidRootPart = Instance.new("Pose")
HumanoidRootPart_k3_HumanoidRootPart.Name = "HumanoidRootPart"
HumanoidRootPart_k3_HumanoidRootPart.CFrame = CFrame(0.000000, 0.000000, 0.000000, 1.000000, 0.000000, 0.000000, 0.000000, 1.000000, 0.000000, 0.000000, 0.000000, 1.000000)
HumanoidRootPart_k3_HumanoidRootPart.Parent = keyframe3



--Torso
 Torso_k3_HumanoidRootPart_Torso = Instance.new("Pose")
Torso_k3_HumanoidRootPart_Torso.Name = "Torso"
Torso_k3_HumanoidRootPart_Torso.CFrame = CFrame(0.029703, 0.002994, -0.066649, 0.910089, -0.414009, 0.018295, 0.414034, 0.906484, -0.082844, 0.017714, 0.082971, 0.996395)
Torso_k3_HumanoidRootPart_Torso.Parent = HumanoidRootPart_k3_HumanoidRootPart



--Left Leg
 Left_Leg_k3_HumanoidRootPart_Torso_Left_Leg = Instance.new("Pose")
Left_Leg_k3_HumanoidRootPart_Torso_Left_Leg.Name = "Left Leg"
Left_Leg_k3_HumanoidRootPart_Torso_Left_Leg.CFrame = CFrame(-0.040577, -0.567120, 0.317433, -0.088855, -0.720342, 0.687904, 0.994270, -0.022941, 0.104405, -0.059426, 0.693239, 0.718253)
Left_Leg_k3_HumanoidRootPart_Torso_Left_Leg.Parent = Torso_k3_HumanoidRootPart_Torso



--Right Arm
 Right_Arm_k3_HumanoidRootPart_Torso_Right_Arm = Instance.new("Pose")
Right_Arm_k3_HumanoidRootPart_Torso_Right_Arm.Name = "Right Arm"
Right_Arm_k3_HumanoidRootPart_Torso_Right_Arm.CFrame = CFrame(0.103680, 0.366243, 0.450270, 0.689722, -0.138508, -0.710703, 0.405648, -0.739125, 0.537721, -0.599777, -0.659173, -0.453606)
Right_Arm_k3_HumanoidRootPart_Torso_Right_Arm.Parent = Torso_k3_HumanoidRootPart_Torso



--Left Arm
 Left_Arm_k3_HumanoidRootPart_Torso_Left_Arm = Instance.new("Pose")
Left_Arm_k3_HumanoidRootPart_Torso_Left_Arm.Name = "Left Arm"
Left_Arm_k3_HumanoidRootPart_Torso_Left_Arm.CFrame = CFrame(-0.180129, 0.339248, 0.258023, -0.130005, 0.460648, 0.878010, -0.892717, -0.439717, 0.098515, 0.431457, -0.771007, 0.468394)
Left_Arm_k3_HumanoidRootPart_Torso_Left_Arm.Parent = Torso_k3_HumanoidRootPart_Torso



--Head
 Head_k3_HumanoidRootPart_Torso_Head = Instance.new("Pose")
Head_k3_HumanoidRootPart_Torso_Head.Name = "Head"
Head_k3_HumanoidRootPart_Torso_Head.CFrame = CFrame(0.000000, 0.000000, 0.000000, 0.967810, 0.216067, 0.129070, -0.214192, 0.976379, -0.028402, -0.132158, -0.000158, 0.991229)
Head_k3_HumanoidRootPart_Torso_Head.Parent = Torso_k3_HumanoidRootPart_Torso



--Right Leg
 Right_Leg_k3_HumanoidRootPart_Torso_Right_Leg = Instance.new("Pose")
Right_Leg_k3_HumanoidRootPart_Torso_Right_Leg.Name = "Right Leg"
Right_Leg_k3_HumanoidRootPart_Torso_Right_Leg.CFrame = CFrame(0.126667, 0.032529, 0.003288, 0.996977, 0.070848, -0.031901, -0.069138, 0.996259, 0.051855, 0.035455, -0.049493, 0.998145)
Right_Leg_k3_HumanoidRootPart_Torso_Right_Leg.Parent = Torso_k3_HumanoidRootPart_Torso



-- Keyframe 4 (Time: 0.10000000149011612)
 keyframe4 = Instance.new("Keyframe")
keyframe4.Time = 0.10000000149011612
keyframe4.Parent = KeyframeSequence

--HumanoidRootPart
 HumanoidRootPart_k4_HumanoidRootPart = Instance.new("Pose")
HumanoidRootPart_k4_HumanoidRootPart.Name = "HumanoidRootPart"
HumanoidRootPart_k4_HumanoidRootPart.CFrame = CFrame(0.000000, 0.000000, 0.000000, 1.000000, 0.000000, 0.000000, 0.000000, 1.000000, 0.000000, 0.000000, 0.000000, 1.000000)
HumanoidRootPart_k4_HumanoidRootPart.Parent = keyframe4



--Torso
 Torso_k4_HumanoidRootPart_Torso = Instance.new("Pose")
Torso_k4_HumanoidRootPart_Torso.Name = "Torso"
Torso_k4_HumanoidRootPart_Torso.CFrame = CFrame(0.033738, 0.002994, -0.034004, 0.909630, -0.415419, 0.000566, 0.414034, 0.906484, -0.082844, 0.033902, 0.075592, 0.996562)
Torso_k4_HumanoidRootPart_Torso.Parent = HumanoidRootPart_k4_HumanoidRootPart



--Left Leg
 Left_Leg_k4_HumanoidRootPart_Torso_Left_Leg = Instance.new("Pose")
Left_Leg_k4_HumanoidRootPart_Torso_Left_Leg.Name = "Left Leg"
Left_Leg_k4_HumanoidRootPart_Torso_Left_Leg.CFrame = CFrame(-0.051832, -0.614736, 0.284730, -0.095157, -0.730603, 0.676139, 0.995460, -0.068270, 0.066328, -0.002300, 0.679381, 0.733782)
Left_Leg_k4_HumanoidRootPart_Torso_Left_Leg.Parent = Torso_k4_HumanoidRootPart_Torso



--Right Arm
 Right_Arm_k4_HumanoidRootPart_Torso_Right_Arm = Instance.new("Pose")
Right_Arm_k4_HumanoidRootPart_Torso_Right_Arm.Name = "Right Arm"
Right_Arm_k4_HumanoidRootPart_Torso_Right_Arm.CFrame = CFrame(0.114419, 0.422059, 0.407746, 0.636689, -0.166367, -0.752961, 0.349257, -0.808339, 0.473928, -0.687493, -0.564722, -0.456555)
Right_Arm_k4_HumanoidRootPart_Torso_Right_Arm.Parent = Torso_k4_HumanoidRootPart_Torso



--Left Arm
 Left_Arm_k4_HumanoidRootPart_Torso_Left_Arm = Instance.new("Pose")
Left_Arm_k4_HumanoidRootPart_Torso_Left_Arm.Name = "Left Arm"
Left_Arm_k4_HumanoidRootPart_Torso_Left_Arm.CFrame = CFrame(-0.168621, 0.367588, 0.247023, -0.173525, 0.431877, 0.885083, -0.855984, -0.510568, 0.081312, 0.487012, -0.743507, 0.458276)
Left_Arm_k4_HumanoidRootPart_Torso_Left_Arm.Parent = Torso_k4_HumanoidRootPart_Torso



--Head
 Head_k4_HumanoidRootPart_Torso_Head = Instance.new("Pose")
Head_k4_HumanoidRootPart_Torso_Head.Name = "Head"
Head_k4_HumanoidRootPart_Torso_Head.CFrame = CFrame(0.000000, 0.000000, 0.000000, 0.970979, 0.214103, 0.106578, -0.213425, 0.976796, -0.017863, -0.107930, -0.005402, 0.994144)
Head_k4_HumanoidRootPart_Torso_Head.Parent = Torso_k4_HumanoidRootPart_Torso



--Right Leg
 Right_Leg_k4_HumanoidRootPart_Torso_Right_Leg = Instance.new("Pose")
Right_Leg_k4_HumanoidRootPart_Torso_Right_Leg.Name = "Right Leg"
Right_Leg_k4_HumanoidRootPart_Torso_Right_Leg.CFrame = CFrame(-0.016529, 0.039725, -0.001835, 0.999122, 0.001215, -0.041888, 0.002117, 0.996839, 0.079420, 0.041852, -0.079439, 0.995961)
Right_Leg_k4_HumanoidRootPart_Torso_Right_Leg.Parent = Torso_k4_HumanoidRootPart_Torso



-- Keyframe 5 (Time: 0.13333334028720856)
 keyframe5 = Instance.new("Keyframe")
keyframe5.Time = 0.13333334028720856
keyframe5.Parent = KeyframeSequence

--HumanoidRootPart
 HumanoidRootPart_k5_HumanoidRootPart = Instance.new("Pose")
HumanoidRootPart_k5_HumanoidRootPart.Name = "HumanoidRootPart"
HumanoidRootPart_k5_HumanoidRootPart.CFrame = CFrame(0.000000, 0.000000, 0.000000, 1.000000, 0.000000, 0.000000, 0.000000, 1.000000, 0.000000, 0.000000, 0.000000, 1.000000)
HumanoidRootPart_k5_HumanoidRootPart.Parent = keyframe5



--Torso
 Torso_k5_HumanoidRootPart_Torso = Instance.new("Pose")
Torso_k5_HumanoidRootPart_Torso.Name = "Torso"
Torso_k5_HumanoidRootPart_Torso.CFrame = CFrame(0.035572, 0.002994, -0.025567, 0.909467, -0.415757, -0.003949, 0.414034, 0.906484, -0.082844, 0.038023, 0.073709, 0.996555)
Torso_k5_HumanoidRootPart_Torso.Parent = HumanoidRootPart_k5_HumanoidRootPart



--Left Leg
 Left_Leg_k5_HumanoidRootPart_Torso_Left_Leg = Instance.new("Pose")
Left_Leg_k5_HumanoidRootPart_Torso_Left_Leg.Name = "Left Leg"
Left_Leg_k5_HumanoidRootPart_Torso_Left_Leg.CFrame = CFrame(-0.058740, -0.637112, 0.272676, -0.103036, -0.734974, 0.670221, 0.994380, -0.092588, 0.051337, 0.024323, 0.671744, 0.740384)
Left_Leg_k5_HumanoidRootPart_Torso_Left_Leg.Parent = Torso_k5_HumanoidRootPart_Torso



--Right Arm
 Right_Arm_k5_HumanoidRootPart_Torso_Right_Arm = Instance.new("Pose")
Right_Arm_k5_HumanoidRootPart_Torso_Right_Arm.Name = "Right Arm"
Right_Arm_k5_HumanoidRootPart_Torso_Right_Arm.CFrame = CFrame(0.117570, 0.444920, 0.389355, 0.609752, -0.174703, -0.773099, 0.326376, -0.833524, 0.445775, -0.722275, -0.524134, -0.451224)
Right_Arm_k5_HumanoidRootPart_Torso_Right_Arm.Parent = Torso_k5_HumanoidRootPart_Torso



--Left Arm
 Left_Arm_k5_HumanoidRootPart_Torso_Left_Arm = Instance.new("Pose")
Left_Arm_k5_HumanoidRootPart_Torso_Left_Arm.Name = "Left Arm"
Left_Arm_k5_HumanoidRootPart_Torso_Left_Arm.CFrame = CFrame(-0.165275, 0.374546, 0.244074, -0.187155, 0.423511, 0.886347, -0.846071, -0.527963, 0.073619, 0.499137, -0.736134, 0.457131)
Left_Arm_k5_HumanoidRootPart_Torso_Left_Arm.Parent = Torso_k5_HumanoidRootPart_Torso



--Head
 Head_k5_HumanoidRootPart_Torso_Head = Instance.new("Pose")
Head_k5_HumanoidRootPart_Torso_Head.Name = "Head"
Head_k5_HumanoidRootPart_Torso_Head.CFrame = CFrame(0.000000, 0.000000, 0.000000, 0.972237, 0.213250, 0.096329, -0.212992, 0.976966, -0.013079, -0.096899, -0.007801, 0.995264)
Head_k5_HumanoidRootPart_Torso_Head.Parent = Torso_k5_HumanoidRootPart_Torso



--Right Leg
 Right_Leg_k5_HumanoidRootPart_Torso_Right_Leg = Instance.new("Pose")
Right_Leg_k5_HumanoidRootPart_Torso_Right_Leg.Name = "Right Leg"
Right_Leg_k5_HumanoidRootPart_Torso_Right_Leg.CFrame = CFrame(-0.017931, 0.043427, -0.002192, 0.998991, 0.004383, -0.044698, -0.000485, 0.996222, 0.086846, 0.044910, -0.086737, 0.995219)
Right_Leg_k5_HumanoidRootPart_Torso_Right_Leg.Parent = Torso_k5_HumanoidRootPart_Torso



-- Keyframe 6 (Time: 0.1666666716337204)
 keyframe6 = Instance.new("Keyframe")
keyframe6.Time = 0.1666666716337204
keyframe6.Parent = KeyframeSequence

--HumanoidRootPart
 HumanoidRootPart_k6_HumanoidRootPart = Instance.new("Pose")
HumanoidRootPart_k6_HumanoidRootPart.Name = "HumanoidRootPart"
HumanoidRootPart_k6_HumanoidRootPart.CFrame = CFrame(0.000000, 0.000000, 0.000000, 1.000000, 0.000000, 0.000000, 0.000000, 1.000000, 0.000000, 0.000000, 0.000000, 1.000000)
HumanoidRootPart_k6_HumanoidRootPart.Parent = keyframe6



--Torso
 Torso_k6_HumanoidRootPart_Torso = Instance.new("Pose")
Torso_k6_HumanoidRootPart_Torso.Name = "Torso"
Torso_k6_HumanoidRootPart_Torso.CFrame = CFrame(0.035478, 0.002994, -0.026600, 0.909488, -0.415716, -0.003386, 0.414034, 0.906484, -0.082844, 0.037509, 0.073944, 0.996557)
Torso_k6_HumanoidRootPart_Torso.Parent = HumanoidRootPart_k6_HumanoidRootPart



--Left Leg
 Left_Leg_k6_HumanoidRootPart_Torso_Left_Leg = Instance.new("Pose")
Left_Leg_k6_HumanoidRootPart_Torso_Left_Leg.Name = "Left Leg"
Left_Leg_k6_HumanoidRootPart_Torso_Left_Leg.CFrame = CFrame(-0.058627, -0.636096, 0.273691, -0.103097, -0.734769, 0.670437, 0.994405, -0.091739, 0.052374, 0.023022, 0.672086, 0.740115)
Left_Leg_k6_HumanoidRootPart_Torso_Left_Leg.Parent = Torso_k6_HumanoidRootPart_Torso



--Right Arm
 Right_Arm_k6_HumanoidRootPart_Torso_Right_Arm = Instance.new("Pose")
Right_Arm_k6_HumanoidRootPart_Torso_Right_Arm.Name = "Right Arm"
Right_Arm_k6_HumanoidRootPart_Torso_Right_Arm.CFrame = CFrame(0.117366, 0.443659, 0.390495, 0.611016, -0.174170, -0.772220, 0.328146, -0.832011, 0.447300, -0.720402, -0.526709, -0.451219)
Right_Arm_k6_HumanoidRootPart_Torso_Right_Arm.Parent = Torso_k6_HumanoidRootPart_Torso



--Left Arm
 Left_Arm_k6_HumanoidRootPart_Torso_Left_Arm = Instance.new("Pose")
Left_Arm_k6_HumanoidRootPart_Torso_Left_Arm.Name = "Left Arm"
Left_Arm_k6_HumanoidRootPart_Torso_Left_Arm.CFrame = CFrame(-0.165644, 0.373667, 0.244489, -0.185973, 0.424436, 0.886154, -0.847406, -0.525766, 0.073981, 0.497309, -0.737174, 0.457448)
Left_Arm_k6_HumanoidRootPart_Torso_Left_Arm.Parent = Torso_k6_HumanoidRootPart_Torso



--Head
 Head_k6_HumanoidRootPart_Torso_Head = Instance.new("Pose")
Head_k6_HumanoidRootPart_Torso_Head.Name = "Head"
Head_k6_HumanoidRootPart_Torso_Head.CFrame = CFrame(0.000000, -0.000000, -0.000000, 0.972176, 0.213294, 0.096854, -0.213015, 0.976958, -0.013324, -0.097464, -0.007678, 0.995209)
Head_k6_HumanoidRootPart_Torso_Head.Parent = Torso_k6_HumanoidRootPart_Torso



--Right Leg
 Right_Leg_k6_HumanoidRootPart_Torso_Right_Leg = Instance.new("Pose")
Right_Leg_k6_HumanoidRootPart_Torso_Right_Leg.Name = "Right Leg"
Right_Leg_k6_HumanoidRootPart_Torso_Right_Leg.CFrame = CFrame(-0.017785, 0.043001, -0.002150, 0.999005, 0.004020, -0.044406, -0.000186, 0.996296, 0.085991, 0.044587, -0.085898, 0.995306)
Right_Leg_k6_HumanoidRootPart_Torso_Right_Leg.Parent = Torso_k6_HumanoidRootPart_Torso



-- Keyframe 7 (Time: 0.20000000298023224)
 keyframe7 = Instance.new("Keyframe")
keyframe7.Time = 0.20000000298023224
keyframe7.Parent = KeyframeSequence

--HumanoidRootPart
 HumanoidRootPart_k7_HumanoidRootPart = Instance.new("Pose")
HumanoidRootPart_k7_HumanoidRootPart.Name = "HumanoidRootPart"
HumanoidRootPart_k7_HumanoidRootPart.CFrame = CFrame(0.000000, 0.000000, 0.000000, 1.000000, 0.000000, 0.000000, 0.000000, 1.000000, 0.000000, 0.000000, 0.000000, 1.000000)
HumanoidRootPart_k7_HumanoidRootPart.Parent = keyframe7



--Torso
 Torso_k7_HumanoidRootPart_Torso = Instance.new("Pose")
Torso_k7_HumanoidRootPart_Torso.Name = "Torso"
Torso_k7_HumanoidRootPart_Torso.CFrame = CFrame(0.034821, 0.002994, -0.033831, 0.909630, -0.415420, 0.000560, 0.414034, 0.906484, -0.082844, 0.033907, 0.075590, 0.996562)
Torso_k7_HumanoidRootPart_Torso.Parent = HumanoidRootPart_k7_HumanoidRootPart



--Left Leg
 Left_Leg_k7_HumanoidRootPart_Torso_Left_Leg = Instance.new("Pose")
Left_Leg_k7_HumanoidRootPart_Torso_Left_Leg.Name = "Left Leg"
Left_Leg_k7_HumanoidRootPart_Torso_Left_Leg.CFrame = CFrame(-0.057807, -0.628921, 0.280769, -0.103528, -0.733314, 0.671962, 0.994529, -0.085762, 0.059633, 0.013899, 0.674460, 0.738181)
Left_Leg_k7_HumanoidRootPart_Torso_Left_Leg.Parent = Torso_k7_HumanoidRootPart_Torso



--Right Arm
 Right_Arm_k7_HumanoidRootPart_Torso_Right_Arm = Instance.new("Pose")
Right_Arm_k7_HumanoidRootPart_Torso_Right_Arm.Name = "Right Arm"
Right_Arm_k7_HumanoidRootPart_Torso_Right_Arm.CFrame = CFrame(0.115885, 0.434758, 0.398430, 0.619811, -0.170303, -0.766049, 0.340390, -0.821214, 0.457976, -0.707085, -0.544614, -0.451028)
Right_Arm_k7_HumanoidRootPart_Torso_Right_Arm.Parent = Torso_k7_HumanoidRootPart_Torso



--Left Arm
 Left_Arm_k7_HumanoidRootPart_Torso_Left_Arm = Instance.new("Pose")
Left_Arm_k7_HumanoidRootPart_Torso_Left_Arm.Name = "Left Arm"
Left_Arm_k7_HumanoidRootPart_Torso_Left_Arm.CFrame = CFrame(-0.168199, 0.367471, 0.247348, -0.177633, 0.430822, 0.884782, -0.856603, -0.510275, 0.076490, 0.484435, -0.744320, 0.459685)
Left_Arm_k7_HumanoidRootPart_Torso_Left_Arm.Parent = Torso_k7_HumanoidRootPart_Torso



--Head
 Head_k7_HumanoidRootPart_Torso_Head = Instance.new("Pose")
Head_k7_HumanoidRootPart_Torso_Head.Name = "Head"
Head_k7_HumanoidRootPart_Torso_Head.CFrame = CFrame(0.000000, 0.000000, 0.000000, 0.971736, 0.213597, 0.100529, -0.213176, 0.976898, -0.015038, -0.101418, -0.006818, 0.994820)
Head_k7_HumanoidRootPart_Torso_Head.Parent = Torso_k7_HumanoidRootPart_Torso



--Right Leg
 Right_Leg_k7_HumanoidRootPart_Torso_Right_Leg = Instance.new("Pose")
Right_Leg_k7_HumanoidRootPart_Torso_Right_Leg.Name = "Right Leg"
Right_Leg_k7_HumanoidRootPart_Torso_Right_Leg.CFrame = CFrame(-0.016760, 0.040017, -0.001866, 0.999102, 0.001474, -0.042349, 0.001920, 0.996793, 0.080004, 0.042332, -0.080014, 0.995895)
Right_Leg_k7_HumanoidRootPart_Torso_Right_Leg.Parent = Torso_k7_HumanoidRootPart_Torso



-- Keyframe 8 (Time: 0.23333333432674408)
 keyframe8 = Instance.new("Keyframe")
keyframe8.Time = 0.23333333432674408
keyframe8.Parent = KeyframeSequence

--HumanoidRootPart
 HumanoidRootPart_k8_HumanoidRootPart = Instance.new("Pose")
HumanoidRootPart_k8_HumanoidRootPart.Name = "HumanoidRootPart"
HumanoidRootPart_k8_HumanoidRootPart.CFrame = CFrame(0.000000, 0.000000, 0.000000, 1.000000, 0.000000, 0.000000, 0.000000, 1.000000, 0.000000, 0.000000, 0.000000, 1.000000)
HumanoidRootPart_k8_HumanoidRootPart.Parent = keyframe8



--Torso
 Torso_k8_HumanoidRootPart_Torso = Instance.new("Pose")
Torso_k8_HumanoidRootPart_Torso.Name = "Torso"
Torso_k8_HumanoidRootPart_Torso.CFrame = CFrame(0.033037, 0.002994, -0.053456, 0.909942, -0.414583, 0.011271, 0.414034, 0.906484, -0.082844, 0.024129, 0.080050, 0.996499)
Torso_k8_HumanoidRootPart_Torso.Parent = HumanoidRootPart_k8_HumanoidRootPart



--Left Leg
 Left_Leg_k8_HumanoidRootPart_Torso_Left_Leg = Instance.new("Pose")
Left_Leg_k8_HumanoidRootPart_Torso_Left_Leg.Name = "Left Leg"
Left_Leg_k8_HumanoidRootPart_Torso_Left_Leg.CFrame = CFrame(-0.055340, -0.608914, 0.299707, -0.104715, -0.729209, 0.676231, 0.994442, -0.069259, 0.079305, -0.010994, 0.680776, 0.732409)
Left_Leg_k8_HumanoidRootPart_Torso_Left_Leg.Parent = Torso_k8_HumanoidRootPart_Torso



--Right Arm
 Right_Arm_k8_HumanoidRootPart_Torso_Right_Arm = Instance.new("Pose")
Right_Arm_k8_HumanoidRootPart_Torso_Right_Arm.Name = "Right Arm"
Right_Arm_k8_HumanoidRootPart_Torso_Right_Arm.CFrame = CFrame(0.111395, 0.409886, 0.419504, 0.643145, -0.158631, -0.749134, 0.372285, -0.790131, 0.486926, -0.669155, -0.592055, -0.449113)
Right_Arm_k8_HumanoidRootPart_Torso_Right_Arm.Parent = Torso_k8_HumanoidRootPart_Torso



--Left Arm
 Left_Arm_k8_HumanoidRootPart_Torso_Left_Arm = Instance.new("Pose")
Left_Arm_k8_HumanoidRootPart_Torso_Left_Arm.Name = "Left Arm"
Left_Arm_k8_HumanoidRootPart_Torso_Left_Arm.CFrame = CFrame(-0.174832, 0.350275, 0.254637, -0.154388, 0.447405, 0.880905, -0.880195, -0.467286, 0.083068, 0.448799, -0.762543, 0.465947)
Left_Arm_k8_HumanoidRootPart_Torso_Left_Arm.Parent = Torso_k8_HumanoidRootPart_Torso



--Head
 Head_k8_HumanoidRootPart_Torso_Head = Instance.new("Pose")
Head_k8_HumanoidRootPart_Torso_Head.Name = "Head"
Head_k8_HumanoidRootPart_Torso_Head.CFrame = CFrame(0.000000, -0.000000, -0.000000, 0.970468, 0.214436, 0.110494, -0.213577, 0.976728, -0.019693, -0.112145, -0.004487, 0.993682)
Head_k8_HumanoidRootPart_Torso_Head.Parent = Torso_k8_HumanoidRootPart_Torso



--Right Leg
 Right_Leg_k8_HumanoidRootPart_Torso_Right_Leg = Instance.new("Pose")
Right_Leg_k8_HumanoidRootPart_Torso_Right_Leg.Name = "Right Leg"
Right_Leg_k8_HumanoidRootPart_Torso_Right_Leg.CFrame = CFrame(0.005303, 0.032182, -0.000504, 0.999311, 0.005857, -0.036657, -0.003512, 0.997962, 0.063718, 0.036956, -0.063546, 0.997294)
Right_Leg_k8_HumanoidRootPart_Torso_Right_Leg.Parent = Torso_k8_HumanoidRootPart_Torso



-- Keyframe 9 (Time: 0.2666666805744171)
 keyframe9 = Instance.new("Keyframe")
keyframe9.Time = 0.2666666805744171
keyframe9.Parent = KeyframeSequence

--HumanoidRootPart
 HumanoidRootPart_k9_HumanoidRootPart = Instance.new("Pose")
HumanoidRootPart_k9_HumanoidRootPart.Name = "HumanoidRootPart"
HumanoidRootPart_k9_HumanoidRootPart.CFrame = CFrame(0.000000, 0.000000, 0.000000, 1.000000, 0.000000, 0.000000, 0.000000, 1.000000, 0.000000, 0.000000, 0.000000, 1.000000)
HumanoidRootPart_k9_HumanoidRootPart.Parent = keyframe9



--Torso
 Torso_k9_HumanoidRootPart_Torso = Instance.new("Pose")
Torso_k9_HumanoidRootPart_Torso.Name = "Torso"
Torso_k9_HumanoidRootPart_Torso.CFrame = CFrame(0.029562, 0.002994, -0.091674, 0.910247, -0.412817, 0.032127, 0.414034, 0.906484, -0.082844, 0.005077, 0.088710, 0.996045)
Torso_k9_HumanoidRootPart_Torso.Parent = HumanoidRootPart_k9_HumanoidRootPart



--Left Leg
 Left_Leg_k9_HumanoidRootPart_Torso_Left_Leg = Instance.new("Pose")
Left_Leg_k9_HumanoidRootPart_Torso_Left_Leg.Name = "Left Leg"
Left_Leg_k9_HumanoidRootPart_Torso_Left_Leg.CFrame = CFrame(-0.049461, -0.567741, 0.335319, -0.107144, -0.720536, 0.685090, 0.992434, -0.035948, 0.117403, -0.059965, 0.692486, 0.718935)
Left_Leg_k9_HumanoidRootPart_Torso_Left_Leg.Parent = Torso_k9_HumanoidRootPart_Torso



--Right Arm
 Right_Arm_k9_HumanoidRootPart_Torso_Right_Arm = Instance.new("Pose")
Right_Arm_k9_HumanoidRootPart_Torso_Right_Arm.Name = "Right Arm"
Right_Arm_k9_HumanoidRootPart_Torso_Right_Arm.CFrame = CFrame(0.100746, 0.358666, 0.458236, 0.685892, -0.131138, -0.715789, 0.428152, -0.722637, 0.542662, -0.588419, -0.678675, -0.439504)
Right_Arm_k9_HumanoidRootPart_Torso_Right_Arm.Parent = Torso_k9_HumanoidRootPart_Torso



--Left Arm
 Left_Arm_k9_HumanoidRootPart_Torso_Left_Arm = Instance.new("Pose")
Left_Arm_k9_HumanoidRootPart_Torso_Left_Arm.Name = "Left Arm"
Left_Arm_k9_HumanoidRootPart_Torso_Left_Arm.CFrame = CFrame(-0.186403, 0.315400, 0.266765, -0.106829, 0.476333, 0.872751, -0.920073, -0.380097, 0.094829, 0.376900, -0.792864, 0.478866)
Left_Arm_k9_HumanoidRootPart_Torso_Left_Arm.Parent = Torso_k9_HumanoidRootPart_Torso



--Head
 Head_k9_HumanoidRootPart_Torso_Head = Instance.new("Pose")
Head_k9_HumanoidRootPart_Torso_Head.Name = "Head"
Head_k9_HumanoidRootPart_Torso_Head.CFrame = CFrame(0.000000, -0.000000, 0.000000, 0.967689, 0.216138, 0.129854, -0.214214, 0.976363, -0.028771, -0.133003, 0.000024, 0.991116)
Head_k9_HumanoidRootPart_Torso_Head.Parent = Torso_k9_HumanoidRootPart_Torso



--Right Leg
 Right_Leg_k9_HumanoidRootPart_Torso_Right_Leg = Instance.new("Pose")
Right_Leg_k9_HumanoidRootPart_Torso_Right_Leg.Name = "Right Leg"
Right_Leg_k9_HumanoidRootPart_Torso_Right_Leg.CFrame = CFrame(0.223415, 0.034099, 0.004940, 0.992748, 0.117560, -0.025114, -0.116742, 0.992650, 0.031887, 0.028678, -0.028724, 0.999176)
Right_Leg_k9_HumanoidRootPart_Torso_Right_Leg.Parent = Torso_k9_HumanoidRootPart_Torso



-- Keyframe 10 (Time: 0.30000001192092896)
 keyframe10 = Instance.new("Keyframe")
keyframe10.Time = 0.30000001192092896
keyframe10.Parent = KeyframeSequence

--HumanoidRootPart
 HumanoidRootPart_k10_HumanoidRootPart = Instance.new("Pose")
HumanoidRootPart_k10_HumanoidRootPart.Name = "HumanoidRootPart"
HumanoidRootPart_k10_HumanoidRootPart.CFrame = CFrame(0.000000, 0.000000, 0.000000, 1.000000, 0.000000, 0.000000, 0.000000, 1.000000, 0.000000, 0.000000, 0.000000, 1.000000)
HumanoidRootPart_k10_HumanoidRootPart.Parent = keyframe10



--Torso
 Torso_k10_HumanoidRootPart_Torso = Instance.new("Pose")
Torso_k10_HumanoidRootPart_Torso.Name = "Torso"
Torso_k10_HumanoidRootPart_Torso.CFrame = CFrame(0.023834, 0.002994, -0.154681, 0.909881, -0.409510, 0.066473, 0.414034, 0.906484, -0.082844, -0.026331, 0.102901, 0.994343)
Torso_k10_HumanoidRootPart_Torso.Parent = HumanoidRootPart_k10_HumanoidRootPart



--Left Leg
 Left_Leg_k10_HumanoidRootPart_Torso_Left_Leg = Instance.new("Pose")
Left_Leg_k10_HumanoidRootPart_Torso_Left_Leg.Name = "Left Leg"
Left_Leg_k10_HumanoidRootPart_Torso_Left_Leg.CFrame = CFrame(-0.036300, -0.493607, 0.389687, -0.111715, -0.704064, 0.701295, 0.983569, 0.022370, 0.179139, -0.141814, 0.709784, 0.689996)
Left_Leg_k10_HumanoidRootPart_Torso_Left_Leg.Parent = Torso_k10_HumanoidRootPart_Torso



--Right Arm
 Right_Arm_k10_HumanoidRootPart_Torso_Right_Arm = Instance.new("Pose")
Right_Arm_k10_HumanoidRootPart_Torso_Right_Arm.Name = "Right Arm"
Right_Arm_k10_HumanoidRootPart_Torso_Right_Arm.CFrame = CFrame(0.078242, 0.267526, 0.513757, 0.746523, -0.073444, -0.661294, 0.499551, -0.594627, 0.629975, -0.439491, -0.800640, -0.407213)
Right_Arm_k10_HumanoidRootPart_Torso_Right_Arm.Parent = Torso_k10_HumanoidRootPart_Torso



--Left Arm
 Left_Arm_k10_HumanoidRootPart_Torso_Left_Arm = Instance.new("Pose")
Left_Arm_k10_HumanoidRootPart_Torso_Left_Arm.Name = "Left Arm"
Left_Arm_k10_HumanoidRootPart_Torso_Left_Arm.CFrame = CFrame(-0.201228, 0.255024, 0.280416, -0.023356, 0.513395, 0.857834, -0.967060, -0.229159, 0.110817, 0.253473, -0.826989, 0.501836)
Left_Arm_k10_HumanoidRootPart_Torso_Left_Arm.Parent = Torso_k10_HumanoidRootPart_Torso



--Head
 Head_k10_HumanoidRootPart_Torso_Head = Instance.new("Pose")
Head_k10_HumanoidRootPart_Torso_Head.Name = "Head"
Head_k10_HumanoidRootPart_Torso_Head.CFrame = CFrame(0.000000, -0.000000, 0.000000, 0.962218, 0.219132, 0.161611, -0.214847, 0.975667, -0.043754, -0.167266, 0.007379, 0.985884)
Head_k10_HumanoidRootPart_Torso_Head.Parent = Torso_k10_HumanoidRootPart_Torso



--Right Leg
 Right_Leg_k10_HumanoidRootPart_Torso_Right_Leg = Instance.new("Pose")
Right_Leg_k10_HumanoidRootPart_Torso_Right_Leg.Name = "Right Leg"
Right_Leg_k10_HumanoidRootPart_Torso_Right_Leg.CFrame = CFrame(0.371527, 0.040301, 0.002729, 0.984055, 0.177800, -0.004783, -0.177862, 0.983836, -0.020777, 0.001012, 0.021296, 0.999773)
Right_Leg_k10_HumanoidRootPart_Torso_Right_Leg.Parent = Torso_k10_HumanoidRootPart_Torso



-- Keyframe 11 (Time: 0.3333333432674408)
 keyframe11 = Instance.new("Keyframe")
keyframe11.Time = 0.3333333432674408
keyframe11.Parent = KeyframeSequence

--HumanoidRootPart
 HumanoidRootPart_k11_HumanoidRootPart = Instance.new("Pose")
HumanoidRootPart_k11_HumanoidRootPart.Name = "HumanoidRootPart"
HumanoidRootPart_k11_HumanoidRootPart.CFrame = CFrame(0.000000, 0.000000, 0.000000, 1.000000, 0.000000, 0.000000, 0.000000, 1.000000, 0.000000, 0.000000, 0.000000, 1.000000)
HumanoidRootPart_k11_HumanoidRootPart.Parent = keyframe11



--Torso
 Torso_k11_HumanoidRootPart_Torso = Instance.new("Pose")
Torso_k11_HumanoidRootPart_Torso.Name = "Torso"
Torso_k11_HumanoidRootPart_Torso.CFrame = CFrame(0.038737, 0.013314, -0.192577, 0.987939, 0.154779, -0.004551, -0.153556, 0.975501, -0.157541, -0.019944, 0.156340, 0.987502)
Torso_k11_HumanoidRootPart_Torso.Parent = HumanoidRootPart_k11_HumanoidRootPart



--Left Leg
 Left_Leg_k11_HumanoidRootPart_Torso_Left_Leg = Instance.new("Pose")
Left_Leg_k11_HumanoidRootPart_Torso_Left_Leg.Name = "Left Leg"
Left_Leg_k11_HumanoidRootPart_Torso_Left_Leg.CFrame = CFrame(-0.420382, 0.287801, -0.068984, 0.995000, -0.057547, -0.081625, 0.080298, 0.946940, 0.311217, 0.059384, -0.316215, 0.946827)
Left_Leg_k11_HumanoidRootPart_Torso_Left_Leg.Parent = Torso_k11_HumanoidRootPart_Torso



--Right Arm
 Right_Arm_k11_HumanoidRootPart_Torso_Right_Arm = Instance.new("Pose")
Right_Arm_k11_HumanoidRootPart_Torso_Right_Arm.Name = "Right Arm"
Right_Arm_k11_HumanoidRootPart_Torso_Right_Arm.CFrame = CFrame(0.620048, -1.091801, -0.268573, -0.724427, -0.248250, 0.643100, 0.625284, -0.629387, 0.461402, 0.290215, 0.736373, 0.611172)
Right_Arm_k11_HumanoidRootPart_Torso_Right_Arm.Parent = Torso_k11_HumanoidRootPart_Torso



--Left Arm
 Left_Arm_k11_HumanoidRootPart_Torso_Left_Arm = Instance.new("Pose")
Left_Arm_k11_HumanoidRootPart_Torso_Left_Arm.Name = "Left Arm"
Left_Arm_k11_HumanoidRootPart_Torso_Left_Arm.CFrame = CFrame(-0.549196, -1.189632, -0.207534, -0.878601, 0.431305, -0.205028, -0.466447, -0.682981, 0.562107, 0.102409, 0.589503, 0.801248)
Left_Arm_k11_HumanoidRootPart_Torso_Left_Arm.Parent = Torso_k11_HumanoidRootPart_Torso



--Head
 Head_k11_HumanoidRootPart_Torso_Head = Instance.new("Pose")
Head_k11_HumanoidRootPart_Torso_Head.Name = "Head"
Head_k11_HumanoidRootPart_Torso_Head.CFrame = CFrame(0.000000, 0.000000, 0.000000, 0.982677, -0.185056, -0.009990, 0.184605, 0.972684, 0.140739, -0.016327, -0.140145, 0.989996)
Head_k11_HumanoidRootPart_Torso_Head.Parent = Torso_k11_HumanoidRootPart_Torso



--Right Leg
 Right_Leg_k11_HumanoidRootPart_Torso_Right_Leg = Instance.new("Pose")
Right_Leg_k11_HumanoidRootPart_Torso_Right_Leg.Name = "Right Leg"
Right_Leg_k11_HumanoidRootPart_Torso_Right_Leg.CFrame = CFrame(0.480578, 0.264884, -0.084696, 0.899643, -0.185963, 0.395045, 0.008623, 0.912157, 0.409750, -0.436541, -0.365222, 0.822219)
Right_Leg_k11_HumanoidRootPart_Torso_Right_Leg.Parent = Torso_k11_HumanoidRootPart_Torso



-- Keyframe 12 (Time: 0.36666667461395264)
 keyframe12 = Instance.new("Keyframe")
keyframe12.Time = 0.36666667461395264
keyframe12.Parent = KeyframeSequence

--HumanoidRootPart
 HumanoidRootPart_k12_HumanoidRootPart = Instance.new("Pose")
HumanoidRootPart_k12_HumanoidRootPart.Name = "HumanoidRootPart"
HumanoidRootPart_k12_HumanoidRootPart.CFrame = CFrame(0.000000, 0.000000, 0.000000, 1.000000, 0.000000, 0.000000, 0.000000, 1.000000, 0.000000, 0.000000, 0.000000, 1.000000)
HumanoidRootPart_k12_HumanoidRootPart.Parent = keyframe12



--Torso
 Torso_k12_HumanoidRootPart_Torso = Instance.new("Pose")
Torso_k12_HumanoidRootPart_Torso.Name = "Torso"
Torso_k12_HumanoidRootPart_Torso.CFrame = CFrame(0.038666, 0.011934, -0.179883, 0.988780, 0.149197, -0.007343, -0.148686, 0.978283, -0.144411, -0.014363, 0.143883, 0.989491)
Torso_k12_HumanoidRootPart_Torso.Parent = HumanoidRootPart_k12_HumanoidRootPart



--Left Leg
 Left_Leg_k12_HumanoidRootPart_Torso_Left_Leg = Instance.new("Pose")
Left_Leg_k12_HumanoidRootPart_Torso_Left_Leg.Name = "Left Leg"
Left_Leg_k12_HumanoidRootPart_Torso_Left_Leg.CFrame = CFrame(-0.461403, 0.258141, -0.126548, 0.972797, -0.054449, -0.225168, 0.125547, 0.940784, 0.314903, 0.194689, -0.334606, 0.922028)
Left_Leg_k12_HumanoidRootPart_Torso_Left_Leg.Parent = Torso_k12_HumanoidRootPart_Torso



--Right Arm
 Right_Arm_k12_HumanoidRootPart_Torso_Right_Arm = Instance.new("Pose")
Right_Arm_k12_HumanoidRootPart_Torso_Right_Arm.Name = "Right Arm"
Right_Arm_k12_HumanoidRootPart_Torso_Right_Arm.CFrame = CFrame(0.574586, -1.029816, -0.346100, -0.705495, -0.228533, 0.670857, 0.594770, -0.705660, 0.385090, 0.385391, 0.670684, 0.633764)
Right_Arm_k12_HumanoidRootPart_Torso_Right_Arm.Parent = Torso_k12_HumanoidRootPart_Torso



--Left Arm
 Left_Arm_k12_HumanoidRootPart_Torso_Left_Arm = Instance.new("Pose")
Left_Arm_k12_HumanoidRootPart_Torso_Left_Arm.Name = "Left Arm"
Left_Arm_k12_HumanoidRootPart_Torso_Left_Arm.CFrame = CFrame(-0.509697, -1.122495, -0.237843, -0.891056, 0.397042, -0.219949, -0.452614, -0.740881, 0.496221, 0.034064, 0.541713, 0.839873)
Left_Arm_k12_HumanoidRootPart_Torso_Left_Arm.Parent = Torso_k12_HumanoidRootPart_Torso



--Head
 Head_k12_HumanoidRootPart_Torso_Head = Instance.new("Pose")
Head_k12_HumanoidRootPart_Torso_Head.Name = "Head"
Head_k12_HumanoidRootPart_Torso_Head.CFrame = CFrame(0.000000, -0.000000, 0.000000, 0.982677, -0.185056, -0.009990, 0.184605, 0.972684, 0.140739, -0.016327, -0.140145, 0.989996)
Head_k12_HumanoidRootPart_Torso_Head.Parent = Torso_k12_HumanoidRootPart_Torso



--Right Leg
 Right_Leg_k12_HumanoidRootPart_Torso_Right_Leg = Instance.new("Pose")
Right_Leg_k12_HumanoidRootPart_Torso_Right_Leg.Name = "Right Leg"
Right_Leg_k12_HumanoidRootPart_Torso_Right_Leg.CFrame = CFrame(0.485612, 0.248593, -0.099810, 0.869721, -0.179770, 0.459638, -0.029776, 0.910495, 0.412448, -0.492644, -0.372401, 0.786524)
Right_Leg_k12_HumanoidRootPart_Torso_Right_Leg.Parent = Torso_k12_HumanoidRootPart_Torso



-- Keyframe 13 (Time: 0.4000000059604645)
 keyframe13 = Instance.new("Keyframe")
keyframe13.Time = 0.4000000059604645
keyframe13.Parent = KeyframeSequence

--HumanoidRootPart
 HumanoidRootPart_k13_HumanoidRootPart = Instance.new("Pose")
HumanoidRootPart_k13_HumanoidRootPart.Name = "HumanoidRootPart"
HumanoidRootPart_k13_HumanoidRootPart.CFrame = CFrame(0.000000, 0.000000, 0.000000, 1.000000, 0.000000, 0.000000, 0.000000, 1.000000, 0.000000, 0.000000, 0.000000, 1.000000)
HumanoidRootPart_k13_HumanoidRootPart.Parent = keyframe13



--Torso
 Torso_k13_HumanoidRootPart_Torso = Instance.new("Pose")
Torso_k13_HumanoidRootPart_Torso.Name = "Torso"
Torso_k13_HumanoidRootPart_Torso.CFrame = CFrame(0.038534, 0.009370, -0.156310, 0.990177, 0.139669, -0.006521, -0.139429, 0.982835, -0.120809, -0.010464, 0.120532, 0.992654)
Torso_k13_HumanoidRootPart_Torso.Parent = HumanoidRootPart_k13_HumanoidRootPart



--Left Leg
 Left_Leg_k13_HumanoidRootPart_Torso_Left_Leg = Instance.new("Pose")
Left_Leg_k13_HumanoidRootPart_Torso_Left_Leg.Name = "Left Leg"
Left_Leg_k13_HumanoidRootPart_Torso_Left_Leg.CFrame = CFrame(-0.459320, 0.218917, -0.154292, 0.942534, -0.051478, -0.330122, 0.157372, 0.939993, 0.302734, 0.294728, -0.337288, 0.894076)
Left_Leg_k13_HumanoidRootPart_Torso_Left_Leg.Parent = Torso_k13_HumanoidRootPart_Torso



--Right Arm
 Right_Arm_k13_HumanoidRootPart_Torso_Right_Arm = Instance.new("Pose")
Right_Arm_k13_HumanoidRootPart_Torso_Right_Arm.Name = "Right Arm"
Right_Arm_k13_HumanoidRootPart_Torso_Right_Arm.CFrame = CFrame(0.512425, -0.956246, -0.364582, -0.697462, -0.247588, 0.672493, 0.581855, -0.743446, 0.329748, 0.418321, 0.621280, 0.662585)
Right_Arm_k13_HumanoidRootPart_Torso_Right_Arm.Parent = Torso_k13_HumanoidRootPart_Torso



--Left Arm
 Left_Arm_k13_HumanoidRootPart_Torso_Left_Arm = Instance.new("Pose")
Left_Arm_k13_HumanoidRootPart_Torso_Left_Arm.Name = "Left Arm"
Left_Arm_k13_HumanoidRootPart_Torso_Left_Arm.CFrame = CFrame(-0.461069, -1.022876, -0.303269, -0.892860, 0.395230, -0.215858, -0.450331, -0.785747, 0.424033, -0.002019, 0.475810, 0.879546)
Left_Arm_k13_HumanoidRootPart_Torso_Left_Arm.Parent = Torso_k13_HumanoidRootPart_Torso



--Head
 Head_k13_HumanoidRootPart_Torso_Head = Instance.new("Pose")
Head_k13_HumanoidRootPart_Torso_Head.Name = "Head"
Head_k13_HumanoidRootPart_Torso_Head.CFrame = CFrame(0.000000, -0.000000, 0.000000, 0.982677, -0.185056, -0.009990, 0.184605, 0.972684, 0.140739, -0.016327, -0.140145, 0.989996)
Head_k13_HumanoidRootPart_Torso_Head.Parent = Torso_k13_HumanoidRootPart_Torso



--Right Leg
 Right_Leg_k13_HumanoidRootPart_Torso_Right_Leg = Instance.new("Pose")
Right_Leg_k13_HumanoidRootPart_Torso_Right_Leg.Name = "Right Leg"
Right_Leg_k13_HumanoidRootPart_Torso_Right_Leg.CFrame = CFrame(0.441273, 0.219077, -0.067869, 0.842833, -0.178522, 0.507703, -0.043160, 0.917919, 0.394414, -0.536441, -0.354338, 0.765947)
Right_Leg_k13_HumanoidRootPart_Torso_Right_Leg.Parent = Torso_k13_HumanoidRootPart_Torso



-- Keyframe 14 (Time: 0.4333333373069763)
 keyframe14 = Instance.new("Keyframe")
keyframe14.Time = 0.4333333373069763
keyframe14.Parent = KeyframeSequence

--HumanoidRootPart
 HumanoidRootPart_k14_HumanoidRootPart = Instance.new("Pose")
HumanoidRootPart_k14_HumanoidRootPart.Name = "HumanoidRootPart"
HumanoidRootPart_k14_HumanoidRootPart.CFrame = CFrame(0.000000, 0.000000, 0.000000, 1.000000, 0.000000, 0.000000, 0.000000, 1.000000, 0.000000, 0.000000, 0.000000, 1.000000)
HumanoidRootPart_k14_HumanoidRootPart.Parent = keyframe14



--Torso
 Torso_k14_HumanoidRootPart_Torso = Instance.new("Pose")
Torso_k14_HumanoidRootPart_Torso.Name = "Torso"
Torso_k14_HumanoidRootPart_Torso.CFrame = CFrame(0.038463, 0.007989, -0.143617, 0.990886, 0.134587, -0.005565, -0.134396, 0.985011, -0.108127, -0.009071, 0.107889, 0.994122)
Torso_k14_HumanoidRootPart_Torso.Parent = HumanoidRootPart_k14_HumanoidRootPart



--Left Leg
 Left_Leg_k14_HumanoidRootPart_Torso_Left_Leg = Instance.new("Pose")
Left_Leg_k14_HumanoidRootPart_Torso_Left_Leg.Name = "Left Leg"
Left_Leg_k14_HumanoidRootPart_Torso_Left_Leg.CFrame = CFrame(-0.453793, 0.198900, -0.166879, 0.920549, -0.047385, -0.387744, 0.172003, 0.940378, 0.293435, 0.350721, -0.336815, 0.873814)
Left_Leg_k14_HumanoidRootPart_Torso_Left_Leg.Parent = Torso_k14_HumanoidRootPart_Torso



--Right Arm
