-- KeyframeSequence Export: KeyframeSequence
-- Generated on 2025-11-11 12:13:55

 KeyframeSequence = Instance.new("KeyframeSequence")
KeyframeSequence.Name = "Pokedance"
 cf=CFrame.new

-- Keyframe 1 (Time: 0)
 keyframe1 = Instance.new("Keyframe")
keyframe1.Time = 0
keyframe1.Parent = KeyframeSequence

--HumanoidRootPart
 HumanoidRootPart_k1_HumanoidRootPart = Instance.new("Pose")
HumanoidRootPart_k1_HumanoidRootPart.Name = "HumanoidRootPart"
HumanoidRootPart_k1_HumanoidRootPart.CFrame = cf(0.000000, 0.000000, 0.000000, 1.000000, 0.000000, 0.000000, 0.000000, 1.000000, 0.000000, 0.000000, 0.000000, 1.000000)
HumanoidRootPart_k1_HumanoidRootPart.Parent = keyframe1



--Torso
 Torso_k1_HumanoidRootPart_Torso = Instance.new("Pose")
Torso_k1_HumanoidRootPart_Torso.Name = "Torso"
Torso_k1_HumanoidRootPart_Torso.CFrame = cf(0.052289, -0.017564, -0.361019, 0.937523, 0.290219, 0.191892, -0.291540, 0.956307, -0.021955, -0.189879, -0.035361, 0.981171)
Torso_k1_HumanoidRootPart_Torso.Parent = HumanoidRootPart_k1_HumanoidRootPart



--Left Leg
 Left_Leg_k1_HumanoidRootPart_Torso = Instance.new("Pose")
Left_Leg_k1_HumanoidRootPart_Torso.Name = "Left Leg"
Left_Leg_k1_HumanoidRootPart_Torso.CFrame = cf(-0.400309, 0.496580, 0.105776, 0.693506, -0.542847, 0.473673, 0.222367, 0.786651, 0.575963, -0.685275, -0.294104, 0.666259)
Left_Leg_k1_HumanoidRootPart_Torso.Parent = Torso_k1_HumanoidRootPart_Torso



--Right Arm
 Right_Arm_k1_HumanoidRootPart_Torso = Instance.new("Pose")
Right_Arm_k1_HumanoidRootPart_Torso.Name = "Right Arm"
Right_Arm_k1_HumanoidRootPart_Torso.CFrame = cf(0.105089, -0.590555, 0.087063, 0.351294, -0.580033, -0.734952, 0.933377, 0.278569, 0.226288, 0.073480, -0.765481, 0.639249)
Right_Arm_k1_HumanoidRootPart_Torso.Parent = Torso_k1_HumanoidRootPart_Torso



--Head
 Head_k1_HumanoidRootPart_Torso_Head = Instance.new("Pose")
Head_k1_HumanoidRootPart_Torso_Head.Name = "Head"
Head_k1_HumanoidRootPart_Torso_Head.CFrame = cf(0.000000, 0.000000, -0.000000, 0.952652, -0.109501, -0.283663, 0.091481, 0.992898, -0.076053, 0.289977, 0.046503, 0.955903)
Head_k1_HumanoidRootPart_Torso_Head.Parent = Torso_k1_HumanoidRootPart_Torso



--Left Arm
 Left_Arm_k1_HumanoidRootPart_Torso = Instance.new("Pose")
Left_Arm_k1_HumanoidRootPart_Torso.Name = "Left Arm"
Left_Arm_k1_HumanoidRootPart_Torso.CFrame = cf(-0.591652, -0.383795, -0.400698, -0.245079, 0.546620, -0.800714, -0.881232, 0.218721, 0.419036, 0.404186, 0.808312, 0.428095)
Left_Arm_k1_HumanoidRootPart_Torso.Parent = Torso_k1_HumanoidRootPart_Torso



--Right Leg
 Right_Leg_k1_HumanoidRootPart_Torso = Instance.new("Pose")
Right_Leg_k1_HumanoidRootPart_Torso.Name = "Right Leg"
Right_Leg_k1_HumanoidRootPart_Torso.CFrame = cf(0.538438, 0.156348, 0.047178, 0.978987, 0.193340, -0.064838, -0.197425, 0.978232, -0.063922, 0.051068, 0.075379, 0.995846)
Right_Leg_k1_HumanoidRootPart_Torso.Parent = Torso_k1_HumanoidRootPart_Torso



-- Keyframe 2 (Time: 0.0416666679084301)
 keyframe2 = Instance.new("Keyframe")
keyframe2.Time = 0.0416666679084301
keyframe2.Parent = KeyframeSequence

--HumanoidRootPart
 HumanoidRootPart_k2_HumanoidRootPart = Instance.new("Pose")
HumanoidRootPart_k2_HumanoidRootPart.Name = "HumanoidRootPart"
HumanoidRootPart_k2_HumanoidRootPart.CFrame = cf(0.000000, 0.000000, 0.000000, 1.000000, 0.000000, 0.000000, 0.000000, 1.000000, 0.000000, 0.000000, 0.000000, 1.000000)
HumanoidRootPart_k2_HumanoidRootPart.Parent = keyframe2



--Torso
 Torso_k2_HumanoidRootPart_Torso = Instance.new("Pose")
Torso_k2_HumanoidRootPart_Torso.Name = "Torso"
Torso_k2_HumanoidRootPart_Torso.CFrame = cf(0.052289, -0.017564, -0.361019, 0.937523, 0.290219, 0.191892, -0.291540, 0.956307, -0.021955, -0.189879, -0.035361, 0.981171)
Torso_k2_HumanoidRootPart_Torso.Parent = HumanoidRootPart_k2_HumanoidRootPart



--Left Leg
 Left_Leg_k2_HumanoidRootPart_Torso = Instance.new("Pose")
Left_Leg_k2_HumanoidRootPart_Torso.Name = "Left Leg"
Left_Leg_k2_HumanoidRootPart_Torso.CFrame = cf(-0.400309, 0.496580, 0.105776, 0.693506, -0.542847, 0.473673, 0.222367, 0.786651, 0.575963, -0.685275, -0.294104, 0.666259)
Left_Leg_k2_HumanoidRootPart_Torso.Parent = Torso_k2_HumanoidRootPart_Torso



--Right Arm
 Right_Arm_k2_HumanoidRootPart_Torso = Instance.new("Pose")
Right_Arm_k2_HumanoidRootPart_Torso.Name = "Right Arm"
Right_Arm_k2_HumanoidRootPart_Torso.CFrame = cf(0.105089, -0.590555, 0.087063, 0.351294, -0.580033, -0.734952, 0.933377, 0.278569, 0.226288, 0.073480, -0.765481, 0.639249)
Right_Arm_k2_HumanoidRootPart_Torso.Parent = Torso_k2_HumanoidRootPart_Torso



--Head
 Head_k2_HumanoidRootPart_Torso_Head = Instance.new("Pose")
Head_k2_HumanoidRootPart_Torso_Head.Name = "Head"
Head_k2_HumanoidRootPart_Torso_Head.CFrame = cf(0.000000, 0.000000, -0.000000, 0.952652, -0.109501, -0.283663, 0.091481, 0.992898, -0.076053, 0.289977, 0.046503, 0.955903)
Head_k2_HumanoidRootPart_Torso_Head.Parent = Torso_k2_HumanoidRootPart_Torso



--Left Arm
 Left_Arm_k2_HumanoidRootPart_Torso = Instance.new("Pose")
Left_Arm_k2_HumanoidRootPart_Torso.Name = "Left Arm"
Left_Arm_k2_HumanoidRootPart_Torso.CFrame = cf(-0.591652, -0.383795, -0.400698, -0.245079, 0.546620, -0.800714, -0.881232, 0.218721, 0.419036, 0.404186, 0.808312, 0.428095)
Left_Arm_k2_HumanoidRootPart_Torso.Parent = Torso_k2_HumanoidRootPart_Torso



--Right Leg
 Right_Leg_k2_HumanoidRootPart_Torso = Instance.new("Pose")
Right_Leg_k2_HumanoidRootPart_Torso.Name = "Right Leg"
Right_Leg_k2_HumanoidRootPart_Torso.CFrame = cf(0.538438, 0.156348, 0.047178, 0.978987, 0.193340, -0.064838, -0.197425, 0.978232, -0.063922, 0.051068, 0.075379, 0.995846)
Right_Leg_k2_HumanoidRootPart_Torso.Parent = Torso_k2_HumanoidRootPart_Torso



-- Keyframe 3 (Time: 0.0833333358168602)
 keyframe3 = Instance.new("Keyframe")
keyframe3.Time = 0.0833333358168602
keyframe3.Parent = KeyframeSequence

--HumanoidRootPart
 HumanoidRootPart_k3_HumanoidRootPart = Instance.new("Pose")
HumanoidRootPart_k3_HumanoidRootPart.Name = "HumanoidRootPart"
HumanoidRootPart_k3_HumanoidRootPart.CFrame = cf(0.000000, 0.000000, 0.000000, 1.000000, 0.000000, 0.000000, 0.000000, 1.000000, 0.000000, 0.000000, 0.000000, 1.000000)
HumanoidRootPart_k3_HumanoidRootPart.Parent = keyframe3



--Torso
 Torso_k3_HumanoidRootPart_Torso = Instance.new("Pose")
Torso_k3_HumanoidRootPart_Torso.Name = "Torso"
Torso_k3_HumanoidRootPart_Torso.CFrame = cf(0.058493, -0.009167, -0.277379, 0.960871, 0.207780, 0.183180, -0.209068, 0.977822, -0.012472, -0.181709, -0.026313, 0.983000)
Torso_k3_HumanoidRootPart_Torso.Parent = HumanoidRootPart_k3_HumanoidRootPart



--Left Leg
 Left_Leg_k3_HumanoidRootPart_Torso = Instance.new("Pose")
Left_Leg_k3_HumanoidRootPart_Torso.Name = "Left Leg"
Left_Leg_k3_HumanoidRootPart_Torso.CFrame = cf(-0.370427, 0.446387, 0.076346, 0.782481, -0.452277, 0.427982, 0.187373, 0.826498, 0.530841, -0.593814, -0.335180, 0.731464)
Left_Leg_k3_HumanoidRootPart_Torso.Parent = Torso_k3_HumanoidRootPart_Torso



--Right Arm
 Right_Arm_k3_HumanoidRootPart_Torso = Instance.new("Pose")
Right_Arm_k3_HumanoidRootPart_Torso.Name = "Right Arm"
Right_Arm_k3_HumanoidRootPart_Torso.CFrame = cf(0.169499, -0.386785, 0.077776, 0.444826, -0.676865, -0.586502, 0.894471, 0.368867, 0.252703, 0.045295, -0.637018, 0.769517)
Right_Arm_k3_HumanoidRootPart_Torso.Parent = Torso_k3_HumanoidRootPart_Torso



--Head
 Head_k3_HumanoidRootPart_Torso_Head = Instance.new("Pose")
Head_k3_HumanoidRootPart_Torso_Head.Name = "Head"
Head_k3_HumanoidRootPart_Torso_Head.CFrame = cf(0.000000, -0.000000, 0.000000, 0.959487, -0.090382, -0.266861, 0.078910, 0.995449, -0.053426, 0.270476, 0.030204, 0.962253)
Head_k3_HumanoidRootPart_Torso_Head.Parent = Torso_k3_HumanoidRootPart_Torso



--Left Arm
 Left_Arm_k3_HumanoidRootPart_Torso = Instance.new("Pose")
Left_Arm_k3_HumanoidRootPart_Torso.Name = "Left Arm"
Left_Arm_k3_HumanoidRootPart_Torso.CFrame = cf(-0.568859, -0.239990, -0.274155, -0.177210, 0.647634, -0.741058, -0.821682, 0.317084, 0.473599, 0.541696, 0.692840, 0.475959)
Left_Arm_k3_HumanoidRootPart_Torso.Parent = Torso_k3_HumanoidRootPart_Torso



--Right Leg
 Right_Leg_k3_HumanoidRootPart_Torso = Instance.new("Pose")
Right_Leg_k3_HumanoidRootPart_Torso.Name = "Right Leg"
Right_Leg_k3_HumanoidRootPart_Torso.CFrame = cf(0.400937, 0.095302, 0.068631, 0.975933, 0.163846, -0.143906, -0.172013, 0.984011, -0.046188, 0.134038, 0.069830, 0.988513)
Right_Leg_k3_HumanoidRootPart_Torso.Parent = Torso_k3_HumanoidRootPart_Torso



-- Keyframe 4 (Time: 0.125)
 keyframe4 = Instance.new("Keyframe")
keyframe4.Time = 0.125
keyframe4.Parent = KeyframeSequence

--HumanoidRootPart
 HumanoidRootPart_k4_HumanoidRootPart = Instance.new("Pose")
HumanoidRootPart_k4_HumanoidRootPart.Name = "HumanoidRootPart"
HumanoidRootPart_k4_HumanoidRootPart.CFrame = cf(0.000000, 0.000000, 0.000000, 1.000000, 0.000000, 0.000000, 0.000000, 1.000000, 0.000000, 0.000000, 0.000000, 1.000000)
HumanoidRootPart_k4_HumanoidRootPart.Parent = keyframe4



--Torso
 Torso_k4_HumanoidRootPart_Torso = Instance.new("Pose")
Torso_k4_HumanoidRootPart_Torso.Name = "Torso"
Torso_k4_HumanoidRootPart_Torso.CFrame = cf(0.058493, -0.009167, -0.277379, 0.960871, 0.207780, 0.183180, -0.209068, 0.977822, -0.012472, -0.181709, -0.026313, 0.983000)
Torso_k4_HumanoidRootPart_Torso.Parent = HumanoidRootPart_k4_HumanoidRootPart



--Left Leg
 Left_Leg_k4_HumanoidRootPart_Torso = Instance.new("Pose")
Left_Leg_k4_HumanoidRootPart_Torso.Name = "Left Leg"
Left_Leg_k4_HumanoidRootPart_Torso.CFrame = cf(-0.370427, 0.446387, 0.076346, 0.782481, -0.452277, 0.427982, 0.187373, 0.826498, 0.530841, -0.593814, -0.335180, 0.731464)
Left_Leg_k4_HumanoidRootPart_Torso.Parent = Torso_k4_HumanoidRootPart_Torso



--Right Arm
 Right_Arm_k4_HumanoidRootPart_Torso = Instance.new("Pose")
Right_Arm_k4_HumanoidRootPart_Torso.Name = "Right Arm"
Right_Arm_k4_HumanoidRootPart_Torso.CFrame = cf(0.169499, -0.386785, 0.077776, 0.444826, -0.676865, -0.586502, 0.894471, 0.368867, 0.252703, 0.045295, -0.637018, 0.769517)
Right_Arm_k4_HumanoidRootPart_Torso.Parent = Torso_k4_HumanoidRootPart_Torso



--Head
 Head_k4_HumanoidRootPart_Torso_Head = Instance.new("Pose")
Head_k4_HumanoidRootPart_Torso_Head.Name = "Head"
Head_k4_HumanoidRootPart_Torso_Head.CFrame = cf(0.000000, -0.000000, 0.000000, 0.959487, -0.090382, -0.266861, 0.078910, 0.995449, -0.053426, 0.270476, 0.030204, 0.962253)
Head_k4_HumanoidRootPart_Torso_Head.Parent = Torso_k4_HumanoidRootPart_Torso



--Left Arm
 Left_Arm_k4_HumanoidRootPart_Torso = Instance.new("Pose")
Left_Arm_k4_HumanoidRootPart_Torso.Name = "Left Arm"
Left_Arm_k4_HumanoidRootPart_Torso.CFrame = cf(-0.568859, -0.239990, -0.274155, -0.177210, 0.647634, -0.741058, -0.821682, 0.317084, 0.473599, 0.541696, 0.692840, 0.475959)
Left_Arm_k4_HumanoidRootPart_Torso.Parent = Torso_k4_HumanoidRootPart_Torso



--Right Leg
 Right_Leg_k4_HumanoidRootPart_Torso = Instance.new("Pose")
Right_Leg_k4_HumanoidRootPart_Torso.Name = "Right Leg"
Right_Leg_k4_HumanoidRootPart_Torso.CFrame = cf(0.400937, 0.095302, 0.068631, 0.975933, 0.163846, -0.143906, -0.172013, 0.984011, -0.046188, 0.134038, 0.069830, 0.988513)
Right_Leg_k4_HumanoidRootPart_Torso.Parent = Torso_k4_HumanoidRootPart_Torso



-- Keyframe 5 (Time: 0.1666666716337204)
 keyframe5 = Instance.new("Keyframe")
keyframe5.Time = 0.1666666716337204
keyframe5.Parent = KeyframeSequence

--HumanoidRootPart
 HumanoidRootPart_k5_HumanoidRootPart = Instance.new("Pose")
HumanoidRootPart_k5_HumanoidRootPart.Name = "HumanoidRootPart"
HumanoidRootPart_k5_HumanoidRootPart.CFrame = cf(0.000000, 0.000000, 0.000000, 1.000000, 0.000000, 0.000000, 0.000000, 1.000000, 0.000000, 0.000000, 0.000000, 1.000000)
HumanoidRootPart_k5_HumanoidRootPart.Parent = keyframe5



--Torso
 Torso_k5_HumanoidRootPart_Torso = Instance.new("Pose")
Torso_k5_HumanoidRootPart_Torso.Name = "Torso"
Torso_k5_HumanoidRootPart_Torso.CFrame = cf(0.058572, 0.018495, -0.150698, 0.986339, -0.118416, 0.114516, 0.117260, 0.992959, 0.016804, -0.115699, -0.003147, 0.993279)
Torso_k5_HumanoidRootPart_Torso.Parent = HumanoidRootPart_k5_HumanoidRootPart



--Left Leg
 Left_Leg_k5_HumanoidRootPart_Torso = Instance.new("Pose")
Left_Leg_k5_HumanoidRootPart_Torso.Name = "Left Leg"
Left_Leg_k5_HumanoidRootPart_Torso.CFrame = cf(-0.330233, 0.325649, 0.006353, 0.960568, -0.155688, 0.230372, 0.061866, 0.927440, 0.368819, -0.271077, -0.340023, 0.900501)
Left_Leg_k5_HumanoidRootPart_Torso.Parent = Torso_k5_HumanoidRootPart_Torso



--Right Arm
 Right_Arm_k5_HumanoidRootPart_Torso = Instance.new("Pose")
Right_Arm_k5_HumanoidRootPart_Torso.Name = "Right Arm"
Right_Arm_k5_HumanoidRootPart_Torso.CFrame = cf(0.374681, -0.534611, 0.047424, -0.112916, -0.990855, 0.073873, 0.947149, -0.084870, 0.309365, -0.300266, 0.104901, 0.948070)
Right_Arm_k5_HumanoidRootPart_Torso.Parent = Torso_k5_HumanoidRootPart_Torso



--Head
 Head_k5_HumanoidRootPart_Torso_Head = Instance.new("Pose")
Head_k5_HumanoidRootPart_Torso_Head.Name = "Head"
Head_k5_HumanoidRootPart_Torso_Head.CFrame = cf(0.000000, 0.000000, 0.000000, 0.977032, 0.145751, -0.155451, -0.155225, 0.986583, -0.050593, 0.145991, 0.073561, 0.986547)
Head_k5_HumanoidRootPart_Torso_Head.Parent = Torso_k5_HumanoidRootPart_Torso



--Left Arm
 Left_Arm_k5_HumanoidRootPart_Torso = Instance.new("Pose")
Left_Arm_k5_HumanoidRootPart_Torso.Name = "Left Arm"
Left_Arm_k5_HumanoidRootPart_Torso.CFrame = cf(-0.325978, -0.165784, 0.107678, -0.050405, 0.998568, -0.017907, -0.881438, -0.036048, 0.470923, 0.469603, 0.039521, 0.881993)
Left_Arm_k5_HumanoidRootPart_Torso.Parent = Torso_k5_HumanoidRootPart_Torso



--Right Leg
 Right_Leg_k5_HumanoidRootPart_Torso = Instance.new("Pose")
Right_Leg_k5_HumanoidRootPart_Torso.Name = "Right Leg"
Right_Leg_k5_HumanoidRootPart_Torso.CFrame = cf(0.064835, 0.073826, 0.079429, 0.885392, 0.181679, -0.427872, -0.158592, 0.983294, 0.089344, 0.436956, -0.011248, 0.899413)
Right_Leg_k5_HumanoidRootPart_Torso.Parent = Torso_k5_HumanoidRootPart_Torso



-- Keyframe 6 (Time: 0.2083333283662796)
 keyframe6 = Instance.new("Keyframe")
keyframe6.Time = 0.2083333283662796
keyframe6.Parent = KeyframeSequence

--HumanoidRootPart
 HumanoidRootPart_k6_HumanoidRootPart = Instance.new("Pose")
HumanoidRootPart_k6_HumanoidRootPart.Name = "HumanoidRootPart"
HumanoidRootPart_k6_HumanoidRootPart.CFrame = cf(0.000000, 0.000000, 0.000000, 1.000000, 0.000000, 0.000000, 0.000000, 1.000000, 0.000000, 0.000000, 0.000000, 1.000000)
HumanoidRootPart_k6_HumanoidRootPart.Parent = keyframe6



--Torso
 Torso_k6_HumanoidRootPart_Torso = Instance.new("Pose")
Torso_k6_HumanoidRootPart_Torso.Name = "Torso"
Torso_k6_HumanoidRootPart_Torso.CFrame = cf(0.058572, 0.018495, -0.150698, 0.986339, -0.118416, 0.114516, 0.117260, 0.992959, 0.016804, -0.115699, -0.003147, 0.993279)
Torso_k6_HumanoidRootPart_Torso.Parent = HumanoidRootPart_k6_HumanoidRootPart



--Left Leg
 Left_Leg_k6_HumanoidRootPart_Torso = Instance.new("Pose")
Left_Leg_k6_HumanoidRootPart_Torso.Name = "Left Leg"
Left_Leg_k6_HumanoidRootPart_Torso.CFrame = cf(-0.330233, 0.325649, 0.006353, 0.960568, -0.155688, 0.230372, 0.061866, 0.927440, 0.368819, -0.271077, -0.340023, 0.900501)
Left_Leg_k6_HumanoidRootPart_Torso.Parent = Torso_k6_HumanoidRootPart_Torso



--Right Arm
 Right_Arm_k6_HumanoidRootPart_Torso = Instance.new("Pose")
Right_Arm_k6_HumanoidRootPart_Torso.Name = "Right Arm"
Right_Arm_k6_HumanoidRootPart_Torso.CFrame = cf(0.374681, -0.534611, 0.047424, -0.112916, -0.990855, 0.073873, 0.947149, -0.084870, 0.309365, -0.300266, 0.104901, 0.948070)
Right_Arm_k6_HumanoidRootPart_Torso.Parent = Torso_k6_HumanoidRootPart_Torso



--Head
 Head_k6_HumanoidRootPart_Torso_Head = Instance.new("Pose")
Head_k6_HumanoidRootPart_Torso_Head.Name = "Head"
Head_k6_HumanoidRootPart_Torso_Head.CFrame = cf(0.000000, 0.000000, 0.000000, 0.977032, 0.145751, -0.155451, -0.155225, 0.986583, -0.050593, 0.145991, 0.073561, 0.986547)
Head_k6_HumanoidRootPart_Torso_Head.Parent = Torso_k6_HumanoidRootPart_Torso



--Left Arm
 Left_Arm_k6_HumanoidRootPart_Torso = Instance.new("Pose")
Left_Arm_k6_HumanoidRootPart_Torso.Name = "Left Arm"
Left_Arm_k6_HumanoidRootPart_Torso.CFrame = cf(-0.325978, -0.165784, 0.107678, -0.050405, 0.998568, -0.017907, -0.881438, -0.036048, 0.470923, 0.469603, 0.039521, 0.881993)
Left_Arm_k6_HumanoidRootPart_Torso.Parent = Torso_k6_HumanoidRootPart_Torso



--Right Leg
 Right_Leg_k6_HumanoidRootPart_Torso = Instance.new("Pose")
Right_Leg_k6_HumanoidRootPart_Torso.Name = "Right Leg"
Right_Leg_k6_HumanoidRootPart_Torso.CFrame = cf(0.064835, 0.073826, 0.079429, 0.885392, 0.181679, -0.427872, -0.158592, 0.983294, 0.089344, 0.436956, -0.011248, 0.899413)
Right_Leg_k6_HumanoidRootPart_Torso.Parent = Torso_k6_HumanoidRootPart_Torso



-- Keyframe 7 (Time: 0.25)
 keyframe7 = Instance.new("Keyframe")
keyframe7.Time = 0.25
keyframe7.Parent = KeyframeSequence

--HumanoidRootPart
 HumanoidRootPart_k7_HumanoidRootPart = Instance.new("Pose")
HumanoidRootPart_k7_HumanoidRootPart.Name = "HumanoidRootPart"
HumanoidRootPart_k7_HumanoidRootPart.CFrame = cf(0.000000, 0.000000, 0.000000, 1.000000, 0.000000, 0.000000, 0.000000, 1.000000, 0.000000, 0.000000, 0.000000, 1.000000)
HumanoidRootPart_k7_HumanoidRootPart.Parent = keyframe7



--Torso
 Torso_k7_HumanoidRootPart_Torso = Instance.new("Pose")
Torso_k7_HumanoidRootPart_Torso.Name = "Torso"
Torso_k7_HumanoidRootPart_Torso.CFrame = cf(0.060793, 0.026659, -0.121631, 0.946580, -0.321325, 0.027121, 0.320748, 0.946871, 0.023579, -0.033257, -0.013620, 0.999354)
Torso_k7_HumanoidRootPart_Torso.Parent = HumanoidRootPart_k7_HumanoidRootPart



--Left Leg
 Left_Leg_k7_HumanoidRootPart_Torso = Instance.new("Pose")
Left_Leg_k7_HumanoidRootPart_Torso.Name = "Left Leg"
Left_Leg_k7_HumanoidRootPart_Torso.CFrame = cf(-0.302241, 0.211994, -0.009820, 0.997136, -0.005046, 0.075457, -0.011285, 0.976673, 0.214437, -0.074779, -0.214674, 0.973819)
Left_Leg_k7_HumanoidRootPart_Torso.Parent = Torso_k7_HumanoidRootPart_Torso



--Right Arm
 Right_Arm_k7_HumanoidRootPart_Torso = Instance.new("Pose")
Right_Arm_k7_HumanoidRootPart_Torso.Name = "Right Arm"
Right_Arm_k7_HumanoidRootPart_Torso.CFrame = cf(0.540854, -0.630263, 0.033482, -0.415538, -0.740753, 0.527838, 0.863760, -0.139510, 0.484207, -0.285039, 0.657132, 0.697804)
Right_Arm_k7_HumanoidRootPart_Torso.Parent = Torso_k7_HumanoidRootPart_Torso



--Head
 Head_k7_HumanoidRootPart_Torso_Head = Instance.new("Pose")
Head_k7_HumanoidRootPart_Torso_Head.Name = "Head"
Head_k7_HumanoidRootPart_Torso_Head.CFrame = cf(0.000000, -0.000000, 0.000000, 0.946249, 0.315715, -0.070261, -0.321018, 0.943270, -0.084794, 0.039505, 0.102791, 0.993918)
Head_k7_HumanoidRootPart_Torso_Head.Parent = Torso_k7_HumanoidRootPart_Torso



--Left Arm
 Left_Arm_k7_HumanoidRootPart_Torso = Instance.new("Pose")
Left_Arm_k7_HumanoidRootPart_Torso.Name = "Left Arm"
Left_Arm_k7_HumanoidRootPart_Torso.CFrame = cf(0.019736, -0.410480, -0.002608, 0.053265, 0.796480, 0.602314, -0.923101, -0.190771, 0.333903, 0.380851, -0.573783, 0.725070)
Left_Arm_k7_HumanoidRootPart_Torso.Parent = Torso_k7_HumanoidRootPart_Torso



--Right Leg
 Right_Leg_k7_HumanoidRootPart_Torso = Instance.new("Pose")
Right_Leg_k7_HumanoidRootPart_Torso.Name = "Right Leg"
Right_Leg_k7_HumanoidRootPart_Torso.CFrame = cf(-0.067498, 0.145875, 0.047788, 0.766085, 0.275938, -0.580493, -0.151079, 0.955158, 0.254655, 0.624731, -0.107387, 0.773420)
Right_Leg_k7_HumanoidRootPart_Torso.Parent = Torso_k7_HumanoidRootPart_Torso



-- Keyframe 8 (Time: 0.2916666567325592)
 keyframe8 = Instance.new("Keyframe")
keyframe8.Time = 0.2916666567325592
keyframe8.Parent = KeyframeSequence

--HumanoidRootPart
 HumanoidRootPart_k8_HumanoidRootPart = Instance.new("Pose")
HumanoidRootPart_k8_HumanoidRootPart.Name = "HumanoidRootPart"
HumanoidRootPart_k8_HumanoidRootPart.CFrame = cf(0.000000, 0.000000, 0.000000, 1.000000, 0.000000, 0.000000, 0.000000, 1.000000, 0.000000, 0.000000, 0.000000, 1.000000)
HumanoidRootPart_k8_HumanoidRootPart.Parent = keyframe8



--Torso
 Torso_k8_HumanoidRootPart_Torso = Instance.new("Pose")
Torso_k8_HumanoidRootPart_Torso.Name = "Torso"
Torso_k8_HumanoidRootPart_Torso.CFrame = cf(0.060793, 0.026659, -0.121631, 0.946580, -0.321325, 0.027121, 0.320748, 0.946871, 0.023579, -0.033257, -0.013620, 0.999354)
Torso_k8_HumanoidRootPart_Torso.Parent = HumanoidRootPart_k8_HumanoidRootPart



--Left Leg
 Left_Leg_k8_HumanoidRootPart_Torso = Instance.new("Pose")
Left_Leg_k8_HumanoidRootPart_Torso.Name = "Left Leg"
Left_Leg_k8_HumanoidRootPart_Torso.CFrame = cf(-0.302241, 0.211994, -0.009820, 0.997136, -0.005046, 0.075457, -0.011285, 0.976673, 0.214437, -0.074779, -0.214674, 0.973819)
Left_Leg_k8_HumanoidRootPart_Torso.Parent = Torso_k8_HumanoidRootPart_Torso



--Right Arm
 Right_Arm_k8_HumanoidRootPart_Torso = Instance.new("Pose")
Right_Arm_k8_HumanoidRootPart_Torso.Name = "Right Arm"
Right_Arm_k8_HumanoidRootPart_Torso.CFrame = cf(0.540854, -0.630263, 0.033482, -0.415538, -0.740753, 0.527838, 0.863760, -0.139510, 0.484207, -0.285039, 0.657132, 0.697804)
Right_Arm_k8_HumanoidRootPart_Torso.Parent = Torso_k8_HumanoidRootPart_Torso



--Head
 Head_k8_HumanoidRootPart_Torso_Head = Instance.new("Pose")
Head_k8_HumanoidRootPart_Torso_Head.Name = "Head"
Head_k8_HumanoidRootPart_Torso_Head.CFrame = cf(0.000000, -0.000000, 0.000000, 0.946249, 0.315715, -0.070261, -0.321018, 0.943270, -0.084794, 0.039505, 0.102791, 0.993918)
Head_k8_HumanoidRootPart_Torso_Head.Parent = Torso_k8_HumanoidRootPart_Torso



--Left Arm
 Left_Arm_k8_HumanoidRootPart_Torso = Instance.new("Pose")
Left_Arm_k8_HumanoidRootPart_Torso.Name = "Left Arm"
Left_Arm_k8_HumanoidRootPart_Torso.CFrame = cf(0.019736, -0.410480, -0.002608, 0.053265, 0.796480, 0.602314, -0.923101, -0.190771, 0.333903, 0.380851, -0.573783, 0.725070)
Left_Arm_k8_HumanoidRootPart_Torso.Parent = Torso_k8_HumanoidRootPart_Torso



--Right Leg
 Right_Leg_k8_HumanoidRootPart_Torso = Instance.new("Pose")
Right_Leg_k8_HumanoidRootPart_Torso.Name = "Right Leg"
Right_Leg_k8_HumanoidRootPart_Torso.CFrame = cf(-0.067498, 0.145875, 0.047788, 0.766085, 0.275938, -0.580493, -0.151079, 0.955158, 0.254655, 0.624731, -0.107387, 0.773420)
Right_Leg_k8_HumanoidRootPart_Torso.Parent = Torso_k8_HumanoidRootPart_Torso



-- Keyframe 9 (Time: 0.3333333432674408)
 keyframe9 = Instance.new("Keyframe")
keyframe9.Time = 0.3333333432674408
keyframe9.Parent = KeyframeSequence

--HumanoidRootPart
 HumanoidRootPart_k9_HumanoidRootPart = Instance.new("Pose")
HumanoidRootPart_k9_HumanoidRootPart.Name = "HumanoidRootPart"
HumanoidRootPart_k9_HumanoidRootPart.CFrame = cf(0.000000, 0.000000, 0.000000, 1.000000, 0.000000, 0.000000, 0.000000, 1.000000, 0.000000, 0.000000, 0.000000, 1.000000)
HumanoidRootPart_k9_HumanoidRootPart.Parent = keyframe9



--Torso
 Torso_k9_HumanoidRootPart_Torso = Instance.new("Pose")
Torso_k9_HumanoidRootPart_Torso.Name = "Torso"
Torso_k9_HumanoidRootPart_Torso.CFrame = cf(0.068329, 0.018577, -0.147829, 0.902669, -0.425013, -0.067475, 0.426770, 0.904260, 0.013477, 0.055287, -0.040961, 0.997630)
Torso_k9_HumanoidRootPart_Torso.Parent = HumanoidRootPart_k9_HumanoidRootPart



--Left Leg
 Left_Leg_k9_HumanoidRootPart_Torso = Instance.new("Pose")
Left_Leg_k9_HumanoidRootPart_Torso.Name = "Left Leg"
Left_Leg_k9_HumanoidRootPart_Torso.CFrame = cf(-0.342706, 0.124969, -0.024268, 0.998612, 0.011444, -0.051410, -0.007998, 0.997738, 0.066739, 0.052057, -0.066235, 0.996445)
Left_Leg_k9_HumanoidRootPart_Torso.Parent = Torso_k9_HumanoidRootPart_Torso



--Right Arm
 Right_Arm_k9_HumanoidRootPart_Torso = Instance.new("Pose")
Right_Arm_k9_HumanoidRootPart_Torso.Name = "Right Arm"
Right_Arm_k9_HumanoidRootPart_Torso.CFrame = cf(0.590851, -0.626652, 0.038114, -0.522159, -0.503358, 0.688463, 0.811752, -0.045765, 0.582206, -0.261550, 0.862865, 0.432498)
Right_Arm_k9_HumanoidRootPart_Torso.Parent = Torso_k9_HumanoidRootPart_Torso



--Head
 Head_k9_HumanoidRootPart_Torso_Head = Instance.new("Pose")
Head_k9_HumanoidRootPart_Torso_Head.Name = "Head"
Head_k9_HumanoidRootPart_Torso_Head.CFrame = cf(0.000000, 0.000000, -0.000000, 0.931055, 0.361407, 0.050216, -0.355769, 0.929732, -0.095011, -0.081025, 0.070595, 0.994209)
Head_k9_HumanoidRootPart_Torso_Head.Parent = Torso_k9_HumanoidRootPart_Torso



--Left Arm
 Left_Arm_k9_HumanoidRootPart_Torso = Instance.new("Pose")
Left_Arm_k9_HumanoidRootPart_Torso.Name = "Left Arm"
Left_Arm_k9_HumanoidRootPart_Torso.CFrame = cf(0.022461, -0.541919, -0.007425, 0.137034, 0.764763, 0.629571, -0.946468, -0.086439, 0.311010, 0.292269, -0.638488, 0.711978)
Left_Arm_k9_HumanoidRootPart_Torso.Parent = Torso_k9_HumanoidRootPart_Torso



--Right Leg
 Right_Leg_k9_HumanoidRootPart_Torso = Instance.new("Pose")
Right_Leg_k9_HumanoidRootPart_Torso.Name = "Right Leg"
Right_Leg_k9_HumanoidRootPart_Torso.CFrame = cf(-0.069139, 0.251653, 0.048146, 0.649737, 0.401515, -0.645467, -0.137047, 0.897080, 0.420079, 0.747703, -0.184482, 0.637892)
Right_Leg_k9_HumanoidRootPart_Torso.Parent = Torso_k9_HumanoidRootPart_Torso



-- Keyframe 10 (Time: 0.375)
 keyframe10 = Instance.new("Keyframe")
keyframe10.Time = 0.375
keyframe10.Parent = KeyframeSequence

--HumanoidRootPart
 HumanoidRootPart_k10_HumanoidRootPart = Instance.new("Pose")
HumanoidRootPart_k10_HumanoidRootPart.Name = "HumanoidRootPart"
HumanoidRootPart_k10_HumanoidRootPart.CFrame = cf(0.000000, 0.000000, 0.000000, 1.000000, 0.000000, 0.000000, 0.000000, 1.000000, 0.000000, 0.000000, 0.000000, 1.000000)
HumanoidRootPart_k10_HumanoidRootPart.Parent = keyframe10



--Torso
 Torso_k10_HumanoidRootPart_Torso = Instance.new("Pose")
Torso_k10_HumanoidRootPart_Torso.Name = "Torso"
Torso_k10_HumanoidRootPart_Torso.CFrame = cf(0.068329, 0.018577, -0.147829, 0.902669, -0.425013, -0.067475, 0.426770, 0.904260, 0.013477, 0.055287, -0.040961, 0.997630)
Torso_k10_HumanoidRootPart_Torso.Parent = HumanoidRootPart_k10_HumanoidRootPart



--Left Leg
 Left_Leg_k10_HumanoidRootPart_Torso = Instance.new("Pose")
Left_Leg_k10_HumanoidRootPart_Torso.Name = "Left Leg"
Left_Leg_k10_HumanoidRootPart_Torso.CFrame = cf(-0.342706, 0.124969, -0.024268, 0.998612, 0.011444, -0.051410, -0.007998, 0.997738, 0.066739, 0.052057, -0.066235, 0.996445)
Left_Leg_k10_HumanoidRootPart_Torso.Parent = Torso_k10_HumanoidRootPart_Torso



--Right Arm
 Right_Arm_k10_HumanoidRootPart_Torso = Instance.new("Pose")
Right_Arm_k10_HumanoidRootPart_Torso.Name = "Right Arm"
Right_Arm_k10_HumanoidRootPart_Torso.CFrame = cf(0.590851, -0.626652, 0.038114, -0.522159, -0.503358, 0.688463, 0.811752, -0.045765, 0.582206, -0.261550, 0.862865, 0.432498)
Right_Arm_k10_HumanoidRootPart_Torso.Parent = Torso_k10_HumanoidRootPart_Torso



--Head
 Head_k10_HumanoidRootPart_Torso_Head = Instance.new("Pose")
Head_k10_HumanoidRootPart_Torso_Head.Name = "Head"
Head_k10_HumanoidRootPart_Torso_Head.CFrame = cf(0.000000, 0.000000, -0.000000, 0.931055, 0.361407, 0.050216, -0.355769, 0.929732, -0.095011, -0.081025, 0.070595, 0.994209)
Head_k10_HumanoidRootPart_Torso_Head.Parent = Torso_k10_HumanoidRootPart_Torso



--Left Arm
 Left_Arm_k10_HumanoidRootPart_Torso = Instance.new("Pose")
Left_Arm_k10_HumanoidRootPart_Torso.Name = "Left Arm"
Left_Arm_k10_HumanoidRootPart_Torso.CFrame = cf(0.022461, -0.541919, -0.007425, 0.137034, 0.764763, 0.629571, -0.946468, -0.086439, 0.311010, 0.292269, -0.638488, 0.711978)
Left_Arm_k10_HumanoidRootPart_Torso.Parent = Torso_k10_HumanoidRootPart_Torso



--Right Leg
 Right_Leg_k10_HumanoidRootPart_Torso = Instance.new("Pose")
Right_Leg_k10_HumanoidRootPart_Torso.Name = "Right Leg"
Right_Leg_k10_HumanoidRootPart_Torso.CFrame = cf(-0.069139, 0.251653, 0.048146, 0.649737, 0.401515, -0.645467, -0.137047, 0.897080, 0.420079, 0.747703, -0.184482, 0.637892)
Right_Leg_k10_HumanoidRootPart_Torso.Parent = Torso_k10_HumanoidRootPart_Torso



-- Keyframe 11 (Time: 0.4166666567325592)
 keyframe11 = Instance.new("Keyframe")
keyframe11.Time = 0.4166666567325592
keyframe11.Parent = KeyframeSequence

--HumanoidRootPart
 HumanoidRootPart_k11_HumanoidRootPart = Instance.new("Pose")
HumanoidRootPart_k11_HumanoidRootPart.Name = "HumanoidRootPart"
HumanoidRootPart_k11_HumanoidRootPart.CFrame = cf(0.000000, 0.000000, 0.000000, 1.000000, 0.000000, 0.000000, 0.000000, 1.000000, 0.000000, 0.000000, 0.000000, 1.000000)
HumanoidRootPart_k11_HumanoidRootPart.Parent = keyframe11



--Torso
 Torso_k11_HumanoidRootPart_Torso = Instance.new("Pose")
Torso_k11_HumanoidRootPart_Torso.Name = "Torso"
Torso_k11_HumanoidRootPart_Torso.CFrame = cf(0.060545, 0.004006, -0.275845, 0.876550, -0.451990, -0.165422, 0.457593, 0.889149, -0.004737, 0.149226, -0.071543, 0.986212)
Torso_k11_HumanoidRootPart_Torso.Parent = HumanoidRootPart_k11_HumanoidRootPart



--Left Leg
 Left_Leg_k11_HumanoidRootPart_Torso = Instance.new("Pose")
Left_Leg_k11_HumanoidRootPart_Torso.Name = "Left Leg"
Left_Leg_k11_HumanoidRootPart_Torso.CFrame = cf(-0.519392, 0.115224, -0.036366, 0.989159, -0.113597, -0.093057, 0.106803, 0.991447, -0.075012, 0.100782, 0.064260, 0.992831)
Left_Leg_k11_HumanoidRootPart_Torso.Parent = Torso_k11_HumanoidRootPart_Torso



--Right Arm
 Right_Arm_k11_HumanoidRootPart_Torso = Instance.new("Pose")
Right_Arm_k11_HumanoidRootPart_Torso.Name = "Right Arm"
Right_Arm_k11_HumanoidRootPart_Torso.CFrame = cf(0.649499, -0.650862, -0.267519, -0.432337, -0.382663, 0.816489, 0.810773, 0.231312, 0.537719, -0.394629, 0.894463, 0.210249)
Right_Arm_k11_HumanoidRootPart_Torso.Parent = Torso_k11_HumanoidRootPart_Torso



--Head
 Head_k11_HumanoidRootPart_Torso_Head = Instance.new("Pose")
Head_k11_HumanoidRootPart_Torso_Head.Name = "Head"
Head_k11_HumanoidRootPart_Torso_Head.CFrame = cf(0.000000, -0.000000, -0.000000, 0.922636, 0.355636, 0.149218, -0.342866, 0.933512, -0.104874, -0.176594, 0.045599, 0.983227)
Head_k11_HumanoidRootPart_Torso_Head.Parent = Torso_k11_HumanoidRootPart_Torso



--Left Arm
 Left_Arm_k11_HumanoidRootPart_Torso = Instance.new("Pose")
Left_Arm_k11_HumanoidRootPart_Torso.Name = "Left Arm"
Left_Arm_k11_HumanoidRootPart_Torso.CFrame = cf(0.004305, -0.471325, 0.078951, 0.414602, 0.690922, 0.592226, -0.908599, 0.278174, 0.311555, 0.050518, -0.667268, 0.743103)
Left_Arm_k11_HumanoidRootPart_Torso.Parent = Torso_k11_HumanoidRootPart_Torso



--Right Leg
 Right_Leg_k11_HumanoidRootPart_Torso = Instance.new("Pose")
Right_Leg_k11_HumanoidRootPart_Torso.Name = "Right Leg"
Right_Leg_k11_HumanoidRootPart_Torso.CFrame = cf(0.090557, 0.419543, 0.111391, 0.540631, 0.554048, -0.633047, -0.145987, 0.802870, 0.578003, 0.828496, -0.220070, 0.514940)
Right_Leg_k11_HumanoidRootPart_Torso.Parent = Torso_k11_HumanoidRootPart_Torso



-- Keyframe 12 (Time: 0.4583333432674408)
 keyframe12 = Instance.new("Keyframe")
keyframe12.Time = 0.4583333432674408
keyframe12.Parent = KeyframeSequence

--HumanoidRootPart
 HumanoidRootPart_k12_HumanoidRootPart = Instance.new("Pose")
HumanoidRootPart_k12_HumanoidRootPart.Name = "HumanoidRootPart"
HumanoidRootPart_k12_HumanoidRootPart.CFrame = cf(0.000000, 0.000000, 0.000000, 1.000000, 0.000000, 0.000000, 0.000000, 1.000000, 0.000000, 0.000000, 0.000000, 1.000000)
HumanoidRootPart_k12_HumanoidRootPart.Parent = keyframe12



--Torso
 Torso_k12_HumanoidRootPart_Torso = Instance.new("Pose")
Torso_k12_HumanoidRootPart_Torso.Name = "Torso"
Torso_k12_HumanoidRootPart_Torso.CFrame = cf(0.060545, 0.004006, -0.275845, 0.876550, -0.451990, -0.165422, 0.457593, 0.889149, -0.004737, 0.149226, -0.071543, 0.986212)
Torso_k12_HumanoidRootPart_Torso.Parent = HumanoidRootPart_k12_HumanoidRootPart



--Left Leg
 Left_Leg_k12_HumanoidRootPart_Torso = Instance.new("Pose")
Left_Leg_k12_HumanoidRootPart_Torso.Name = "Left Leg"
Left_Leg_k12_HumanoidRootPart_Torso.CFrame = cf(-0.519392, 0.115224, -0.036366, 0.989159, -0.113597, -0.093057, 0.106803, 0.991447, -0.075012, 0.100782, 0.064260, 0.992831)
Left_Leg_k12_HumanoidRootPart_Torso.Parent = Torso_k12_HumanoidRootPart_Torso



--Right Arm
 Right_Arm_k12_HumanoidRootPart_Torso = Instance.new("Pose")
Right_Arm_k12_HumanoidRootPart_Torso.Name = "Right Arm"
Right_Arm_k12_HumanoidRootPart_Torso.CFrame = cf(0.649499, -0.650862, -0.267519, -0.432337, -0.382663, 0.816489, 0.810773, 0.231312, 0.537719, -0.394629, 0.894463, 0.210249)
Right_Arm_k12_HumanoidRootPart_Torso.Parent = Torso_k12_HumanoidRootPart_Torso



--Head
 Head_k12_HumanoidRootPart_Torso_Head = Instance.new("Pose")
Head_k12_HumanoidRootPart_Torso_Head.Name = "Head"
Head_k12_HumanoidRootPart_Torso_Head.CFrame = cf(0.000000, -0.000000, -0.000000, 0.922636, 0.355636, 0.149218, -0.342866, 0.933512, -0.104874, -0.176594, 0.045599, 0.983227)
Head_k12_HumanoidRootPart_Torso_Head.Parent = Torso_k12_HumanoidRootPart_Torso



--Left Arm
 Left_Arm_k12_HumanoidRootPart_Torso = Instance.new("Pose")
Left_Arm_k12_HumanoidRootPart_Torso.Name = "Left Arm"
Left_Arm_k12_HumanoidRootPart_Torso.CFrame = cf(0.004305, -0.471325, 0.078951, 0.414602, 0.690922, 0.592226, -0.908599, 0.278174, 0.311555, 0.050518, -0.667268, 0.743103)
Left_Arm_k12_HumanoidRootPart_Torso.Parent = Torso_k12_HumanoidRootPart_Torso



--Right Leg
 Right_Leg_k12_HumanoidRootPart_Torso = Instance.new("Pose")
Right_Leg_k12_HumanoidRootPart_Torso.Name = "Right Leg"
Right_Leg_k12_HumanoidRootPart_Torso.CFrame = cf(0.090557, 0.419543, 0.111391, 0.540631, 0.554048, -0.633047, -0.145987, 0.802870, 0.578003, 0.828496, -0.220070, 0.514940)
Right_Leg_k12_HumanoidRootPart_Torso.Parent = Torso_k12_HumanoidRootPart_Torso



-- Keyframe 13 (Time: 0.5)
 keyframe13 = Instance.new("Keyframe")
keyframe13.Time = 0.5
keyframe13.Parent = KeyframeSequence

--HumanoidRootPart
 HumanoidRootPart_k13_HumanoidRootPart = Instance.new("Pose")
HumanoidRootPart_k13_HumanoidRootPart.Name = "HumanoidRootPart"
HumanoidRootPart_k13_HumanoidRootPart.CFrame = cf(0.000000, 0.000000, 0.000000, 1.000000, 0.000000, 0.000000, 0.000000, 1.000000, 0.000000, 0.000000, 0.000000, 1.000000)
HumanoidRootPart_k13_HumanoidRootPart.Parent = keyframe13



--Torso
 Torso_k13_HumanoidRootPart_Torso = Instance.new("Pose")
Torso_k13_HumanoidRootPart_Torso.Name = "Torso"
Torso_k13_HumanoidRootPart_Torso.CFrame = cf(0.066034, -0.002500, -0.180967, 0.896913, -0.426462, -0.116947, 0.428004, 0.903685, -0.012870, 0.111172, -0.038511, 0.993055)
Torso_k13_HumanoidRootPart_Torso.Parent = HumanoidRootPart_k13_HumanoidRootPart



--Left Leg
 Left_Leg_k13_HumanoidRootPart_Torso = Instance.new("Pose")
Left_Leg_k13_HumanoidRootPart_Torso.Name = "Left Leg"
Left_Leg_k13_HumanoidRootPart_Torso.CFrame = cf(-0.365959, 0.091950, -0.018934, 0.998310, -0.005854, -0.057816, 0.005003, 0.999877, -0.014863, 0.057896, 0.014548, 0.998217)
Left_Leg_k13_HumanoidRootPart_Torso.Parent = Torso_k13_HumanoidRootPart_Torso



--Right Arm
 Right_Arm_k13_HumanoidRootPart_Torso = Instance.new("Pose")
Right_Arm_k13_HumanoidRootPart_Torso.Name = "Right Arm"
Right_Arm_k13_HumanoidRootPart_Torso.CFrame = cf(0.660179, -0.445334, -0.386303, -0.392069, -0.407012, 0.824999, 0.768433, 0.348144, 0.536942, -0.505761, 0.844474, 0.176265)
Right_Arm_k13_HumanoidRootPart_Torso.Parent = Torso_k13_HumanoidRootPart_Torso



--Head
 Head_k13_HumanoidRootPart_Torso_Head = Instance.new("Pose")
Head_k13_HumanoidRootPart_Torso_Head.Name = "Head"
Head_k13_HumanoidRootPart_Torso_Head.CFrame = cf(0.000000, -0.000000, 0.000000, 0.941949, 0.310590, 0.127541, -0.300758, 0.949377, -0.090706, -0.149257, 0.047081, 0.987677)
Head_k13_HumanoidRootPart_Torso_Head.Parent = Torso_k13_HumanoidRootPart_Torso



--Left Arm
 Left_Arm_k13_HumanoidRootPart_Torso = Instance.new("Pose")
Left_Arm_k13_HumanoidRootPart_Torso.Name = "Left Arm"
Left_Arm_k13_HumanoidRootPart_Torso.CFrame = cf(0.103290, -0.361824, 0.057591, 0.437256, 0.662492, 0.608204, -0.898946, 0.341920, 0.273839, -0.026541, -0.666480, 0.745051)
Left_Arm_k13_HumanoidRootPart_Torso.Parent = Torso_k13_HumanoidRootPart_Torso



--Right Leg
 Right_Leg_k13_HumanoidRootPart_Torso = Instance.new("Pose")
Right_Leg_k13_HumanoidRootPart_Torso.Name = "Right Leg"
Right_Leg_k13_HumanoidRootPart_Torso.CFrame = cf(-0.006612, 0.325471, 0.069468, 0.624908, 0.444348, -0.641907, -0.115094, 0.865673, 0.487200, 0.772168, -0.230576, 0.592108)
Right_Leg_k13_HumanoidRootPart_Torso.Parent = Torso_k13_HumanoidRootPart_Torso



-- Keyframe 14 (Time: 0.5416666865348816)
 keyframe14 = Instance.new("Keyframe")
keyframe14.Time = 0.5416666865348816
keyframe14.Parent = KeyframeSequence

--HumanoidRootPart
 HumanoidRootPart_k14_HumanoidRootPart = Instance.new("Pose")
HumanoidRootPart_k14_HumanoidRootPart.Name = "HumanoidRootPart"
HumanoidRootPart_k14_HumanoidRootPart.CFrame = cf(0.000000, 0.000000, 0.000000, 1.000000, 0.000000, 0.000000, 0.000000, 1.000000, 0.000000, 0.000000, 0.000000, 1.000000)
HumanoidRootPart_k14_HumanoidRootPart.Parent = keyframe14



--Torso
 Torso_k14_HumanoidRootPart_Torso = Instance.new("Pose")
Torso_k14_HumanoidRootPart_Torso.Name = "Torso"
Torso_k14_HumanoidRootPart_Torso.CFrame = cf(0.066034, -0.002500, -0.180967, 0.896913, -0.426462, -0.116947, 0.428004, 0.903685, -0.012870, 0.111172, -0.038511, 0.993055)
Torso_k14_HumanoidRootPart_Torso.Parent = HumanoidRootPart_k14_HumanoidRootPart



--Left Leg
 Left_Leg_k14_HumanoidRootPart_Torso = Instance.new("Pose")
Left_Leg_k14_HumanoidRootPart_Torso.Name = "Left Leg"
Left_Leg_k14_HumanoidRootPart_Torso.CFrame = cf(-0.365959, 0.091950, -0.018934, 0.998310, -0.005854, -0.057816, 0.005003, 0.999877, -0.014863, 0.057896, 0.014548, 0.998217)
Left_Leg_k14_HumanoidRootPart_Torso.Parent = Torso_k14_HumanoidRootPart_Torso



--Right Arm
 Right_Arm_k14_HumanoidRootPart_Torso = Instance.new("Pose")
Right_Arm_k14_HumanoidRootPart_Torso.Name = "Right Arm"
Right_Arm_k14_HumanoidRootPart_Torso.CFrame = cf(0.660179, -0.445334, -0.386303, -0.392069, -0.407012, 0.824999, 0.768433, 0.348144, 0.536942, -0.505761, 0.844474, 0.176265)
Right_Arm_k14_HumanoidRootPart_Torso.Parent = Torso_k14_HumanoidRootPart_Torso



--Head
 Head_k14_HumanoidRootPart_Torso_Head = Instance.new("Pose")
Head_k14_HumanoidRootPart_Torso_Head.Name = "Head"
Head_k14_HumanoidRootPart_Torso_Head.CFrame = cf(0.000000, -0.000000, 0.000000, 0.941949, 0.310590, 0.127541, -0.300758, 0.949377, -0.090706, -0.149257, 0.047081, 0.987677)
Head_k14_HumanoidRootPart_Torso_Head.Parent = Torso_k14_HumanoidRootPart_Torso



--Left Arm
 Left_Arm_k14_HumanoidRootPart_Torso = Instance.new("Pose")
Left_Arm_k14_HumanoidRootPart_Torso.Name = "Left Arm"
Left_Arm_k14_HumanoidRootPart_Torso.CFrame = cf(0.103290, -0.361824, 0.057591, 0.437256, 0.662492, 0.608204, -0.898946, 0.341920, 0.273839, -0.026541, -0.666480, 0.745051)
Left_Arm_k14_HumanoidRootPart_Torso.Parent = Torso_k14_HumanoidRootPart_Torso



--Right Leg
 Right_Leg_k14_HumanoidRootPart_Torso = Instance.new("Pose")
Right_Leg_k14_HumanoidRootPart_Torso.Name = "Right Leg"
Right_Leg_k14_HumanoidRootPart_Torso.CFrame = cf(-0.006612, 0.325471, 0.069468, 0.624908, 0.444348, -0.641907, -0.115094, 0.865673, 0.487200, 0.772168, -0.230576, 0.592108)
Right_Leg_k14_HumanoidRootPart_Torso.Parent = Torso_k14_HumanoidRootPart_Torso



-- Keyframe 15 (Time: 0.5833333134651184)
 keyframe15 = Instance.new("Keyframe")
keyframe15.Time = 0.5833333134651184
keyframe15.Parent = KeyframeSequence

--HumanoidRootPart
 HumanoidRootPart_k15_HumanoidRootPart = Instance.new("Pose")
HumanoidRootPart_k15_HumanoidRootPart.Name = "HumanoidRootPart"
HumanoidRootPart_k15_HumanoidRootPart.CFrame = cf(0.000000, 0.000000, 0.000000, 1.000000, 0.000000, 0.000000, 0.000000, 1.000000, 0.000000, 0.000000, 0.000000, 1.000000)
HumanoidRootPart_k15_HumanoidRootPart.Parent = keyframe15



--Torso
 Torso_k15_HumanoidRootPart_Torso = Instance.new("Pose")
Torso_k15_HumanoidRootPart_Torso.Name = "Torso"
Torso_k15_HumanoidRootPart_Torso.CFrame = cf(0.062995, -0.010425, -0.128896, 0.955890, -0.293282, -0.016162, 0.292892, 0.955874, -0.022776, 0.022129, 0.017038, 0.999610)
Torso_k15_HumanoidRootPart_Torso.Parent = HumanoidRootPart_k15_HumanoidRootPart



--Left Leg
 Left_Leg_k15_HumanoidRootPart_Torso = Instance.new("Pose")
Left_Leg_k15_HumanoidRootPart_Torso.Name = "Left Leg"
