-- KeyframeSequence Export: emotional prism
-- Generated on 2025-08-29 19:50:56

local KeyframeSequence = Instance.new("KeyframeSequence")
KeyframeSequence.Name = "PrismShuffle"
local CFrame=CFrame.new 

-- Keyframe 1 (Time: 0)
local keyframe1 = Instance.new("Keyframe")
keyframe1.Time = 0
keyframe1.Parent = KeyframeSequence

--HumanoidRootPart
local HumanoidRootPart_k1_HumanoidRootPart = Instance.new("Pose")
HumanoidRootPart_k1_HumanoidRootPart.Name = "HumanoidRootPart"
HumanoidRootPart_k1_HumanoidRootPart.CFrame = CFrame(0.000000, 0.000000, 0.000000, 1.000000, 0.000000, 0.000000, 0.000000, 1.000000, 0.000000, 0.000000, 0.000000, 1.000000)
HumanoidRootPart_k1_HumanoidRootPart.Parent = keyframe1



--Torso
local Torso_k1_HumanoidRootPart_Torso = Instance.new("Pose")
Torso_k1_HumanoidRootPart_Torso.Name = "Torso"
Torso_k1_HumanoidRootPart_Torso.CFrame = CFrame(0.067471, 0.033054, 0.140325, 0.983710, 0.179666, -0.005837, -0.179278, 0.982930, 0.041321, 0.013161, -0.039602, 0.999129)
Torso_k1_HumanoidRootPart_Torso.Parent = HumanoidRootPart_k1_HumanoidRootPart



--Left Leg
local Left_Leg_k1_HumanoidRootPart_Torso_Left_Leg = Instance.new("Pose")
Left_Leg_k1_HumanoidRootPart_Torso_Left_Leg.Name = "Left Leg"
Left_Leg_k1_HumanoidRootPart_Torso_Left_Leg.CFrame = CFrame(-0.707959, 0.267008, -0.279662, 0.728534, 0.327251, -0.601785, -0.384350, 0.922472, 0.036339, 0.567022, 0.204822, 0.797831)
Left_Leg_k1_HumanoidRootPart_Torso_Left_Leg.Parent = Torso_k1_HumanoidRootPart_Torso



--Right Arm
local Right_Arm_k1_HumanoidRootPart_Torso_Right_Arm = Instance.new("Pose")
Right_Arm_k1_HumanoidRootPart_Torso_Right_Arm.Name = "Right Arm"
Right_Arm_k1_HumanoidRootPart_Torso_Right_Arm.CFrame = CFrame(0.378562, 0.018457, 0.591019, 0.445965, -0.018129, -0.894867, 0.759982, -0.520464, 0.389288, -0.472804, -0.853691, -0.218331)
Right_Arm_k1_HumanoidRootPart_Torso_Right_Arm.Parent = Torso_k1_HumanoidRootPart_Torso



--Head
local Head_k1_HumanoidRootPart_Torso_Head = Instance.new("Pose")
Head_k1_HumanoidRootPart_Torso_Head.Name = "Head"
Head_k1_HumanoidRootPart_Torso_Head.CFrame = CFrame(0.002652, -0.007646, -0.000158, 0.997430, 0.070657, -0.011865, -0.070601, 0.997492, 0.005122, 0.012197, -0.004271, 0.999917)
Head_k1_HumanoidRootPart_Torso_Head.Parent = Torso_k1_HumanoidRootPart_Torso



--Left Arm
local Left_Arm_k1_HumanoidRootPart_Torso_Left_Arn = Instance.new("Pose")
Left_Arm_k1_HumanoidRootPart_Torso_Left_Arn.Name = "Left Arm"
Left_Arm_k1_HumanoidRootPart_Torso_Left_Arn.CFrame = CFrame(-0.283626, -0.107577, 0.695185, 0.310716, 0.339849, 0.887670, -0.237867, -0.876377, 0.418788, 0.920258, -0.341272, -0.191466)
Left_Arm_k1_HumanoidRootPart_Torso_Left_Arn.Parent = Torso_k1_HumanoidRootPart_Torso



--Right Leg
local Right_Leg_k1_HumanoidRootPart_Torso_Right_Leg = Instance.new("Pose")
Right_Leg_k1_HumanoidRootPart_Torso_Right_Leg.Name = "Right Leg"
Right_Leg_k1_HumanoidRootPart_Torso_Right_Leg.CFrame = CFrame(-0.826345, -0.053597, -0.488222, 0.439591, 0.266845, -0.857644, -0.471608, 0.881213, 0.032455, 0.764425, 0.390201, 0.513219)
Right_Leg_k1_HumanoidRootPart_Torso_Right_Leg.Parent = Torso_k1_HumanoidRootPart_Torso



-- Keyframe 2 (Time: 0.017083333805203438)
 keyframe2 = Instance.new("Keyframe")
keyframe2.Time = 0.017083333805203438
keyframe2.Parent = KeyframeSequence

--HumanoidRootPart
 HumanoidRootPart_k2_HumanoidRootPart = Instance.new("Pose")
HumanoidRootPart_k2_HumanoidRootPart.Name = "HumanoidRootPart"
HumanoidRootPart_k2_HumanoidRootPart.CFrame = CFrame(0.000000, 0.000000, 0.000000, 1.000000, 0.000000, 0.000000, 0.000000, 1.000000, 0.000000, 0.000000, 0.000000, 1.000000)
HumanoidRootPart_k2_HumanoidRootPart.Parent = keyframe2



--Torso
 Torso_k2_HumanoidRootPart_Torso = Instance.new("Pose")
Torso_k2_HumanoidRootPart_Torso.Name = "Torso"
Torso_k2_HumanoidRootPart_Torso.CFrame = CFrame(0.052910, -0.014473, 0.086325, 0.988101, 0.153791, -0.002310, -0.153783, 0.988099, 0.003424, 0.002809, -0.003028, 0.999991)
Torso_k2_HumanoidRootPart_Torso.Parent = HumanoidRootPart_k2_HumanoidRootPart



--Left Leg
 Left_Leg_k2_HumanoidRootPart_Torso_Left_Leg = Instance.new("Pose")
Left_Leg_k2_HumanoidRootPart_Torso_Left_Leg.Name = "Left Leg"
Left_Leg_k2_HumanoidRootPart_Torso_Left_Leg.CFrame = CFrame(-0.692541, 0.223575, -0.248124, 0.751734, 0.350425, -0.558658, -0.385870, 0.920709, 0.058298, 0.534791, 0.171745, 0.827347)
Left_Leg_k2_HumanoidRootPart_Torso_Left_Leg.Parent = Torso_k2_HumanoidRootPart_Torso



--Right Arm
 Right_Arm_k2_HumanoidRootPart_Torso_Right_Arm = Instance.new("Pose")
Right_Arm_k2_HumanoidRootPart_Torso_Right_Arm.Name = "Right Arm"
Right_Arm_k2_HumanoidRootPart_Torso_Right_Arm.CFrame = CFrame(0.375390, 0.056290, 0.591411, 0.427994, -0.049908, -0.902403, 0.712249, -0.596013, 0.370770, -0.556348, -0.801422, -0.219543)
Right_Arm_k2_HumanoidRootPart_Torso_Right_Arm.Parent = Torso_k2_HumanoidRootPart_Torso



--Head
 Head_k2_HumanoidRootPart_Torso_Head = Instance.new("Pose")
Head_k2_HumanoidRootPart_Torso_Head.Name = "Head"
Head_k2_HumanoidRootPart_Torso_Head.CFrame = CFrame(0.000575, -0.000337, 0.000005, 0.999084, 0.042474, -0.005147, -0.042236, 0.998318, 0.039728, 0.006826, -0.039474, 0.999197)
Head_k2_HumanoidRootPart_Torso_Head.Parent = Torso_k2_HumanoidRootPart_Torso



--Left Arm
 Left_Arm_k2_HumanoidRootPart_Torso_Left_Arn = Instance.new("Pose")
Left_Arm_k2_HumanoidRootPart_Torso_Left_Arn.Name = "Left Arm"
Left_Arm_k2_HumanoidRootPart_Torso_Left_Arn.CFrame = CFrame(-0.282450, -0.073578, 0.699506, 0.291831, 0.338884, 0.894423, -0.199661, -0.892944, 0.403468, 0.935399, -0.296326, -0.192926)
Left_Arm_k2_HumanoidRootPart_Torso_Left_Arn.Parent = Torso_k2_HumanoidRootPart_Torso



--Right Leg
 Right_Leg_k2_HumanoidRootPart_Torso_Right_Leg = Instance.new("Pose")
Right_Leg_k2_HumanoidRootPart_Torso_Right_Leg.Name = "Right Leg"
Right_Leg_k2_HumanoidRootPart_Torso_Right_Leg.CFrame = CFrame(-0.786224, -0.112491, -0.511189, 0.470025, 0.257657, -0.844209, -0.453817, 0.890889, 0.019238, 0.757051, 0.374072, 0.535668)
Right_Leg_k2_HumanoidRootPart_Torso_Right_Leg.Parent = Torso_k2_HumanoidRootPart_Torso



-- Keyframe 3 (Time: 0.03375000134110451)
 keyframe3 = Instance.new("Keyframe")
keyframe3.Time = 0.03375000134110451
keyframe3.Parent = KeyframeSequence

--HumanoidRootPart
 HumanoidRootPart_k3_HumanoidRootPart = Instance.new("Pose")
HumanoidRootPart_k3_HumanoidRootPart.Name = "HumanoidRootPart"
HumanoidRootPart_k3_HumanoidRootPart.CFrame = CFrame(0.000000, 0.000000, 0.000000, 1.000000, 0.000000, 0.000000, 0.000000, 1.000000, 0.000000, 0.000000, 0.000000, 1.000000)
HumanoidRootPart_k3_HumanoidRootPart.Parent = keyframe3



--Torso
 Torso_k3_HumanoidRootPart_Torso = Instance.new("Pose")
Torso_k3_HumanoidRootPart_Torso.Name = "Torso"
Torso_k3_HumanoidRootPart_Torso.CFrame = CFrame(0.036358, -0.058689, 0.006584, 0.990774, 0.135520, 0.000793, -0.135430, 0.990297, -0.031148, -0.005006, 0.030753, 0.999515)
Torso_k3_HumanoidRootPart_Torso.Parent = HumanoidRootPart_k3_HumanoidRootPart



--Left Leg
 Left_Leg_k3_HumanoidRootPart_Torso_Left_Leg = Instance.new("Pose")
Left_Leg_k3_HumanoidRootPart_Torso_Left_Leg.Name = "Left Leg"
Left_Leg_k3_HumanoidRootPart_Torso_Left_Leg.CFrame = CFrame(-0.763626, 0.261836, -0.274870, 0.801203, 0.318038, -0.506879, -0.320386, 0.943419, 0.085521, 0.505398, 0.093878, 0.857765)
Left_Leg_k3_HumanoidRootPart_Torso_Left_Leg.Parent = Torso_k3_HumanoidRootPart_Torso



--Right Arm
 Right_Arm_k3_HumanoidRootPart_Torso_Right_Arm = Instance.new("Pose")
Right_Arm_k3_HumanoidRootPart_Torso_Right_Arm.Name = "Right Arm"
Right_Arm_k3_HumanoidRootPart_Torso_Right_Arm.CFrame = CFrame(0.384943, 0.114158, 0.581478, 0.386001, -0.112651, -0.915595, 0.603001, -0.720313, 0.342840, -0.698136, -0.684441, -0.210113)
Right_Arm_k3_HumanoidRootPart_Torso_Right_Arm.Parent = Torso_k3_HumanoidRootPart_Torso



--Head
 Head_k3_HumanoidRootPart_Torso_Head = Instance.new("Pose")
Head_k3_HumanoidRootPart_Torso_Head.Name = "Head"
Head_k3_HumanoidRootPart_Torso_Head.CFrame = CFrame(-0.000997, 0.006422, -0.000099, 0.999880, 0.014324, 0.005878, -0.014705, 0.997379, 0.070850, -0.004847, -0.070928, 0.997470)
Head_k3_HumanoidRootPart_Torso_Head.Parent = Torso_k3_HumanoidRootPart_Torso



--Left Arm
 Left_Arm_k3_HumanoidRootPart_Torso_Left_Arn = Instance.new("Pose")
Left_Arm_k3_HumanoidRootPart_Torso_Left_Arn.Name = "Left Arm"
Left_Arm_k3_HumanoidRootPart_Torso_Left_Arn.CFrame = CFrame(-0.303626, 0.009165, 0.706599, 0.242505, 0.340236, 0.908532, -0.097742, -0.923153, 0.371801, 0.965214, -0.178965, -0.190614)
Left_Arm_k3_HumanoidRootPart_Torso_Left_Arn.Parent = Torso_k3_HumanoidRootPart_Torso



--Right Leg
 Right_Leg_k3_HumanoidRootPart_Torso_Right_Leg = Instance.new("Pose")
Right_Leg_k3_HumanoidRootPart_Torso_Right_Leg.Name = "Right Leg"
Right_Leg_k3_HumanoidRootPart_Torso_Right_Leg.CFrame = CFrame(-0.666575, -0.179080, -0.450122, 0.494397, 0.299372, -0.816056, -0.485420, 0.873882, 0.026504, 0.721069, 0.383021, 0.577365)
Right_Leg_k3_HumanoidRootPart_Torso_Right_Leg.Parent = Torso_k3_HumanoidRootPart_Torso



-- Keyframe 4 (Time: 0.050833333283662796)
 keyframe4 = Instance.new("Keyframe")
keyframe4.Time = 0.050833333283662796
keyframe4.Parent = KeyframeSequence

--HumanoidRootPart
 HumanoidRootPart_k4_HumanoidRootPart = Instance.new("Pose")
HumanoidRootPart_k4_HumanoidRootPart.Name = "HumanoidRootPart"
HumanoidRootPart_k4_HumanoidRootPart.CFrame = CFrame(0.000000, 0.000000, 0.000000, 1.000000, 0.000000, 0.000000, 0.000000, 1.000000, 0.000000, 0.000000, 0.000000, 1.000000)
HumanoidRootPart_k4_HumanoidRootPart.Parent = keyframe4



--Torso
 Torso_k4_HumanoidRootPart_Torso = Instance.new("Pose")
Torso_k4_HumanoidRootPart_Torso.Name = "Torso"
Torso_k4_HumanoidRootPart_Torso.CFrame = CFrame(0.017941, -0.098743, -0.108199, 0.992407, 0.122955, 0.003303, -0.122518, 0.990539, -0.061820, -0.010873, 0.060946, 0.998082)
Torso_k4_HumanoidRootPart_Torso.Parent = HumanoidRootPart_k4_HumanoidRootPart



--Left Leg
 Left_Leg_k4_HumanoidRootPart_Torso_Left_Leg = Instance.new("Pose")
Left_Leg_k4_HumanoidRootPart_Torso_Left_Leg.Name = "Left Leg"
Left_Leg_k4_HumanoidRootPart_Torso_Left_Leg.CFrame = CFrame(-0.888907, 0.363274, -0.326054, 0.870675, 0.239341, -0.429698, -0.213889, 0.970934, 0.107420, 0.442919, -0.001622, 0.896560)
Left_Leg_k4_HumanoidRootPart_Torso_Left_Leg.Parent = Torso_k4_HumanoidRootPart_Torso



--Right Arm
 Right_Arm_k4_HumanoidRootPart_Torso_Right_Arm = Instance.new("Pose")
Right_Arm_k4_HumanoidRootPart_Torso_Right_Arm.Name = "Right Arm"
Right_Arm_k4_HumanoidRootPart_Torso_Right_Arm.CFrame = CFrame(0.404167, 0.177453, 0.558918, 0.318859, -0.189094, -0.928748, 0.434936, -0.841439, 0.320641, -0.842116, -0.506185, -0.186056)
Right_Arm_k4_HumanoidRootPart_Torso_Right_Arm.Parent = Torso_k4_HumanoidRootPart_Torso



--Head
 Head_k4_HumanoidRootPart_Torso_Head = Instance.new("Pose")
Head_k4_HumanoidRootPart_Torso_Head.Name = "Head"
Head_k4_HumanoidRootPart_Torso_Head.CFrame = CFrame(-0.002179, 0.012462, -0.000392, 0.999734, -0.012357, 0.019486, 0.010451, 0.995414, 0.095086, -0.020572, -0.094857, 0.995278)
Head_k4_HumanoidRootPart_Torso_Head.Parent = Torso_k4_HumanoidRootPart_Torso



--Left Arm
 Left_Arm_k4_HumanoidRootPart_Torso_Left_Arn = Instance.new("Pose")
Left_Arm_k4_HumanoidRootPart_Torso_Left_Arn.Name = "Left Arm"
Left_Arm_k4_HumanoidRootPart_Torso_Left_Arn.CFrame = CFrame(-0.339742, 0.115253, 0.697687, 0.170624, 0.343008, 0.923706, 0.042516, -0.939143, 0.340887, 0.984419, -0.018891, -0.174824)
Left_Arm_k4_HumanoidRootPart_Torso_Left_Arn.Parent = Torso_k4_HumanoidRootPart_Torso



--Right Leg
 Right_Leg_k4_HumanoidRootPart_Torso_Right_Leg = Instance.new("Pose")
Right_Leg_k4_HumanoidRootPart_Torso_Right_Leg.Name = "Right Leg"
Right_Leg_k4_HumanoidRootPart_Torso_Right_Leg.CFrame = CFrame(-0.451676, -0.284895, -0.236826, 0.496757, 0.403605, -0.768333, -0.627607, 0.778524, 0.003187, 0.599452, 0.480628, 0.640043)
Right_Leg_k4_HumanoidRootPart_Torso_Right_Leg.Parent = Torso_k4_HumanoidRootPart_Torso



-- Keyframe 5 (Time: 0.06791666895151138)
 keyframe5 = Instance.new("Keyframe")
keyframe5.Time = 0.06791666895151138
keyframe5.Parent = KeyframeSequence

--HumanoidRootPart
 HumanoidRootPart_k5_HumanoidRootPart = Instance.new("Pose")
HumanoidRootPart_k5_HumanoidRootPart.Name = "HumanoidRootPart"
HumanoidRootPart_k5_HumanoidRootPart.CFrame = CFrame(0.000000, 0.000000, 0.000000, 1.000000, 0.000000, 0.000000, 0.000000, 1.000000, 0.000000, 0.000000, 0.000000, 1.000000)
HumanoidRootPart_k5_HumanoidRootPart.Parent = keyframe5



--Torso
 Torso_k5_HumanoidRootPart_Torso = Instance.new("Pose")
Torso_k5_HumanoidRootPart_Torso.Name = "Torso"
Torso_k5_HumanoidRootPart_Torso.CFrame = CFrame(-0.002079, -0.133793, -0.190669, 0.993451, 0.114137, 0.005234, -0.113237, 0.989659, -0.088050, -0.015230, 0.086881, 0.996102)
Torso_k5_HumanoidRootPart_Torso.Parent = HumanoidRootPart_k5_HumanoidRootPart



--Left Leg
 Left_Leg_k5_HumanoidRootPart_Torso_Left_Leg = Instance.new("Pose")
Left_Leg_k5_HumanoidRootPart_Torso_Left_Leg.Name = "Left Leg"
Left_Leg_k5_HumanoidRootPart_Torso_Left_Leg.CFrame = CFrame(-0.955539, 0.427312, -0.320851, 0.925174, 0.186527, -0.330549, -0.156714, 0.980937, 0.114902, 0.345680, -0.054502, 0.936768)
Left_Leg_k5_HumanoidRootPart_Torso_Left_Leg.Parent = Torso_k5_HumanoidRootPart_Torso



--Right Arm
 Right_Arm_k5_HumanoidRootPart_Torso_Right_Arm = Instance.new("Pose")
Right_Arm_k5_HumanoidRootPart_Torso_Right_Arm.Name = "Right Arm"
Right_Arm_k5_HumanoidRootPart_Torso_Right_Arm.CFrame = CFrame(0.429760, 0.229549, 0.526425, 0.227473, -0.269154, -0.935849, 0.225054, -0.920493, 0.319441, -0.947421, -0.283281, -0.148813)
Right_Arm_k5_HumanoidRootPart_Torso_Right_Arm.Parent = Torso_k5_HumanoidRootPart_Torso



--Head
 Head_k5_HumanoidRootPart_Torso_Head = Instance.new("Pose")
Head_k5_HumanoidRootPart_Torso_Head.Name = "Head"
Head_k5_HumanoidRootPart_Torso_Head.CFrame = CFrame(-0.003055, 0.017648, -0.000793, 0.998767, -0.036020, 0.034170, 0.032100, 0.993520, 0.109030, -0.037876, -0.107799, 0.993451)
Head_k5_HumanoidRootPart_Torso_Head.Parent = Torso_k5_HumanoidRootPart_Torso



--Left Arm
 Left_Arm_k5_HumanoidRootPart_Torso_Left_Arn = Instance.new("Pose")
Left_Arm_k5_HumanoidRootPart_Torso_Left_Arn.Name = "Left Arm"
Left_Arm_k5_HumanoidRootPart_Torso_Left_Arn.CFrame = CFrame(-0.383947, 0.214803, 0.664230, 0.082875, 0.349797, 0.933153, 0.189040, -0.924890, 0.329912, 0.978466, 0.149062, -0.142776)
Left_Arm_k5_HumanoidRootPart_Torso_Left_Arn.Parent = Torso_k5_HumanoidRootPart_Torso



--Right Leg
 Right_Leg_k5_HumanoidRootPart_Torso_Right_Leg = Instance.new("Pose")
Right_Leg_k5_HumanoidRootPart_Torso_Right_Leg.Name = "Right Leg"
Right_Leg_k5_HumanoidRootPart_Torso_Right_Leg.CFrame = CFrame(-0.329299, -0.322387, -0.157370, 0.549829, 0.450449, -0.703410, -0.676259, 0.734346, -0.058347, 0.490267, 0.507771, 0.708385)
Right_Leg_k5_HumanoidRootPart_Torso_Right_Leg.Parent = Torso_k5_HumanoidRootPart_Torso



-- Keyframe 6 (Time: 0.0845833346247673)
 keyframe6 = Instance.new("Keyframe")
keyframe6.Time = 0.0845833346247673
keyframe6.Parent = KeyframeSequence

--HumanoidRootPart
 HumanoidRootPart_k6_HumanoidRootPart = Instance.new("Pose")
HumanoidRootPart_k6_HumanoidRootPart.Name = "HumanoidRootPart"
HumanoidRootPart_k6_HumanoidRootPart.CFrame = CFrame(0.000000, 0.000000, 0.000000, 1.000000, 0.000000, 0.000000, 0.000000, 1.000000, 0.000000, 0.000000, 0.000000, 1.000000)
HumanoidRootPart_k6_HumanoidRootPart.Parent = keyframe6



--Torso
 Torso_k6_HumanoidRootPart_Torso = Instance.new("Pose")
Torso_k6_HumanoidRootPart_Torso.Name = "Torso"
Torso_k6_HumanoidRootPart_Torso.CFrame = CFrame(-0.023300, -0.163120, -0.217651, 0.994226, 0.107092, 0.006752, -0.105718, 0.988369, -0.109319, -0.018381, 0.107974, 0.993984)
Torso_k6_HumanoidRootPart_Torso.Parent = HumanoidRootPart_k6_HumanoidRootPart



--Left Leg
 Left_Leg_k6_HumanoidRootPart_Torso_Left_Leg = Instance.new("Pose")
Left_Leg_k6_HumanoidRootPart_Torso_Left_Leg.Name = "Left Leg"
Left_Leg_k6_HumanoidRootPart_Torso_Left_Leg.CFrame = CFrame(-0.973272, 0.449029, -0.289210, 0.956103, 0.163709, -0.243041, -0.137997, 0.983210, 0.119386, 0.258504, -0.080605, 0.962641)
Left_Leg_k6_HumanoidRootPart_Torso_Left_Leg.Parent = Torso_k6_HumanoidRootPart_Torso



--Right Arm
 Right_Arm_k6_HumanoidRootPart_Torso_Right_Arm = Instance.new("Pose")
Right_Arm_k6_HumanoidRootPart_Torso_Right_Arm.Name = "Right Arm"
Right_Arm_k6_HumanoidRootPart_Torso_Right_Arm.CFrame = CFrame(0.459249, 0.255459, 0.492189, 0.113810, -0.348672, -0.930309, 0.006633, -0.936106, 0.351656, -0.993481, -0.046192, -0.104226)
Right_Arm_k6_HumanoidRootPart_Torso_Right_Arm.Parent = Torso_k6_HumanoidRootPart_Torso



--Head
 Head_k6_HumanoidRootPart_Torso_Head = Instance.new("Pose")
Head_k6_HumanoidRootPart_Torso_Head.Name = "Head"
Head_k6_HumanoidRootPart_Torso_Head.CFrame = CFrame(-0.003696, 0.021864, -0.001214, 0.997303, -0.055022, 0.048576, 0.049453, 0.992788, 0.109211, -0.054234, -0.106514, 0.992831)
Head_k6_HumanoidRootPart_Torso_Head.Parent = Torso_k6_HumanoidRootPart_Torso



--Left Arm
 Left_Arm_k6_HumanoidRootPart_Torso_Left_Arn = Instance.new("Pose")
Left_Arm_k6_HumanoidRootPart_Torso_Left_Arn.Name = "Left Arm"
Left_Arm_k6_HumanoidRootPart_Torso_Left_Arn.CFrame = CFrame(-0.430716, 0.278467, 0.612638, -0.016329, 0.369100, 0.929246, 0.306984, -0.882633, 0.355979, 0.951575, 0.291077, -0.098895)
Left_Arm_k6_HumanoidRootPart_Torso_Left_Arn.Parent = Torso_k6_HumanoidRootPart_Torso



--Right Leg
 Right_Leg_k6_HumanoidRootPart_Torso_Right_Leg = Instance.new("Pose")
Right_Leg_k6_HumanoidRootPart_Torso_Right_Leg.Name = "Right Leg"
Right_Leg_k6_HumanoidRootPart_Torso_Right_Leg.CFrame = CFrame(-0.287424, -0.320003, -0.151811, 0.611541, 0.448342, -0.651928, -0.659202, 0.744392, -0.106435, 0.437574, 0.494844, 0.750774)
Right_Leg_k6_HumanoidRootPart_Torso_Right_Leg.Parent = Torso_k6_HumanoidRootPart_Torso



-- Keyframe 7 (Time: 0.10166666656732559)
 keyframe7 = Instance.new("Keyframe")
keyframe7.Time = 0.10166666656732559
keyframe7.Parent = KeyframeSequence

--HumanoidRootPart
 HumanoidRootPart_k7_HumanoidRootPart = Instance.new("Pose")
HumanoidRootPart_k7_HumanoidRootPart.Name = "HumanoidRootPart"
HumanoidRootPart_k7_HumanoidRootPart.CFrame = CFrame(0.000000, 0.000000, 0.000000, 1.000000, 0.000000, 0.000000, 0.000000, 1.000000, 0.000000, 0.000000, 0.000000, 1.000000)
HumanoidRootPart_k7_HumanoidRootPart.Parent = keyframe7



--Torso
 Torso_k7_HumanoidRootPart_Torso = Instance.new("Pose")
Torso_k7_HumanoidRootPart_Torso.Name = "Torso"
Torso_k7_HumanoidRootPart_Torso.CFrame = CFrame(-0.045235, -0.186352, -0.216247, 0.994969, 0.099851, 0.008135, -0.098056, 0.987283, -0.125127, -0.020526, 0.123700, 0.992107)
Torso_k7_HumanoidRootPart_Torso.Parent = HumanoidRootPart_k7_HumanoidRootPart



--Left Leg
 Left_Leg_k7_HumanoidRootPart_Torso_Left_Leg = Instance.new("Pose")
Left_Leg_k7_HumanoidRootPart_Torso_Left_Leg.Name = "Left Leg"
Left_Leg_k7_HumanoidRootPart_Torso_Left_Leg.CFrame = CFrame(-0.995428, 0.463730, -0.277580, 0.971691, 0.140729, -0.189772, -0.115430, 0.983632, 0.138358, 0.206136, -0.112534, 0.972031)
Left_Leg_k7_HumanoidRootPart_Torso_Left_Leg.Parent = Torso_k7_HumanoidRootPart_Torso



--Right Arm
 Right_Arm_k7_HumanoidRootPart_Torso_Right_Arm = Instance.new("Pose")
Right_Arm_k7_HumanoidRootPart_Torso_Right_Arm.Name = "Right Arm"
Right_Arm_k7_HumanoidRootPart_Torso_Right_Arm.CFrame = CFrame(0.490466, 0.244754, 0.466100, -0.023096, -0.426580, -0.904155, -0.184577, -0.887029, 0.423215, -0.982547, 0.176661, -0.058250)
Right_Arm_k7_HumanoidRootPart_Torso_Right_Arm.Parent = Torso_k7_HumanoidRootPart_Torso



--Head
 Head_k7_HumanoidRootPart_Torso_Head = Instance.new("Pose")
Head_k7_HumanoidRootPart_Torso_Head.Name = "Head"
Head_k7_HumanoidRootPart_Torso_Head.CFrame = CFrame(-0.004125, 0.025014, -0.001586, 0.995803, -0.067715, 0.061580, 0.061815, 0.993734, 0.093123, -0.067500, -0.088925, 0.993749)
Head_k7_HumanoidRootPart_Torso_Head.Parent = Torso_k7_HumanoidRootPart_Torso



--Left Arm
 Left_Arm_k7_HumanoidRootPart_Torso_Left_Arn = Instance.new("Pose")
Left_Arm_k7_HumanoidRootPart_Torso_Left_Arn.Name = "Left Arm"
Left_Arm_k7_HumanoidRootPart_Torso_Left_Arn.CFrame = CFrame(-0.475728, 0.291700, 0.556337, -0.124848, 0.409316, 0.903810, 0.376046, -0.823453, 0.424870, 0.918152, 0.392919, -0.051115)
Left_Arm_k7_HumanoidRootPart_Torso_Left_Arn.Parent = Torso_k7_HumanoidRootPart_Torso



--Right Leg
 Right_Leg_k7_HumanoidRootPart_Torso_Right_Leg = Instance.new("Pose")
Right_Leg_k7_HumanoidRootPart_Torso_Right_Leg.Name = "Right Leg"
Right_Leg_k7_HumanoidRootPart_Torso_Right_Leg.CFrame = CFrame(-0.271524, -0.297528, -0.121390, 0.616766, 0.445677, -0.648825, -0.652897, 0.750073, -0.105414, 0.439688, 0.488634, 0.753601)
Right_Leg_k7_HumanoidRootPart_Torso_Right_Leg.Parent = Torso_k7_HumanoidRootPart_Torso



-- Keyframe 8 (Time: 0.11874999850988388)
 keyframe8 = Instance.new("Keyframe")
keyframe8.Time = 0.11874999850988388
keyframe8.Parent = KeyframeSequence

--HumanoidRootPart
 HumanoidRootPart_k8_HumanoidRootPart = Instance.new("Pose")
HumanoidRootPart_k8_HumanoidRootPart.Name = "HumanoidRootPart"
HumanoidRootPart_k8_HumanoidRootPart.CFrame = CFrame(0.000000, 0.000000, 0.000000, 1.000000, 0.000000, 0.000000, 0.000000, 1.000000, 0.000000, 0.000000, 0.000000, 1.000000)
HumanoidRootPart_k8_HumanoidRootPart.Parent = keyframe8



--Torso
 Torso_k8_HumanoidRootPart_Torso = Instance.new("Pose")
Torso_k8_HumanoidRootPart_Torso.Name = "Torso"
Torso_k8_HumanoidRootPart_Torso.CFrame = CFrame(-0.067348, -0.203220, -0.197311, 0.995853, 0.090451, 0.009723, -0.088320, 0.986905, -0.134973, -0.021804, 0.133554, 0.990802)
Torso_k8_HumanoidRootPart_Torso.Parent = HumanoidRootPart_k8_HumanoidRootPart



--Left Leg
 Left_Leg_k8_HumanoidRootPart_Torso_Left_Leg = Instance.new("Pose")
Left_Leg_k8_HumanoidRootPart_Torso_Left_Leg.Name = "Left Leg"
Left_Leg_k8_HumanoidRootPart_Torso_Left_Leg.CFrame = CFrame(-1.046268, 0.483261, -0.299616, 0.979180, 0.094582, -0.179619, -0.062495, 0.982311, 0.176516, 0.193135, -0.161614, 0.967770)
Left_Leg_k8_HumanoidRootPart_Torso_Left_Leg.Parent = Torso_k8_HumanoidRootPart_Torso



--Right Arm
 Right_Arm_k8_HumanoidRootPart_Torso_Right_Arm = Instance.new("Pose")
Right_Arm_k8_HumanoidRootPart_Torso_Right_Arm.Name = "Right Arm"
Right_Arm_k8_HumanoidRootPart_Torso_Right_Arm.CFrame = CFrame(0.520895, 0.198389, 0.453074, -0.190702, -0.491746, -0.849599, -0.331430, -0.782408, 0.527249, -0.924006, 0.382130, -0.013772)
Right_Arm_k8_HumanoidRootPart_Torso_Right_Arm.Parent = Torso_k8_HumanoidRootPart_Torso



--Head
 Head_k8_HumanoidRootPart_Torso_Head = Instance.new("Pose")
Head_k8_HumanoidRootPart_Torso_Head.Name = "Head"
Head_k8_HumanoidRootPart_Torso_Head.CFrame = CFrame(-0.004383, 0.026980, -0.001836, 0.994701, -0.072667, 0.072730, 0.068175, 0.995717, 0.062457, -0.076957, -0.057168, 0.995394)
Head_k8_HumanoidRootPart_Torso_Head.Parent = Torso_k8_HumanoidRootPart_Torso



--Left Arm
 Left_Arm_k8_HumanoidRootPart_Torso_Left_Arn = Instance.new("Pose")
Left_Arm_k8_HumanoidRootPart_Torso_Left_Arn.Name = "Left Arm"
Left_Arm_k8_HumanoidRootPart_Torso_Left_Arn.CFrame = CFrame(-0.514542, 0.258979, 0.502736, -0.240221, 0.469233, 0.849773, 0.396347, -0.751700, 0.527121, 0.886117, 0.463430, -0.005405)
Left_Arm_k8_HumanoidRootPart_Torso_Left_Arn.Parent = Torso_k8_HumanoidRootPart_Torso



--Right Leg
 Right_Leg_k8_HumanoidRootPart_Torso_Right_Leg = Instance.new("Pose")
Right_Leg_k8_HumanoidRootPart_Torso_Right_Leg.Name = "Right Leg"
Right_Leg_k8_HumanoidRootPart_Torso_Right_Leg.CFrame = CFrame(-0.241515, -0.272532, -0.055567, 0.580455, 0.466082, -0.667712, -0.676789, 0.732105, -0.077315, 0.452801, 0.496779, 0.740394)
Right_Leg_k8_HumanoidRootPart_Torso_Right_Leg.Parent = Torso_k8_HumanoidRootPart_Torso



-- Keyframe 9 (Time: 0.1354166716337204)
 keyframe9 = Instance.new("Keyframe")
keyframe9.Time = 0.1354166716337204
keyframe9.Parent = KeyframeSequence

--HumanoidRootPart
 HumanoidRootPart_k9_HumanoidRootPart = Instance.new("Pose")
HumanoidRootPart_k9_HumanoidRootPart.Name = "HumanoidRootPart"
HumanoidRootPart_k9_HumanoidRootPart.CFrame = CFrame(0.000000, 0.000000, 0.000000, 1.000000, 0.000000, 0.000000, 0.000000, 1.000000, 0.000000, 0.000000, 0.000000, 1.000000)
HumanoidRootPart_k9_HumanoidRootPart.Parent = keyframe9



--Torso
 Torso_k9_HumanoidRootPart_Torso = Instance.new("Pose")
Torso_k9_HumanoidRootPart_Torso.Name = "Torso"
Torso_k9_HumanoidRootPart_Torso.CFrame = CFrame(-0.089115, -0.213451, -0.166619, 0.996966, 0.076925, 0.011858, -0.074555, 0.987575, -0.138341, -0.022352, 0.137037, 0.990314)
Torso_k9_HumanoidRootPart_Torso.Parent = HumanoidRootPart_k9_HumanoidRootPart



--Left Leg
 Left_Leg_k9_HumanoidRootPart_Torso_Left_Leg = Instance.new("Pose")
Left_Leg_k9_HumanoidRootPart_Torso_Left_Leg.Name = "Left Leg"
Left_Leg_k9_HumanoidRootPart_Torso_Left_Leg.CFrame = CFrame(-1.126284, 0.493711, -0.353472, 0.977742, 0.020240, -0.208834, 0.027908, 0.973947, 0.225054, 0.207948, -0.225873, 0.951703)
Left_Leg_k9_HumanoidRootPart_Torso_Left_Leg.Parent = Torso_k9_HumanoidRootPart_Torso



--Right Arm
 Right_Arm_k9_HumanoidRootPart_Torso_Right_Arm = Instance.new("Pose")
Right_Arm_k9_HumanoidRootPart_Torso_Right_Arm.Name = "Right Arm"
Right_Arm_k9_HumanoidRootPart_Torso_Right_Arm.CFrame = CFrame(0.548244, 0.120990, 0.462214, -0.408062, -0.508193, -0.758436, -0.438648, -0.619439, 0.651064, -0.800671, 0.598361, 0.029852)
Right_Arm_k9_HumanoidRootPart_Torso_Right_Arm.Parent = Torso_k9_HumanoidRootPart_Torso



--Head
 Head_k9_HumanoidRootPart_Torso_Head = Instance.new("Pose")
Head_k9_HumanoidRootPart_Torso_Head.Name = "Head"
Head_k9_HumanoidRootPart_Torso_Head.CFrame = CFrame(-0.004491, 0.027677, -0.001925, 0.994322, -0.068623, 0.081332, 0.067210, 0.997539, 0.019994, -0.082504, -0.014414, 0.996487)
Head_k9_HumanoidRootPart_Torso_Head.Parent = Torso_k9_HumanoidRootPart_Torso



--Left Arm
 Left_Arm_k9_HumanoidRootPart_Torso_Left_Arn = Instance.new("Pose")
Left_Arm_k9_HumanoidRootPart_Torso_Left_Arn.Name = "Left Arm"
Left_Arm_k9_HumanoidRootPart_Torso_Left_Arn.CFrame = CFrame(-0.539290, 0.184203, 0.455358, -0.355172, 0.545902, 0.758844, 0.364673, -0.666540, 0.650183, 0.860736, 0.507657, 0.037660)
Left_Arm_k9_HumanoidRootPart_Torso_Left_Arn.Parent = Torso_k9_HumanoidRootPart_Torso



--Right Leg
 Right_Leg_k9_HumanoidRootPart_Torso_Right_Leg = Instance.new("Pose")
Right_Leg_k9_HumanoidRootPart_Torso_Right_Leg.Name = "Right Leg"
Right_Leg_k9_HumanoidRootPart_Torso_Right_Leg.CFrame = CFrame(-0.195662, -0.250959, 0.008467, 0.553352, 0.498253, -0.667492, -0.704683, 0.707293, -0.056221, 0.444099, 0.501479, 0.742492)
Right_Leg_k9_HumanoidRootPart_Torso_Right_Leg.Parent = Torso_k9_HumanoidRootPart_Torso



-- Keyframe 10 (Time: 0.1525000035762787)
 keyframe10 = Instance.new("Keyframe")
keyframe10.Time = 0.1525000035762787
keyframe10.Parent = KeyframeSequence

--HumanoidRootPart
 HumanoidRootPart_k10_HumanoidRootPart = Instance.new("Pose")
HumanoidRootPart_k10_HumanoidRootPart.Name = "HumanoidRootPart"
HumanoidRootPart_k10_HumanoidRootPart.CFrame = CFrame(0.000000, 0.000000, 0.000000, 1.000000, 0.000000, 0.000000, 0.000000, 1.000000, 0.000000, 0.000000, 0.000000, 1.000000)
HumanoidRootPart_k10_HumanoidRootPart.Parent = keyframe10



--Torso
 Torso_k10_HumanoidRootPart_Torso = Instance.new("Pose")
Torso_k10_HumanoidRootPart_Torso.Name = "Torso"
Torso_k10_HumanoidRootPart_Torso.CFrame = CFrame(-0.110081, -0.215389, -0.127695, 0.998215, 0.057875, 0.014768, -0.055405, 0.989564, -0.133020, -0.022313, 0.131965, 0.991003)
Torso_k10_HumanoidRootPart_Torso.Parent = HumanoidRootPart_k10_HumanoidRootPart



--Left Leg
 Left_Leg_k10_HumanoidRootPart_Torso_Left_Leg = Instance.new("Pose")
Left_Leg_k10_HumanoidRootPart_Torso_Left_Leg.Name = "Left Leg"
Left_Leg_k10_HumanoidRootPart_Torso_Left_Leg.CFrame = CFrame(-1.215209, 0.465188, -0.427925, 0.959524, -0.063758, -0.274315, 0.140343, 0.952729, 0.269465, 0.244167, -0.297056, 0.923115)
Left_Leg_k10_HumanoidRootPart_Torso_Left_Leg.Parent = Torso_k10_HumanoidRootPart_Torso



--Right Arm
 Right_Arm_k10_HumanoidRootPart_Torso_Right_Arm = Instance.new("Pose")
Right_Arm_k10_HumanoidRootPart_Torso_Right_Arm.Name = "Right Arm"
Right_Arm_k10_HumanoidRootPart_Torso_Right_Arm.CFrame = CFrame(0.575960, 0.019022, 0.489802, -0.659175, -0.418609, -0.624705, -0.473063, -0.414927, 0.777205, -0.584551, 0.807838, 0.075481)
Right_Arm_k10_HumanoidRootPart_Torso_Right_Arm.Parent = Torso_k10_HumanoidRootPart_Torso



--Head
 Head_k10_HumanoidRootPart_Torso_Head = Instance.new("Pose")
Head_k10_HumanoidRootPart_Torso_Head.Name = "Head"
Head_k10_HumanoidRootPart_Torso_Head.CFrame = CFrame(-0.004477, 0.026670, -0.001772, 0.994735, -0.055098, 0.086408, 0.058130, 0.997765, -0.032969, -0.084398, 0.037819, 0.995714)
Head_k10_HumanoidRootPart_Torso_Head.Parent = Torso_k10_HumanoidRootPart_Torso



--Left Arm
 Left_Arm_k10_HumanoidRootPart_Torso_Left_Arn = Instance.new("Pose")
Left_Arm_k10_HumanoidRootPart_Torso_Left_Arn.Name = "Left Arm"
Left_Arm_k10_HumanoidRootPart_Torso_Left_Arn.CFrame = CFrame(-0.540644, 0.075007, 0.414562, -0.456816, 0.632941, 0.625064, 0.280011, -0.564634, 0.776390, 0.844342, 0.529692, 0.080704)
Left_Arm_k10_HumanoidRootPart_Torso_Left_Arn.Parent = Torso_k10_HumanoidRootPart_Torso



--Right Leg
 Right_Leg_k10_HumanoidRootPart_Torso_Right_Leg = Instance.new("Pose")
Right_Leg_k10_HumanoidRootPart_Torso_Right_Leg.Name = "Right Leg"
Right_Leg_k10_HumanoidRootPart_Torso_Right_Leg.CFrame = CFrame(-0.170586, -0.231645, 0.045064, 0.526925, 0.532661, -0.662285, -0.730852, 0.681731, -0.033177, 0.433826, 0.501512, 0.748518)
Right_Leg_k10_HumanoidRootPart_Torso_Right_Leg.Parent = Torso_k10_HumanoidRootPart_Torso



-- Keyframe 11 (Time: 0.16958333551883698)
 keyframe11 = Instance.new("Keyframe")
keyframe11.Time = 0.16958333551883698
keyframe11.Parent = KeyframeSequence

--HumanoidRootPart
 HumanoidRootPart_k11_HumanoidRootPart = Instance.new("Pose")
HumanoidRootPart_k11_HumanoidRootPart.Name = "HumanoidRootPart"
HumanoidRootPart_k11_HumanoidRootPart.CFrame = CFrame(0.000000, 0.000000, 0.000000, 1.000000, 0.000000, 0.000000, 0.000000, 1.000000, 0.000000, 0.000000, 0.000000, 1.000000)
HumanoidRootPart_k11_HumanoidRootPart.Parent = keyframe11



--Torso
 Torso_k11_HumanoidRootPart_Torso = Instance.new("Pose")
Torso_k11_HumanoidRootPart_Torso.Name = "Torso"
Torso_k11_HumanoidRootPart_Torso.CFrame = CFrame(-0.130306, -0.209751, -0.083494, 0.999249, 0.034279, 0.018053, -0.031877, 0.992294, -0.119739, -0.022018, 0.119073, 0.992641)
Torso_k11_HumanoidRootPart_Torso.Parent = HumanoidRootPart_k11_HumanoidRootPart



--Left Leg
 Left_Leg_k11_HumanoidRootPart_Torso_Left_Leg = Instance.new("Pose")
Left_Leg_k11_HumanoidRootPart_Torso_Left_Leg.Name = "Left Leg"
Left_Leg_k11_HumanoidRootPart_Torso_Left_Leg.CFrame = CFrame(-1.282092, 0.384055, -0.503002, 0.919643, -0.131174, -0.370204, 0.249833, 0.922674, 0.293694, 0.303053, -0.362583, 0.881302)
Left_Leg_k11_HumanoidRootPart_Torso_Left_Leg.Parent = Torso_k11_HumanoidRootPart_Torso



--Right Arm
 Right_Arm_k11_HumanoidRootPart_Torso_Right_Arm = Instance.new("Pose")
Right_Arm_k11_HumanoidRootPart_Torso_Right_Arm.Name = "Right Arm"
Right_Arm_k11_HumanoidRootPart_Torso_Right_Arm.CFrame = CFrame(0.580577, -0.116115, 0.493724, -0.838251, -0.308762, -0.449446, -0.368593, -0.286565, 0.884319, -0.401839, 0.906944, 0.126405)
Right_Arm_k11_HumanoidRootPart_Torso_Right_Arm.Parent = Torso_k11_HumanoidRootPart_Torso



--Head
 Head_k11_HumanoidRootPart_Torso_Head = Instance.new("Pose")
Head_k11_HumanoidRootPart_Torso_Head.Name = "Head"
Head_k11_HumanoidRootPart_Torso_Head.CFrame = CFrame(-0.004408, 0.024088, -0.001429, 0.995603, -0.034098, 0.087246, 0.042110, 0.994895, -0.091708, -0.083673, 0.094979, 0.991957)
Head_k11_HumanoidRootPart_Torso_Head.Parent = Torso_k11_HumanoidRootPart_Torso



--Left Arm
 Left_Arm_k11_HumanoidRootPart_Torso_Left_Arn = Instance.new("Pose")
Left_Arm_k11_HumanoidRootPart_Torso_Left_Arn.Name = "Left Arm"
Left_Arm_k11_HumanoidRootPart_Torso_Left_Arn.CFrame = CFrame(-0.509263, -0.055552, 0.377703, -0.528766, 0.719914, 0.449590, 0.147711, -0.443563, 0.883987, 0.835816, 0.533832, 0.128202)
Left_Arm_k11_HumanoidRootPart_Torso_Left_Arn.Parent = Torso_k11_HumanoidRootPart_Torso



--Right Leg
 Right_Leg_k11_HumanoidRootPart_Torso_Right_Leg = Instance.new("Pose")
Right_Leg_k11_HumanoidRootPart_Torso_Right_Leg.Name = "Right Leg"
Right_Leg_k11_HumanoidRootPart_Torso_Right_Leg.CFrame = CFrame(-0.173822, -0.211055, 0.053329, 0.496823, 0.568132, -0.656042, -0.754039, 0.656829, -0.002224, 0.429642, 0.495785, 0.754721)
Right_Leg_k11_HumanoidRootPart_Torso_Right_Leg.Parent = Torso_k11_HumanoidRootPart_Torso



-- Keyframe 12 (Time: 0.1862500011920929)
 keyframe12 = Instance.new("Keyframe")
keyframe12.Time = 0.1862500011920929
keyframe12.Parent = KeyframeSequence

--HumanoidRootPart
 HumanoidRootPart_k12_HumanoidRootPart = Instance.new("Pose")
HumanoidRootPart_k12_HumanoidRootPart.Name = "HumanoidRootPart"
HumanoidRootPart_k12_HumanoidRootPart.CFrame = CFrame(0.000000, 0.000000, 0.000000, 1.000000, 0.000000, 0.000000, 0.000000, 1.000000, 0.000000, 0.000000, 0.000000, 1.000000)
HumanoidRootPart_k12_HumanoidRootPart.Parent = keyframe12



--Torso
 Torso_k12_HumanoidRootPart_Torso = Instance.new("Pose")
Torso_k12_HumanoidRootPart_Torso.Name = "Torso"
Torso_k12_HumanoidRootPart_Torso.CFrame = CFrame(-0.149979, -0.199780, -0.036878, 0.999746, 0.007768, 0.021154, -0.005563, 0.994729, -0.102385, -0.021838, 0.102241, 0.994520)
Torso_k12_HumanoidRootPart_Torso.Parent = HumanoidRootPart_k12_HumanoidRootPart



--Left Leg
 Left_Leg_k12_HumanoidRootPart_Torso_Left_Leg = Instance.new("Pose")
Left_Leg_k12_HumanoidRootPart_Torso_Left_Leg.Name = "Left Leg"
Left_Leg_k12_HumanoidRootPart_Torso_Left_Leg.CFrame = CFrame(-1.302667, 0.271199, -0.560899, 0.860962, -0.162432, -0.482038, 0.332347, 0.897036, 0.291326, 0.385085, -0.411025, 0.826298)
Left_Leg_k12_HumanoidRootPart_Torso_Left_Leg.Parent = Torso_k12_HumanoidRootPart_Torso



--Right Arm
 Right_Arm_k12_HumanoidRootPart_Torso_Right_Arm = Instance.new("Pose")
Right_Arm_k12_HumanoidRootPart_Torso_Right_Arm.Name = "Right Arm"
Right_Arm_k12_HumanoidRootPart_Torso_Right_Arm.CFrame = CFrame(0.540737, -0.272517, 0.477173, -0.941648, -0.231522, -0.244331, -0.187593, -0.241731, 0.952038, -0.279479, 0.942319, 0.184193)
Right_Arm_k12_HumanoidRootPart_Torso_Right_Arm.Parent = Torso_k12_HumanoidRootPart_Torso



--Head
 Head_k12_HumanoidRootPart_Torso_Head = Instance.new("Pose")
Head_k12_HumanoidRootPart_Torso_Head.Name = "Head"
Head_k12_HumanoidRootPart_Torso_Head.CFrame = CFrame(-0.004367, 0.020721, -0.001039, 0.996443, -0.008197, 0.083875, 0.020606, 0.988746, -0.148178, -0.081716, 0.149379, 0.985398)
Head_k12_HumanoidRootPart_Torso_Head.Parent = Torso_k12_HumanoidRootPart_Torso



--Left Arm
 Left_Arm_k12_HumanoidRootPart_Torso_Left_Arn = Instance.new("Pose")
Left_Arm_k12_HumanoidRootPart_Torso_Left_Arn.Name = "Left Arm"
Left_Arm_k12_HumanoidRootPart_Torso_Left_Arn.CFrame = CFrame(-0.440664, -0.189673, 0.340196, -0.556688, 0.793979, 0.244331, -0.017817, -0.305462, 0.952038, 0.830531, 0.525634, 0.184193)
Left_Arm_k12_HumanoidRootPart_Torso_Left_Arn.Parent = Torso_k12_HumanoidRootPart_Torso



--Right Leg
 Right_Leg_k12_HumanoidRootPart_Torso_Right_Leg = Instance.new("Pose")
Right_Leg_k12_HumanoidRootPart_Torso_Right_Leg.Name = "Right Leg"
Right_Leg_k12_HumanoidRootPart_Torso_Right_Leg.CFrame = CFrame(-0.195756, -0.185539, 0.042110, 0.468758, 0.599697, -0.648560, -0.771051, 0.636027, 0.030817, 0.430983, 0.485628, 0.760539)
Right_Leg_k12_HumanoidRootPart_Torso_Right_Leg.Parent = Torso_k12_HumanoidRootPart_Torso



-- Keyframe 13 (Time: 0.20333333313465118)
 keyframe13 = Instance.new("Keyframe")
keyframe13.Time = 0.20333333313465118
keyframe13.Parent = KeyframeSequence

--HumanoidRootPart
 HumanoidRootPart_k13_HumanoidRootPart = Instance.new("Pose")
HumanoidRootPart_k13_HumanoidRootPart.Name = "HumanoidRootPart"
HumanoidRootPart_k13_HumanoidRootPart.CFrame = CFrame(0.000000, 0.000000, 0.000000, 1.000000, 0.000000, 0.000000, 0.000000, 1.000000, 0.000000, 0.000000, 0.000000, 1.000000)
HumanoidRootPart_k13_HumanoidRootPart.Parent = keyframe13



--Torso
 Torso_k13_HumanoidRootPart_Torso = Instance.new("Pose")
Torso_k13_HumanoidRootPart_Torso.Name = "Torso"
Torso_k13_HumanoidRootPart_Torso.CFrame = CFrame(-0.169117, -0.188755, 0.009558, 0.999519, -0.019962, 0.023723, 0.021910, 0.996147, -0.084915, -0.021936, 0.085394, 0.996106)
Torso_k13_HumanoidRootPart_Torso.Parent = HumanoidRootPart_k13_HumanoidRootPart



--Left Leg
 Left_Leg_k13_HumanoidRootPart_Torso_Left_Leg = Instance.new("Pose")
Left_Leg_k13_HumanoidRootPart_Torso_Left_Leg.Name = "Left Leg"
Left_Leg_k13_HumanoidRootPart_Torso_Left_Leg.CFrame = CFrame(-1.276980, 0.163325, -0.588196, 0.793106, -0.157264, -0.588432, 0.375317, 0.887069, 0.268786, 0.479709, -0.434024, 0.762563)
Left_Leg_k13_HumanoidRootPart_Torso_Left_Leg.Parent = Torso_k13_HumanoidRootPart_Torso



--Right Arm
 Right_Arm_k13_HumanoidRootPart_Torso_Right_Arm = Instance.new("Pose")
Right_Arm_k13_HumanoidRootPart_Torso_Right_Arm.Name = "Right Arm"
Right_Arm_k13_HumanoidRootPart_Torso_Right_Arm.CFrame = CFrame(0.448122, -0.420692, 0.445583, -0.973761, -0.225394, -0.031420, 0.025016, -0.243246, 0.969642, -0.226194, 0.943414, 0.242502)
Right_Arm_k13_HumanoidRootPart_Torso_Right_Arm.Parent = Torso_k13_HumanoidRootPart_Torso



--Head
 Head_k13_HumanoidRootPart_Torso_Head = Instance.new("Pose")
Head_k13_HumanoidRootPart_Torso_Head.Name = "Head"
Head_k13_HumanoidRootPart_Torso_Head.CFrame = CFrame(-0.004382, 0.017346, -0.000709, 0.996786, 0.021963, 0.077048, -0.006501, 0.980693, -0.195444, -0.079852, 0.194315, 0.977684)
Head_k13_HumanoidRootPart_Torso_Head.Parent = Torso_k13_HumanoidRootPart_Torso



--Left Arm
 Left_Arm_k13_HumanoidRootPart_Torso_Left_Arn = Instance.new("Pose")
Left_Arm_k13_HumanoidRootPart_Torso_Left_Arn.Name = "Left Arm"
Left_Arm_k13_HumanoidRootPart_Torso_Left_Arn.CFrame = CFrame(-0.339731, -0.305413, 0.301566, -0.534441, 0.844623, 0.031365, -0.188905, -0.155536, 0.969600, 0.823825, 0.512269, 0.242678)
Left_Arm_k13_HumanoidRootPart_Torso_Left_Arn.Parent = Torso_k13_HumanoidRootPart_Torso



--Right Leg
 Right_Leg_k13_HumanoidRootPart_Torso_Right_Leg = Instance.new("Pose")
Right_Leg_k13_HumanoidRootPart_Torso_Right_Leg.Name = "Right Leg"
Right_Leg_k13_HumanoidRootPart_Torso_Right_Leg.CFrame = CFrame(-0.227132, -0.152015, 0.020734, 0.444603, 0.624159, -0.642461, -0.780180, 0.622210, 0.064577, 0.440054, 0.472526, 0.763592)
Right_Leg_k13_HumanoidRootPart_Torso_Right_Leg.Parent = Torso_k13_HumanoidRootPart_Torso



-- Keyframe 14 (Time: 0.22041666507720947)
 keyframe14 = Instance.new("Keyframe")
keyframe14.Time = 0.22041666507720947
keyframe14.Parent = KeyframeSequence

--HumanoidRootPart
 HumanoidRootPart_k14_HumanoidRootPart = Instance.new("Pose")
HumanoidRootPart_k14_HumanoidRootPart.Name = "HumanoidRootPart"
HumanoidRootPart_k14_HumanoidRootPart.CFrame = CFrame(0.000000, 0.000000, 0.000000, 1.000000, 0.000000, 0.000000, 0.000000, 1.000000, 0.000000, 0.000000, 0.000000, 1.000000)
HumanoidRootPart_k14_HumanoidRootPart.Parent = keyframe14



--Torso
 Torso_k14_HumanoidRootPart_Torso = Instance.new("Pose")
Torso_k14_HumanoidRootPart_Torso.Name = "Torso"
Torso_k14_HumanoidRootPart_Torso.CFrame = CFrame(-0.187519, -0.180027, 0.053229, 0.998557, -0.047172, 0.025676, 0.048898, 0.996253, -0.071337, -0.022215, 0.072489, 0.997122)
Torso_k14_HumanoidRootPart_Torso.Parent = HumanoidRootPart_k14_HumanoidRootPart



--Left Leg
 Left_Leg_k14_HumanoidRootPart_Torso_Left_Leg = Instance.new("Pose")
Left_Leg_k14_HumanoidRootPart_Torso_Left_Leg.Name = "Left Leg"
Left_Leg_k14_HumanoidRootPart_Torso_Left_Leg.CFrame = CFrame(-1.214382, 0.084715, -0.567880, 0.733424, -0.120083, -0.669080, 0.367194, 0.898309, 0.241276, 0.572065, -0.422636, 0.702935)
Left_Leg_k14_HumanoidRootPart_Torso_Left_Leg.Parent = Torso_k14_HumanoidRootPart_Torso



--Right Arm
