-- KeyframeSequence Export: KeyframeSequence
-- Generated on 2025-09-02 14:56:23

local KeyframeSequence = Instance.new("KeyframeSequence")
KeyframeSequence.Name = "Rambunctious"
local cf=CFrame.new

-- Keyframe 1 (Time: 0)
local keyframe1 = Instance.new("Keyframe")
keyframe1.Time = 0
keyframe1.Parent = KeyframeSequence

--HumanoidRootPart
local HumanoidRootPart_k1_HumanoidRootPart = Instance.new("Pose")
HumanoidRootPart_k1_HumanoidRootPart.Name = "HumanoidRootPart"
HumanoidRootPart_k1_HumanoidRootPart.CFrame = cf(0.000000, 0.000000, 0.000000, 1.000000, 0.000000, 0.000000, 0.000000, 1.000000, 0.000000, 0.000000, 0.000000, 1.000000)
HumanoidRootPart_k1_HumanoidRootPart.Parent = keyframe1



--Torso
local Torso_k1_HumanoidRootPart_Torso = Instance.new("Pose")
Torso_k1_HumanoidRootPart_Torso.Name = "Torso"
Torso_k1_HumanoidRootPart_Torso.CFrame = cf(0.363564, 0.413592, -0.742010, 0.970039, -0.199207, 0.139073, 0.217507, 0.967115, -0.131827, -0.108238, 0.158127, 0.981469)
Torso_k1_HumanoidRootPart_Torso.Parent = HumanoidRootPart_k1_HumanoidRootPart



--Right Arm
local Right_Arm_k1_HumanoidRootPart_Torso_Replace = Instance.new("Pose")
Right_Arm_k1_HumanoidRootPart_Torso_Replace.Name = "Right Arm"
Right_Arm_k1_HumanoidRootPart_Torso_Replace.CFrame = cf(-0.366879, -0.259959, 0.459378, -0.168373, -0.916126, 0.363820, 0.743948, 0.124037, 0.656626, -0.646678, 0.381220, 0.660665)
Right_Arm_k1_HumanoidRootPart_Torso_Replace.Parent = Torso_k1_HumanoidRootPart_Torso



--Left Arm
local Left_Arm_k1_HumanoidRootPart_Torso_Replace = Instance.new("Pose")
Left_Arm_k1_HumanoidRootPart_Torso_Replace.Name = "Left Arm"
Left_Arm_k1_HumanoidRootPart_Torso_Replace.CFrame = cf(-0.018948, -0.128170, 1.000784, 0.357162, -0.022468, 0.933772, 0.257876, -0.958483, -0.121698, 0.897739, 0.284262, -0.336540)
Left_Arm_k1_HumanoidRootPart_Torso_Replace.Parent = Torso_k1_HumanoidRootPart_Torso



--Right Leg
local Right_Leg_k1_HumanoidRootPart_Torso_Replace = Instance.new("Pose")
Right_Leg_k1_HumanoidRootPart_Torso_Replace.Name = "Right Leg"
Right_Leg_k1_HumanoidRootPart_Torso_Replace.CFrame = cf(0.365852, 0.685503, -0.369656, 0.939501, -0.063178, -0.336669, 0.271975, 0.735084, 0.621031, 0.208247, -0.675026, 0.707795)
Right_Leg_k1_HumanoidRootPart_Torso_Replace.Parent = Torso_k1_HumanoidRootPart_Torso



--Left Leg
local Left_Leg_k1_HumanoidRootPart_Torso_Replace = Instance.new("Pose")
Left_Leg_k1_HumanoidRootPart_Torso_Replace.Name = "Left Leg"
Left_Leg_k1_HumanoidRootPart_Torso_Replace.CFrame = cf(-0.937224, 0.374257, 0.277059, 0.628039, -0.696464, 0.347133, 0.662530, 0.712546, 0.230944, -0.408192, 0.084943, 0.908936)
Left_Leg_k1_HumanoidRootPart_Torso_Replace.Parent = Torso_k1_HumanoidRootPart_Torso



--Head
local Head_k1_HumanoidRootPart_Torso_Head = Instance.new("Pose")
Head_k1_HumanoidRootPart_Torso_Head.Name = "Head"
Head_k1_HumanoidRootPart_Torso_Head.CFrame = cf(0.000000, -0.000000, 0.000000, 0.583980, 0.754624, -0.299181, -0.682401, 0.655967, 0.322547, 0.439654, 0.015800, 0.898028)
Head_k1_HumanoidRootPart_Torso_Head.Parent = Torso_k1_HumanoidRootPart_Torso



-- Keyframe 2 (Time: 0.03333333507180214)
 keyframe2 = Instance.new("Keyframe")
keyframe2.Time = 0.03333333507180214
keyframe2.Parent = KeyframeSequence

--HumanoidRootPart
 HumanoidRootPart_k2_HumanoidRootPart = Instance.new("Pose")
HumanoidRootPart_k2_HumanoidRootPart.Name = "HumanoidRootPart"
HumanoidRootPart_k2_HumanoidRootPart.CFrame = cf(0.000000, 0.000000, 0.000000, 1.000000, 0.000000, 0.000000, 0.000000, 1.000000, 0.000000, 0.000000, 0.000000, 1.000000)
HumanoidRootPart_k2_HumanoidRootPart.Parent = keyframe2



--Torso
 Torso_k2_HumanoidRootPart_Torso = Instance.new("Pose")
Torso_k2_HumanoidRootPart_Torso.Name = "Torso"
Torso_k2_HumanoidRootPart_Torso.CFrame = cf(0.401435, 0.437904, -0.798867, 0.947421, -0.285108, 0.145279, 0.303530, 0.944461, -0.125951, -0.101301, 0.163425, 0.981341)
Torso_k2_HumanoidRootPart_Torso.Parent = HumanoidRootPart_k2_HumanoidRootPart



--Right Arm
 Right_Arm_k2_HumanoidRootPart_Torso_Replace = Instance.new("Pose")
Right_Arm_k2_HumanoidRootPart_Torso_Replace.Name = "Right Arm"
Right_Arm_k2_HumanoidRootPart_Torso_Replace.CFrame = cf(-0.464270, -0.186827, 0.307715, 0.210091, -0.908017, 0.362444, 0.635216, 0.408585, 0.655408, -0.743211, 0.092534, 0.662628)
Right_Arm_k2_HumanoidRootPart_Torso_Replace.Parent = Torso_k2_HumanoidRootPart_Torso



--Left Arm
 Left_Arm_k2_HumanoidRootPart_Torso_Replace = Instance.new("Pose")
Left_Arm_k2_HumanoidRootPart_Torso_Replace.Name = "Left Arm"
Left_Arm_k2_HumanoidRootPart_Torso_Replace.CFrame = cf(-0.149356, -0.301456, 0.995102, 0.149079, 0.136033, 0.979424, 0.225180, -0.969138, 0.100330, 0.962845, 0.205588, -0.175110)
Left_Arm_k2_HumanoidRootPart_Torso_Replace.Parent = Torso_k2_HumanoidRootPart_Torso



--Right Leg
 Right_Leg_k2_HumanoidRootPart_Torso_Replace = Instance.new("Pose")
Right_Leg_k2_HumanoidRootPart_Torso_Replace.Name = "Right Leg"
Right_Leg_k2_HumanoidRootPart_Torso_Replace.CFrame = cf(0.431231, 0.721791, -0.395397, 0.980777, 0.018448, -0.194257, 0.129591, 0.682684, 0.719130, 0.145885, -0.730481, 0.667170)
Right_Leg_k2_HumanoidRootPart_Torso_Replace.Parent = Torso_k2_HumanoidRootPart_Torso



--Left Leg
 Left_Leg_k2_HumanoidRootPart_Torso_Replace = Instance.new("Pose")
Left_Leg_k2_HumanoidRootPart_Torso_Replace.Name = "Left Leg"
Left_Leg_k2_HumanoidRootPart_Torso_Replace.CFrame = cf(-1.112826, 0.343166, 0.226393, 0.612290, -0.743038, 0.270170, 0.714681, 0.666297, 0.212797, -0.338129, 0.062791, 0.939003)
Left_Leg_k2_HumanoidRootPart_Torso_Replace.Parent = Torso_k2_HumanoidRootPart_Torso



--Head
 Head_k2_HumanoidRootPart_Torso_Head = Instance.new("Pose")
Head_k2_HumanoidRootPart_Torso_Head.Name = "Head"
Head_k2_HumanoidRootPart_Torso_Head.CFrame = cf(0.000000, 0.000000, 0.000000, 0.599716, 0.746288, -0.288781, -0.669322, 0.665606, 0.330116, 0.438576, -0.004689, 0.898682)
Head_k2_HumanoidRootPart_Torso_Head.Parent = Torso_k2_HumanoidRootPart_Torso



-- Keyframe 3 (Time: 0.06666667014360428)
 keyframe3 = Instance.new("Keyframe")
keyframe3.Time = 0.06666667014360428
keyframe3.Parent = KeyframeSequence

--HumanoidRootPart
 HumanoidRootPart_k3_HumanoidRootPart = Instance.new("Pose")
HumanoidRootPart_k3_HumanoidRootPart.Name = "HumanoidRootPart"
HumanoidRootPart_k3_HumanoidRootPart.CFrame = cf(0.000000, 0.000000, 0.000000, 1.000000, 0.000000, 0.000000, 0.000000, 1.000000, 0.000000, 0.000000, 0.000000, 1.000000)
HumanoidRootPart_k3_HumanoidRootPart.Parent = keyframe3



--Torso
 Torso_k3_HumanoidRootPart_Torso = Instance.new("Pose")
Torso_k3_HumanoidRootPart_Torso.Name = "Torso"
Torso_k3_HumanoidRootPart_Torso.CFrame = cf(0.393650, 0.449979, -0.826128, 0.919817, -0.361994, 0.151319, 0.380734, 0.916678, -0.121423, -0.094757, 0.169299, 0.980999)
Torso_k3_HumanoidRootPart_Torso.Parent = HumanoidRootPart_k3_HumanoidRootPart



--Right Arm
 Right_Arm_k3_HumanoidRootPart_Torso_Replace = Instance.new("Pose")
Right_Arm_k3_HumanoidRootPart_Torso_Replace.Name = "Right Arm"
Right_Arm_k3_HumanoidRootPart_Torso_Replace.CFrame = cf(-0.485142, -0.151536, 0.153730, 0.566988, -0.742175, 0.357353, 0.419129, 0.633402, 0.650487, -0.709123, -0.219041, 0.670198)
Right_Arm_k3_HumanoidRootPart_Torso_Replace.Parent = Torso_k3_HumanoidRootPart_Torso



--Left Arm
 Left_Arm_k3_HumanoidRootPart_Torso_Replace = Instance.new("Pose")
Left_Arm_k3_HumanoidRootPart_Torso_Replace.Name = "Left Arm"
Left_Arm_k3_HumanoidRootPart_Torso_Replace.CFrame = cf(-0.323334, -0.419035, 0.960231, -0.028368, 0.174866, 0.984183, 0.135238, -0.974856, 0.177107, 0.990407, 0.138123, 0.004006)
Left_Arm_k3_HumanoidRootPart_Torso_Replace.Parent = Torso_k3_HumanoidRootPart_Torso



--Right Leg
 Right_Leg_k3_HumanoidRootPart_Torso_Replace = Instance.new("Pose")
Right_Leg_k3_HumanoidRootPart_Torso_Replace.Name = "Right Leg"
Right_Leg_k3_HumanoidRootPart_Torso_Replace.CFrame = cf(0.522358, 0.699052, -0.441737, 0.994275, 0.103267, -0.027442, -0.043786, 0.628022, 0.776963, 0.097472, -0.771313, 0.628948)
Right_Leg_k3_HumanoidRootPart_Torso_Replace.Parent = Torso_k3_HumanoidRootPart_Torso



--Left Leg
 Left_Leg_k3_HumanoidRootPart_Torso_Replace = Instance.new("Pose")
Left_Leg_k3_HumanoidRootPart_Torso_Replace.Name = "Left Leg"
Left_Leg_k3_HumanoidRootPart_Torso_Replace.CFrame = cf(-1.219328, 0.357465, 0.184993, 0.628028, -0.751195, 0.203183, 0.725496, 0.659639, 0.196303, -0.281489, 0.024124, 0.959261)
Left_Leg_k3_HumanoidRootPart_Torso_Replace.Parent = Torso_k3_HumanoidRootPart_Torso



--Head
 Head_k3_HumanoidRootPart_Torso_Head = Instance.new("Pose")
Head_k3_HumanoidRootPart_Torso_Head.Name = "Head"
Head_k3_HumanoidRootPart_Torso_Head.CFrame = cf(0.000000, 0.000000, 0.000000, 0.621139, 0.731843, -0.280342, -0.650582, 0.680960, 0.336210, 0.436955, -0.026447, 0.899095)
Head_k3_HumanoidRootPart_Torso_Head.Parent = Torso_k3_HumanoidRootPart_Torso



-- Keyframe 4 (Time: 0.10000000149011612)
 keyframe4 = Instance.new("Keyframe")
keyframe4.Time = 0.10000000149011612
keyframe4.Parent = KeyframeSequence

--HumanoidRootPart
 HumanoidRootPart_k4_HumanoidRootPart = Instance.new("Pose")
HumanoidRootPart_k4_HumanoidRootPart.Name = "HumanoidRootPart"
HumanoidRootPart_k4_HumanoidRootPart.CFrame = cf(0.000000, 0.000000, 0.000000, 1.000000, 0.000000, 0.000000, 0.000000, 1.000000, 0.000000, 0.000000, 0.000000, 1.000000)
HumanoidRootPart_k4_HumanoidRootPart.Parent = keyframe4



--Torso
 Torso_k4_HumanoidRootPart_Torso = Instance.new("Pose")
Torso_k4_HumanoidRootPart_Torso.Name = "Torso"
Torso_k4_HumanoidRootPart_Torso.CFrame = cf(0.305237, 0.429871, -0.807296, 0.892300, -0.422947, 0.157846, 0.442495, 0.888677, -0.120214, -0.089430, 0.177113, 0.980119)
Torso_k4_HumanoidRootPart_Torso.Parent = HumanoidRootPart_k4_HumanoidRootPart



--Right Arm
 Right_Arm_k4_HumanoidRootPart_Torso_Replace = Instance.new("Pose")
Right_Arm_k4_HumanoidRootPart_Torso_Replace.Name = "Right Arm"
Right_Arm_k4_HumanoidRootPart_Torso_Replace.CFrame = cf(-0.468826, -0.167986, 0.040005, 0.799040, -0.492753, 0.344571, 0.185771, 0.747341, 0.637942, -0.571860, -0.445730, 0.688695)
Right_Arm_k4_HumanoidRootPart_Torso_Replace.Parent = Torso_k4_HumanoidRootPart_Torso



--Left Arm
 Left_Arm_k4_HumanoidRootPart_Torso_Replace = Instance.new("Pose")
Left_Arm_k4_HumanoidRootPart_Torso_Replace.Name = "Left Arm"
Left_Arm_k4_HumanoidRootPart_Torso_Replace.CFrame = cf(-0.603916, -0.436719, 0.850101, -0.194691, 0.034286, 0.980265, 0.006482, -0.999322, 0.036240, 0.980843, 0.013409, 0.194337)
Left_Arm_k4_HumanoidRootPart_Torso_Replace.Parent = Torso_k4_HumanoidRootPart_Torso



--Right Leg
 Right_Leg_k4_HumanoidRootPart_Torso_Replace = Instance.new("Pose")
Right_Leg_k4_HumanoidRootPart_Torso_Replace.Name = "Right Leg"
Right_Leg_k4_HumanoidRootPart_Torso_Replace.CFrame = cf(0.609105, 0.655964, -0.456128, 0.979260, 0.191726, 0.065499, -0.171692, 0.613636, 0.770697, 0.107573, -0.765958, 0.633827)
Right_Leg_k4_HumanoidRootPart_Torso_Replace.Parent = Torso_k4_HumanoidRootPart_Torso



--Left Leg
 Left_Leg_k4_HumanoidRootPart_Torso_Replace = Instance.new("Pose")
Left_Leg_k4_HumanoidRootPart_Torso_Replace.Name = "Left Leg"
Left_Leg_k4_HumanoidRootPart_Torso_Replace.CFrame = cf(-1.170970, 0.485829, 0.259182, 0.696692, -0.677224, 0.236610, 0.651184, 0.735403, 0.187472, -0.300965, 0.023465, 0.953347)
Left_Leg_k4_HumanoidRootPart_Torso_Replace.Parent = Torso_k4_HumanoidRootPart_Torso



--Head
 Head_k4_HumanoidRootPart_Torso_Head = Instance.new("Pose")
Head_k4_HumanoidRootPart_Torso_Head.Name = "Head"
Head_k4_HumanoidRootPart_Torso_Head.CFrame = cf(-0.000000, 0.000000, 0.000000, 0.653548, 0.704832, -0.275841, -0.619937, 0.707564, 0.339163, 0.434227, -0.050655, 0.899378)
Head_k4_HumanoidRootPart_Torso_Head.Parent = Torso_k4_HumanoidRootPart_Torso



-- Keyframe 5 (Time: 0.13333334028720856)
 keyframe5 = Instance.new("Keyframe")
keyframe5.Time = 0.13333334028720856
keyframe5.Parent = KeyframeSequence

--HumanoidRootPart
 HumanoidRootPart_k5_HumanoidRootPart = Instance.new("Pose")
HumanoidRootPart_k5_HumanoidRootPart.Name = "HumanoidRootPart"
HumanoidRootPart_k5_HumanoidRootPart.CFrame = cf(0.000000, 0.000000, 0.000000, 1.000000, 0.000000, 0.000000, 0.000000, 1.000000, 0.000000, 0.000000, 0.000000, 1.000000)
HumanoidRootPart_k5_HumanoidRootPart.Parent = keyframe5



--Torso
 Torso_k5_HumanoidRootPart_Torso = Instance.new("Pose")
Torso_k5_HumanoidRootPart_Torso.Name = "Torso"
Torso_k5_HumanoidRootPart_Torso.CFrame = cf(0.147799, 0.372566, -0.757402, 0.871151, -0.462217, 0.165682, 0.483403, 0.866530, -0.124288, -0.086120, 0.188365, 0.978316)
Torso_k5_HumanoidRootPart_Torso.Parent = HumanoidRootPart_k5_HumanoidRootPart



--Right Arm
 Right_Arm_k5_HumanoidRootPart_Torso_Replace = Instance.new("Pose")
Right_Arm_k5_HumanoidRootPart_Torso_Replace.Name = "Right Arm"
Right_Arm_k5_HumanoidRootPart_Torso_Replace.CFrame = cf(-0.466048, -0.207053, -0.028196, 0.904722, -0.281800, 0.319478, 0.029309, 0.789343, 0.613252, -0.424993, -0.545459, 0.722395)
Right_Arm_k5_HumanoidRootPart_Torso_Replace.Parent = Torso_k5_HumanoidRootPart_Torso



--Left Arm
 Left_Arm_k5_HumanoidRootPart_Torso_Replace = Instance.new("Pose")
Left_Arm_k5_HumanoidRootPart_Torso_Replace.Name = "Left Arm"
Left_Arm_k5_HumanoidRootPart_Torso_Replace.CFrame = cf(-0.818490, -0.430774, 0.583925, -0.431447, -0.013911, 0.902031, -0.209127, -0.971102, -0.115004, 0.877565, -0.238257, 0.416070)
Left_Arm_k5_HumanoidRootPart_Torso_Replace.Parent = Torso_k5_HumanoidRootPart_Torso



--Right Leg
 Right_Leg_k5_HumanoidRootPart_Torso_Replace = Instance.new("Pose")
Right_Leg_k5_HumanoidRootPart_Torso_Replace.Name = "Right Leg"
Right_Leg_k5_HumanoidRootPart_Torso_Replace.CFrame = cf(0.559352, 0.657560, -0.314507, 0.970290, 0.240608, -0.025373, -0.153198, 0.692164, 0.705294, 0.187264, -0.680454, 0.708460)
Right_Leg_k5_HumanoidRootPart_Torso_Replace.Parent = Torso_k5_HumanoidRootPart_Torso



--Left Leg
 Left_Leg_k5_HumanoidRootPart_Torso_Replace = Instance.new("Pose")
Left_Leg_k5_HumanoidRootPart_Torso_Replace.Name = "Left Leg"
Left_Leg_k5_HumanoidRootPart_Torso_Replace.CFrame = cf(-0.950398, 0.687647, 0.351873, 0.779653, -0.512883, 0.359290, 0.472298, 0.858354, 0.200416, -0.411188, 0.013435, 0.911452)
Left_Leg_k5_HumanoidRootPart_Torso_Replace.Parent = Torso_k5_HumanoidRootPart_Torso



--Head
 Head_k5_HumanoidRootPart_Torso_Head = Instance.new("Pose")
Head_k5_HumanoidRootPart_Torso_Head.Name = "Head"
Head_k5_HumanoidRootPart_Torso_Head.CFrame = cf(0.000000, -0.000000, 0.000000, 0.701061, 0.657058, -0.277107, -0.569465, 0.749744, 0.337037, 0.429212, -0.078480, 0.899788)
Head_k5_HumanoidRootPart_Torso_Head.Parent = Torso_k5_HumanoidRootPart_Torso



-- Keyframe 6 (Time: 0.1666666716337204)
 keyframe6 = Instance.new("Keyframe")
keyframe6.Time = 0.1666666716337204
keyframe6.Parent = KeyframeSequence

--HumanoidRootPart
 HumanoidRootPart_k6_HumanoidRootPart = Instance.new("Pose")
HumanoidRootPart_k6_HumanoidRootPart.Name = "HumanoidRootPart"
HumanoidRootPart_k6_HumanoidRootPart.CFrame = cf(0.000000, 0.000000, 0.000000, 1.000000, 0.000000, 0.000000, 0.000000, 1.000000, 0.000000, 0.000000, 0.000000, 1.000000)
HumanoidRootPart_k6_HumanoidRootPart.Parent = keyframe6



--Torso
 Torso_k6_HumanoidRootPart_Torso = Instance.new("Pose")
Torso_k6_HumanoidRootPart_Torso.Name = "Torso"
Torso_k6_HumanoidRootPart_Torso.CFrame = cf(-0.053389, 0.288155, -0.687499, 0.862525, -0.474616, 0.175475, 0.498685, 0.856096, -0.135697, -0.085820, 0.204549, 0.975087)
Torso_k6_HumanoidRootPart_Torso.Parent = HumanoidRootPart_k6_HumanoidRootPart



--Right Arm
 Right_Arm_k6_HumanoidRootPart_Torso_Replace = Instance.new("Pose")
Right_Arm_k6_HumanoidRootPart_Torso_Replace.Name = "Right Arm"
Right_Arm_k6_HumanoidRootPart_Torso_Replace.CFrame = cf(-0.497864, -0.234071, -0.071546, 0.944183, -0.173593, 0.279970, -0.019086, 0.819632, 0.572573, -0.328867, -0.545957, 0.770569)
Right_Arm_k6_HumanoidRootPart_Torso_Replace.Parent = Torso_k6_HumanoidRootPart_Torso



--Left Arm
 Left_Arm_k6_HumanoidRootPart_Torso_Replace = Instance.new("Pose")
Left_Arm_k6_HumanoidRootPart_Torso_Replace.Name = "Left Arm"
Left_Arm_k6_HumanoidRootPart_Torso_Replace.CFrame = cf(-0.716159, -0.510841, 0.191522, -0.597329, 0.358325, 0.717497, -0.571829, -0.817570, -0.067755, 0.562326, -0.450758, 0.693259)
Left_Arm_k6_HumanoidRootPart_Torso_Replace.Parent = Torso_k6_HumanoidRootPart_Torso



--Right Leg
 Right_Leg_k6_HumanoidRootPart_Torso_Replace = Instance.new("Pose")
Right_Leg_k6_HumanoidRootPart_Torso_Replace.Name = "Right Leg"
Right_Leg_k6_HumanoidRootPart_Torso_Replace.CFrame = cf(0.378984, 0.619203, -0.117004, 0.955711, 0.213251, -0.202830, -0.052809, 0.802249, 0.594650, 0.289532, -0.557603, 0.777979)
Right_Leg_k6_HumanoidRootPart_Torso_Replace.Parent = Torso_k6_HumanoidRootPart_Torso



--Left Leg
 Left_Leg_k6_HumanoidRootPart_Torso_Replace = Instance.new("Pose")
Left_Leg_k6_HumanoidRootPart_Torso_Replace.Name = "Left Leg"
Left_Leg_k6_HumanoidRootPart_Torso_Replace.CFrame = cf(-0.706092, 0.817028, 0.314210, 0.837402, -0.333353, 0.433165, 0.240858, 0.936452, 0.255044, -0.490658, -0.109245, 0.864477)
Left_Leg_k6_HumanoidRootPart_Torso_Replace.Parent = Torso_k6_HumanoidRootPart_Torso



--Head
 Head_k6_HumanoidRootPart_Torso_Head = Instance.new("Pose")
Head_k6_HumanoidRootPart_Torso_Head.Name = "Head"
Head_k6_HumanoidRootPart_Torso_Head.CFrame = cf(-0.000000, -0.000000, 0.000000, 0.764936, 0.577399, -0.285453, -0.488494, 0.808905, 0.327179, 0.419818, -0.110829, 0.900816)
Head_k6_HumanoidRootPart_Torso_Head.Parent = Torso_k6_HumanoidRootPart_Torso



-- Keyframe 7 (Time: 0.20000000298023224)
 keyframe7 = Instance.new("Keyframe")
keyframe7.Time = 0.20000000298023224
keyframe7.Parent = KeyframeSequence

--HumanoidRootPart
 HumanoidRootPart_k7_HumanoidRootPart = Instance.new("Pose")
HumanoidRootPart_k7_HumanoidRootPart.Name = "HumanoidRootPart"
HumanoidRootPart_k7_HumanoidRootPart.CFrame = cf(0.000000, 0.000000, 0.000000, 1.000000, 0.000000, 0.000000, 0.000000, 1.000000, 0.000000, 0.000000, 0.000000, 1.000000)
HumanoidRootPart_k7_HumanoidRootPart.Parent = keyframe7



--Torso
 Torso_k7_HumanoidRootPart_Torso = Instance.new("Pose")
Torso_k7_HumanoidRootPart_Torso.Name = "Torso"
Torso_k7_HumanoidRootPart_Torso.CFrame = cf(-0.265247, 0.187092, -0.610236, 0.881035, -0.428328, 0.200781, 0.460387, 0.873935, -0.155822, -0.108727, 0.229722, 0.967164)
Torso_k7_HumanoidRootPart_Torso.Parent = HumanoidRootPart_k7_HumanoidRootPart



--Right Arm
 Right_Arm_k7_HumanoidRootPart_Torso_Replace = Instance.new("Pose")
Right_Arm_k7_HumanoidRootPart_Torso_Replace.Name = "Right Arm"
Right_Arm_k7_HumanoidRootPart_Torso_Replace.CFrame = cf(-0.565796, -0.238956, -0.103369, 0.960430, -0.147083, 0.236517, 0.002929, 0.854477, 0.519482, -0.278505, -0.498233, 0.821096)
Right_Arm_k7_HumanoidRootPart_Torso_Replace.Parent = Torso_k7_HumanoidRootPart_Torso



--Left Arm
 Left_Arm_k7_HumanoidRootPart_Torso_Replace = Instance.new("Pose")
Left_Arm_k7_HumanoidRootPart_Torso_Replace.Name = "Left Arm"
Left_Arm_k7_HumanoidRootPart_Torso_Replace.CFrame = cf(-0.314368, -0.537677, -0.009906, -0.385154, 0.868869, 0.311004, -0.885197, -0.443112, 0.141700, 0.260928, -0.220723, 0.939786)
Left_Arm_k7_HumanoidRootPart_Torso_Replace.Parent = Torso_k7_HumanoidRootPart_Torso



--Right Leg
 Right_Leg_k7_HumanoidRootPart_Torso_Replace = Instance.new("Pose")
Right_Leg_k7_HumanoidRootPart_Torso_Replace.Name = "Right Leg"
Right_Leg_k7_HumanoidRootPart_Torso_Replace.CFrame = cf(0.270835, 0.505870, -0.030631, 0.942105, 0.130224, -0.308997, 0.032252, 0.882040, 0.470069, 0.333764, -0.452821, 0.826774)
Right_Leg_k7_HumanoidRootPart_Torso_Replace.Parent = Torso_k7_HumanoidRootPart_Torso



--Left Leg
 Left_Leg_k7_HumanoidRootPart_Torso_Replace = Instance.new("Pose")
Left_Leg_k7_HumanoidRootPart_Torso_Replace.Name = "Left Leg"
Left_Leg_k7_HumanoidRootPart_Torso_Replace.CFrame = cf(-0.431214, 0.840663, 0.208976, 0.854209, -0.175862, 0.489283, -0.012594, 0.933782, 0.357621, -0.519777, -0.311647, 0.795431)
Left_Leg_k7_HumanoidRootPart_Torso_Replace.Parent = Torso_k7_HumanoidRootPart_Torso



--Head
 Head_k7_HumanoidRootPart_Torso_Head = Instance.new("Pose")
Head_k7_HumanoidRootPart_Torso_Head.Name = "Head"
Head_k7_HumanoidRootPart_Torso_Head.CFrame = cf(-0.000000, -0.000000, -0.000000, 0.840203, 0.451165, -0.300847, -0.363109, 0.880134, 0.305804, 0.402754, -0.147697, 0.903313)
Head_k7_HumanoidRootPart_Torso_Head.Parent = Torso_k7_HumanoidRootPart_Torso



-- Keyframe 8 (Time: 0.23333333432674408)
 keyframe8 = Instance.new("Keyframe")
keyframe8.Time = 0.23333333432674408
keyframe8.Parent = KeyframeSequence

--HumanoidRootPart
 HumanoidRootPart_k8_HumanoidRootPart = Instance.new("Pose")
HumanoidRootPart_k8_HumanoidRootPart.Name = "HumanoidRootPart"
HumanoidRootPart_k8_HumanoidRootPart.CFrame = cf(0.000000, 0.000000, 0.000000, 1.000000, 0.000000, 0.000000, 0.000000, 1.000000, 0.000000, 0.000000, 0.000000, 1.000000)
HumanoidRootPart_k8_HumanoidRootPart.Parent = keyframe8



--Torso
 Torso_k8_HumanoidRootPart_Torso = Instance.new("Pose")
Torso_k8_HumanoidRootPart_Torso.Name = "Torso"
Torso_k8_HumanoidRootPart_Torso.CFrame = cf(-0.461761, 0.080767, -0.537487, 0.916830, -0.316714, 0.243134, 0.364255, 0.912849, -0.184458, -0.163524, 0.257679, 0.952293)
Torso_k8_HumanoidRootPart_Torso.Parent = HumanoidRootPart_k8_HumanoidRootPart



--Right Arm
 Right_Arm_k8_HumanoidRootPart_Torso_Replace = Instance.new("Pose")
Right_Arm_k8_HumanoidRootPart_Torso_Replace.Name = "Right Arm"
Right_Arm_k8_HumanoidRootPart_Torso_Replace.CFrame = cf(-0.671267, -0.221739, -0.128621, 0.966167, -0.161959, 0.200726, 0.052370, 0.885233, 0.462191, -0.252546, -0.436042, 0.863764)
Right_Arm_k8_HumanoidRootPart_Torso_Replace.Parent = Torso_k8_HumanoidRootPart_Torso



--Left Arm
 Left_Arm_k8_HumanoidRootPart_Torso_Replace = Instance.new("Pose")
Left_Arm_k8_HumanoidRootPart_Torso_Replace.Name = "Left Arm"
Left_Arm_k8_HumanoidRootPart_Torso_Replace.CFrame = cf(0.040304, -0.393955, 0.141239, 0.089442, 0.932828, -0.349045, -0.854436, 0.251946, 0.454382, 0.511800, 0.257595, 0.819576)
Left_Arm_k8_HumanoidRootPart_Torso_Replace.Parent = Torso_k8_HumanoidRootPart_Torso



--Right Leg
 Right_Leg_k8_HumanoidRootPart_Torso_Replace = Instance.new("Pose")
Right_Leg_k8_HumanoidRootPart_Torso_Replace.Name = "Right Leg"
Right_Leg_k8_HumanoidRootPart_Torso_Replace.CFrame = cf(0.407733, 0.417467, -0.060478, 0.962425, 0.070534, -0.262228, 0.025642, 0.937752, 0.346358, 0.270336, -0.340069, 0.900707)
Right_Leg_k8_HumanoidRootPart_Torso_Replace.Parent = Torso_k8_HumanoidRootPart_Torso



--Left Leg
 Left_Leg_k8_HumanoidRootPart_Torso_Replace = Instance.new("Pose")
Left_Leg_k8_HumanoidRootPart_Torso_Replace.Name = "Left Leg"
Left_Leg_k8_HumanoidRootPart_Torso_Replace.CFrame = cf(-0.060862, 0.740529, 0.066131, 0.787624, -0.049390, 0.614173, -0.297487, 0.842421, 0.449252, -0.539583, -0.536552, 0.648818)
Left_Leg_k8_HumanoidRootPart_Torso_Replace.Parent = Torso_k8_HumanoidRootPart_Torso



--Head
 Head_k8_HumanoidRootPart_Torso_Head = Instance.new("Pose")
Head_k8_HumanoidRootPart_Torso_Head.Name = "Head"
Head_k8_HumanoidRootPart_Torso_Head.CFrame = cf(0.000000, 0.000000, 0.000000, 0.909028, 0.268946, -0.318335, -0.184595, 0.944709, 0.271016, 0.373622, -0.187598, 0.908413)
Head_k8_HumanoidRootPart_Torso_Head.Parent = Torso_k8_HumanoidRootPart_Torso



-- Keyframe 9 (Time: 0.2666666805744171)
 keyframe9 = Instance.new("Keyframe")
keyframe9.Time = 0.2666666805744171
keyframe9.Parent = KeyframeSequence

--HumanoidRootPart
 HumanoidRootPart_k9_HumanoidRootPart = Instance.new("Pose")
HumanoidRootPart_k9_HumanoidRootPart.Name = "HumanoidRootPart"
HumanoidRootPart_k9_HumanoidRootPart.CFrame = cf(0.000000, 0.000000, 0.000000, 1.000000, 0.000000, 0.000000, 0.000000, 1.000000, 0.000000, 0.000000, 0.000000, 1.000000)
HumanoidRootPart_k9_HumanoidRootPart.Parent = keyframe9



--Torso
 Torso_k9_HumanoidRootPart_Torso = Instance.new("Pose")
Torso_k9_HumanoidRootPart_Torso.Name = "Torso"
Torso_k9_HumanoidRootPart_Torso.CFrame = cf(-0.627848, -0.017823, -0.478017, 0.941760, -0.177587, 0.285572, 0.244465, 0.944663, -0.218746, -0.230922, 0.275818, 0.933059)
Torso_k9_HumanoidRootPart_Torso.Parent = HumanoidRootPart_k9_HumanoidRootPart



--Right Arm
 Right_Arm_k9_HumanoidRootPart_Torso_Replace = Instance.new("Pose")
Right_Arm_k9_HumanoidRootPart_Torso_Replace.Name = "Right Arm"
Right_Arm_k9_HumanoidRootPart_Torso_Replace.CFrame = cf(-0.815500, -0.167673, -0.153065, 0.966920, -0.177710, 0.182987, 0.089572, 0.908241, 0.408749, -0.238836, -0.378837, 0.894114)
Right_Arm_k9_HumanoidRootPart_Torso_Replace.Parent = Torso_k9_HumanoidRootPart_Torso



--Left Arm
 Left_Arm_k9_HumanoidRootPart_Torso_Replace = Instance.new("Pose")
Left_Arm_k9_HumanoidRootPart_Torso_Replace.Name = "Left Arm"
Left_Arm_k9_HumanoidRootPart_Torso_Replace.CFrame = cf(0.119913, -0.226813, 0.240501, 0.178668, 0.709620, -0.681555, -0.418132, 0.681800, 0.600263, 0.890642, 0.177731, 0.418530)
Left_Arm_k9_HumanoidRootPart_Torso_Replace.Parent = Torso_k9_HumanoidRootPart_Torso



--Right Leg
 Right_Leg_k9_HumanoidRootPart_Torso_Replace = Instance.new("Pose")
Right_Leg_k9_HumanoidRootPart_Torso_Replace.Name = "Right Leg"
Right_Leg_k9_HumanoidRootPart_Torso_Replace.CFrame = cf(0.628422, 0.384784, -0.192116, 0.990272, 0.042744, -0.132417, -0.010088, 0.971193, 0.238081, 0.138780, -0.234430, 0.962176)
Right_Leg_k9_HumanoidRootPart_Torso_Replace.Parent = Torso_k9_HumanoidRootPart_Torso



--Left Leg
 Left_Leg_k9_HumanoidRootPart_Torso_Replace = Instance.new("Pose")
Left_Leg_k9_HumanoidRootPart_Torso_Replace.Name = "Left Leg"
Left_Leg_k9_HumanoidRootPart_Torso_Replace.CFrame = cf(0.340151, 0.404755, -0.202956, 0.655581, 0.030969, 0.754490, -0.608396, 0.613499, 0.503459, -0.447290, -0.789088, 0.421040)
Left_Leg_k9_HumanoidRootPart_Torso_Replace.Parent = Torso_k9_HumanoidRootPart_Torso



--Head
 Head_k9_HumanoidRootPart_Torso_Head = Instance.new("Pose")
Head_k9_HumanoidRootPart_Torso_Head.Name = "Head"
Head_k9_HumanoidRootPart_Torso_Head.CFrame = cf(0.000000, 0.000000, -0.000000, 0.944287, 0.056154, -0.324298, 0.022894, 0.971744, 0.234924, 0.328327, -0.229260, 0.916319)
Head_k9_HumanoidRootPart_Torso_Head.Parent = Torso_k9_HumanoidRootPart_Torso



-- Keyframe 10 (Time: 0.30000001192092896)
 keyframe10 = Instance.new("Keyframe")
keyframe10.Time = 0.30000001192092896
keyframe10.Parent = KeyframeSequence

--HumanoidRootPart
 HumanoidRootPart_k10_HumanoidRootPart = Instance.new("Pose")
HumanoidRootPart_k10_HumanoidRootPart.Name = "HumanoidRootPart"
HumanoidRootPart_k10_HumanoidRootPart.CFrame = cf(0.000000, 0.000000, 0.000000, 1.000000, 0.000000, 0.000000, 0.000000, 1.000000, 0.000000, 0.000000, 0.000000, 1.000000)
HumanoidRootPart_k10_HumanoidRootPart.Parent = keyframe10



--Torso
 Torso_k10_HumanoidRootPart_Torso = Instance.new("Pose")
Torso_k10_HumanoidRootPart_Torso.Name = "Torso"
Torso_k10_HumanoidRootPart_Torso.CFrame = cf(-0.745679, -0.091702, -0.438288, 0.947107, -0.058715, 0.315501, 0.142431, 0.957896, -0.249298, -0.287580, 0.281049, 0.915592)
Torso_k10_HumanoidRootPart_Torso.Parent = HumanoidRootPart_k10_HumanoidRootPart



--Right Arm
 Right_Arm_k10_HumanoidRootPart_Torso_Replace = Instance.new("Pose")
Right_Arm_k10_HumanoidRootPart_Torso_Replace.Name = "Right Arm"
Right_Arm_k10_HumanoidRootPart_Torso_Replace.CFrame = cf(-0.975350, -0.039189, -0.185616, 0.967526, -0.167963, 0.188898, 0.090670, 0.928183, 0.360910, -0.235952, -0.332062, 0.913270)
Right_Arm_k10_HumanoidRootPart_Torso_Replace.Parent = Torso_k10_HumanoidRootPart_Torso



--Left Arm
 Left_Arm_k10_HumanoidRootPart_Torso_Replace = Instance.new("Pose")
Left_Arm_k10_HumanoidRootPart_Torso_Replace.Name = "Left Arm"
Left_Arm_k10_HumanoidRootPart_Torso_Replace.CFrame = cf(0.235696, -0.262269, 0.422364, -0.239662, 0.779980, -0.578094, -0.625904, 0.331055, 0.706150, 0.742163, 0.531068, 0.408852)
Left_Arm_k10_HumanoidRootPart_Torso_Replace.Parent = Torso_k10_HumanoidRootPart_Torso



--Right Leg
 Right_Leg_k10_HumanoidRootPart_Torso_Replace = Instance.new("Pose")
Right_Leg_k10_HumanoidRootPart_Torso_Replace.Name = "Right Leg"
Right_Leg_k10_HumanoidRootPart_Torso_Replace.CFrame = cf(0.746058, 0.362809, -0.315212, 0.999733, 0.012401, -0.019488, -0.009283, 0.988218, 0.152774, 0.021153, -0.152552, 0.988069)
Right_Leg_k10_HumanoidRootPart_Torso_Replace.Parent = Torso_k10_HumanoidRootPart_Torso



--Left Leg
 Left_Leg_k10_HumanoidRootPart_Torso_Replace = Instance.new("Pose")
Left_Leg_k10_HumanoidRootPart_Torso_Replace.Name = "Left Leg"
Left_Leg_k10_HumanoidRootPart_Torso_Replace.CFrame = cf(0.418871, 0.358164, -0.161408, 0.686946, 0.007305, 0.726672, -0.616108, 0.536129, 0.577039, -0.385378, -0.844104, 0.372793)
Left_Leg_k10_HumanoidRootPart_Torso_Replace.Parent = Torso_k10_HumanoidRootPart_Torso



--Head
 Head_k10_HumanoidRootPart_Torso_Head = Instance.new("Pose")
Head_k10_HumanoidRootPart_Torso_Head.Name = "Head"
Head_k10_HumanoidRootPart_Torso_Head.CFrame = cf(-0.000000, -0.000000, 0.000000, 0.939241, -0.144647, -0.311294, 0.218563, 0.951293, 0.217420, 0.264682, -0.272247, 0.925108)
Head_k10_HumanoidRootPart_Torso_Head.Parent = Torso_k10_HumanoidRootPart_Torso



-- Keyframe 11 (Time: 0.3333333432674408)
 keyframe11 = Instance.new("Keyframe")
keyframe11.Time = 0.3333333432674408
keyframe11.Parent = KeyframeSequence

--HumanoidRootPart
 HumanoidRootPart_k11_HumanoidRootPart = Instance.new("Pose")
HumanoidRootPart_k11_HumanoidRootPart.Name = "HumanoidRootPart"
HumanoidRootPart_k11_HumanoidRootPart.CFrame = cf(0.000000, 0.000000, 0.000000, 1.000000, 0.000000, 0.000000, 0.000000, 1.000000, 0.000000, 0.000000, 0.000000, 1.000000)
HumanoidRootPart_k11_HumanoidRootPart.Parent = keyframe11



--Torso
 Torso_k11_HumanoidRootPart_Torso = Instance.new("Pose")
Torso_k11_HumanoidRootPart_Torso.Name = "Torso"
Torso_k11_HumanoidRootPart_Torso.CFrame = cf(-0.793684, -0.121302, -0.423501, 0.945153, -0.008927, 0.326506, 0.099749, 0.959760, -0.262509, -0.311024, 0.280680, 0.908010)
Torso_k11_HumanoidRootPart_Torso.Parent = HumanoidRootPart_k11_HumanoidRootPart



--Right Arm
 Right_Arm_k11_HumanoidRootPart_Torso_Replace = Instance.new("Pose")
Right_Arm_k11_HumanoidRootPart_Torso_Replace.Name = "Right Arm"
Right_Arm_k11_HumanoidRootPart_Torso_Replace.CFrame = cf(-1.077979, 0.150972, -0.227297, 0.964684, -0.166157, 0.204395, 0.095473, 0.943747, 0.316587, -0.245501, -0.285892, 0.926280)
Right_Arm_k11_HumanoidRootPart_Torso_Replace.Parent = Torso_k11_HumanoidRootPart_Torso



--Left Arm
 Left_Arm_k11_HumanoidRootPart_Torso_Replace = Instance.new("Pose")
Left_Arm_k11_HumanoidRootPart_Torso_Replace.Name = "Left Arm"
Left_Arm_k11_HumanoidRootPart_Torso_Replace.CFrame = cf(0.227787, -0.416417, 0.501171, -0.695464, 0.664234, -0.274086, -0.505219, -0.180772, 0.843846, 0.510964, 0.725338, 0.461304)
Left_Arm_k11_HumanoidRootPart_Torso_Replace.Parent = Torso_k11_HumanoidRootPart_Torso



--Right Leg
 Right_Leg_k11_HumanoidRootPart_Torso_Replace = Instance.new("Pose")
Right_Leg_k11_HumanoidRootPart_Torso_Replace.Name = "Right Leg"
Right_Leg_k11_HumanoidRootPart_Torso_Replace.CFrame = cf(0.793869, 0.352917, -0.356226, 0.999516, 0.006366, 0.030460, -0.009711, 0.993791, 0.110837, -0.029565, -0.111079, 0.993372)
Right_Leg_k11_HumanoidRootPart_Torso_Replace.Parent = Torso_k11_HumanoidRootPart_Torso



--Left Leg
 Left_Leg_k11_HumanoidRootPart_Torso_Replace = Instance.new("Pose")
Left_Leg_k11_HumanoidRootPart_Torso_Replace.Name = "Left Leg"
Left_Leg_k11_HumanoidRootPart_Torso_Replace.CFrame = cf(0.411556, 0.403843, -0.108681, 0.761465, 0.013136, 0.648073, -0.557176, 0.524180, 0.644041, -0.331250, -0.851506, 0.406464)
Left_Leg_k11_HumanoidRootPart_Torso_Replace.Parent = Torso_k11_HumanoidRootPart_Torso



--Head
 Head_k11_HumanoidRootPart_Torso_Head = Instance.new("Pose")
Head_k11_HumanoidRootPart_Torso_Head.Name = "Head"
Head_k11_HumanoidRootPart_Torso_Head.CFrame = cf(-0.000000, -0.000000, -0.000000, 0.912553, -0.297685, -0.280411, 0.366450, 0.899609, 0.237525, 0.181553, -0.319510, 0.930028)
Head_k11_HumanoidRootPart_Torso_Head.Parent = Torso_k11_HumanoidRootPart_Torso



-- Keyframe 12 (Time: 0.36666667461395264)
 keyframe12 = Instance.new("Keyframe")
keyframe12.Time = 0.36666667461395264
keyframe12.Parent = KeyframeSequence

--HumanoidRootPart
 HumanoidRootPart_k12_HumanoidRootPart = Instance.new("Pose")
HumanoidRootPart_k12_HumanoidRootPart.Name = "HumanoidRootPart"
HumanoidRootPart_k12_HumanoidRootPart.CFrame = cf(0.000000, 0.000000, 0.000000, 1.000000, 0.000000, 0.000000, 0.000000, 1.000000, 0.000000, 0.000000, 0.000000, 1.000000)
HumanoidRootPart_k12_HumanoidRootPart.Parent = keyframe12



--Torso
 Torso_k12_HumanoidRootPart_Torso = Instance.new("Pose")
Torso_k12_HumanoidRootPart_Torso.Name = "Torso"
Torso_k12_HumanoidRootPart_Torso.CFrame = cf(-0.776445, -0.084349, -0.466036, 0.948437, -0.025656, 0.315925, 0.110263, 0.961172, -0.252963, -0.297169, 0.274755, 0.914440)
Torso_k12_HumanoidRootPart_Torso.Parent = HumanoidRootPart_k12_HumanoidRootPart



--Right Arm
 Right_Arm_k12_HumanoidRootPart_Torso_Replace = Instance.new("Pose")
Right_Arm_k12_HumanoidRootPart_Torso_Replace.Name = "Right Arm"
Right_Arm_k12_HumanoidRootPart_Torso_Replace.CFrame = cf(-1.095607, 0.314315, -0.261188, 0.952782, -0.210063, 0.219272, 0.144483, 0.948742, 0.281093, -0.267080, -0.236140, 0.934295)
Right_Arm_k12_HumanoidRootPart_Torso_Replace.Parent = Torso_k12_HumanoidRootPart_Torso



--Left Arm
 Left_Arm_k12_HumanoidRootPart_Torso_Replace = Instance.new("Pose")
Left_Arm_k12_HumanoidRootPart_Torso_Replace.Name = "Left Arm"
Left_Arm_k12_HumanoidRootPart_Torso_Replace.CFrame = cf(0.198303, -0.370839, 0.547527, -0.703971, 0.708463, -0.050043, -0.284534, -0.216766, 0.933838, 0.650742, 0.671634, 0.354179)
Left_Arm_k12_HumanoidRootPart_Torso_Replace.Parent = Torso_k12_HumanoidRootPart_Torso



--Right Leg
 Right_Leg_k12_HumanoidRootPart_Torso_Replace = Instance.new("Pose")
Right_Leg_k12_HumanoidRootPart_Torso_Replace.Name = "Right Leg"
Right_Leg_k12_HumanoidRootPart_Torso_Replace.CFrame = cf(0.784754, 0.396622, -0.319380, 0.999821, 0.010384, 0.015800, -0.012348, 0.991504, 0.129493, -0.014320, -0.129665, 0.991454)
Right_Leg_k12_HumanoidRootPart_Torso_Replace.Parent = Torso_k12_HumanoidRootPart_Torso



--Left Leg
 Left_Leg_k12_HumanoidRootPart_Torso_Replace = Instance.new("Pose")
Left_Leg_k12_HumanoidRootPart_Torso_Replace.Name = "Left Leg"
Left_Leg_k12_HumanoidRootPart_Torso_Replace.CFrame = cf(0.414575, 0.435392, -0.139293, 0.766997, 0.035823, 0.640650, -0.556941, 0.532985, 0.636979, -0.318642, -0.845366, 0.428749)
Left_Leg_k12_HumanoidRootPart_Torso_Replace.Parent = Torso_k12_HumanoidRootPart_Torso



--Head
 Head_k12_HumanoidRootPart_Torso_Head = Instance.new("Pose")
Head_k12_HumanoidRootPart_Torso_Head.Name = "Head"
Head_k12_HumanoidRootPart_Torso_Head.CFrame = cf(-0.000000, 0.000000, 0.000000, 0.890422, -0.389752, -0.235038, 0.448042, 0.841445, 0.302040, 0.080051, -0.374250, 0.923866)
Head_k12_HumanoidRootPart_Torso_Head.Parent = Torso_k12_HumanoidRootPart_Torso



-- Keyframe 13 (Time: 0.4000000059604645)
 keyframe13 = Instance.new("Keyframe")
keyframe13.Time = 0.4000000059604645
keyframe13.Parent = KeyframeSequence

--HumanoidRootPart
 HumanoidRootPart_k13_HumanoidRootPart = Instance.new("Pose")
HumanoidRootPart_k13_HumanoidRootPart.Name = "HumanoidRootPart"
HumanoidRootPart_k13_HumanoidRootPart.CFrame = cf(0.000000, 0.000000, 0.000000, 1.000000, 0.000000, 0.000000, 0.000000, 1.000000, 0.000000, 0.000000, 0.000000, 1.000000)
HumanoidRootPart_k13_HumanoidRootPart.Parent = keyframe13



--Torso
 Torso_k13_HumanoidRootPart_Torso = Instance.new("Pose")
Torso_k13_HumanoidRootPart_Torso.Name = "Torso"
Torso_k13_HumanoidRootPart_Torso.CFrame = cf(-0.725574, -0.016930, -0.569776, 0.953539, -0.074913, 0.291807, 0.147049, 0.961106, -0.233778, -0.262944, 0.265826, 0.927468)
Torso_k13_HumanoidRootPart_Torso.Parent = HumanoidRootPart_k13_HumanoidRootPart



--Right Arm
 Right_Arm_k13_HumanoidRootPart_Torso_Replace = Instance.new("Pose")
Right_Arm_k13_HumanoidRootPart_Torso_Replace.Name = "Right Arm"
Right_Arm_k13_HumanoidRootPart_Torso_Replace.CFrame = cf(-1.065734, 0.352778, -0.268489, 0.917580, -0.322042, 0.233099, 0.258876, 0.929008, 0.264440, -0.301712, -0.182301, 0.935808)
Right_Arm_k13_HumanoidRootPart_Torso_Replace.Parent = Torso_k13_HumanoidRootPart_Torso



--Left Arm
 Left_Arm_k13_HumanoidRootPart_Torso_Replace = Instance.new("Pose")
Left_Arm_k13_HumanoidRootPart_Torso_Replace.Name = "Left Arm"
Left_Arm_k13_HumanoidRootPart_Torso_Replace.CFrame = cf(0.137647, -0.350899, 0.685982, -0.730237, 0.678761, 0.077709, -0.122789, -0.242283, 0.962404, 0.672070, 0.693241, 0.260268)
Left_Arm_k13_HumanoidRootPart_Torso_Replace.Parent = Torso_k13_HumanoidRootPart_Torso



--Right Leg
 Right_Leg_k13_HumanoidRootPart_Torso_Replace = Instance.new("Pose")
Right_Leg_k13_HumanoidRootPart_Torso_Replace.Name = "Right Leg"
Right_Leg_k13_HumanoidRootPart_Torso_Replace.CFrame = cf(0.695567, 0.501805, -0.260968, 0.999371, -0.001602, -0.035439, 0.008429, 0.981074, 0.193449, 0.034460, -0.193626, 0.980470)
Right_Leg_k13_HumanoidRootPart_Torso_Replace.Parent = Torso_k13_HumanoidRootPart_Torso



--Left Leg
 Left_Leg_k13_HumanoidRootPart_Torso_Replace = Instance.new("Pose")
Left_Leg_k13_HumanoidRootPart_Torso_Replace.Name = "Left Leg"
Left_Leg_k13_HumanoidRootPart_Torso_Replace.CFrame = cf(0.270480, 0.694944, -0.035578, 0.809881, 0.016996, 0.586348, -0.446487, 0.666158, 0.597395, -0.380450, -0.745617, 0.547097)
Left_Leg_k13_HumanoidRootPart_Torso_Replace.Parent = Torso_k13_HumanoidRootPart_Torso



--Head
 Head_k13_HumanoidRootPart_Torso_Head = Instance.new("Pose")
Head_k13_HumanoidRootPart_Torso_Head.Name = "Head"
Head_k13_HumanoidRootPart_Torso_Head.CFrame = cf(-0.000000, -0.000000, -0.000000, 0.880831, -0.438432, -0.178647, 0.472628, 0.792355, 0.385740, -0.027569, -0.424206, 0.905146)
Head_k13_HumanoidRootPart_Torso_Head.Parent = Torso_k13_HumanoidRootPart_Torso



-- Keyframe 14 (Time: 0.4333333373069763)
 keyframe14 = Instance.new("Keyframe")
keyframe14.Time = 0.4333333373069763
keyframe14.Parent = KeyframeSequence

--HumanoidRootPart
 HumanoidRootPart_k14_HumanoidRootPart = Instance.new("Pose")
HumanoidRootPart_k14_HumanoidRootPart.Name = "HumanoidRootPart"
HumanoidRootPart_k14_HumanoidRootPart.CFrame = cf(0.000000, 0.000000, 0.000000, 1.000000, 0.000000, 0.000000, 0.000000, 1.000000, 0.000000, 0.000000, 0.000000, 1.000000)
HumanoidRootPart_k14_HumanoidRootPart.Parent = keyframe14



--Torso
 Torso_k14_HumanoidRootPart_Torso = Instance.new("Pose")
Torso_k14_HumanoidRootPart_Torso.Name = "Torso"
Torso_k14_HumanoidRootPart_Torso.CFrame = cf(-0.650626, 0.013152, -0.686085, 0.951219, -0.156066, 0.266133, 0.217499, 0.951014, -0.219696, -0.218809, 0.266863, 0.938566)
Torso_k14_HumanoidRootPart_Torso.Parent = HumanoidRootPart_k14_HumanoidRootPart



--Right Arm
 Right_Arm_k14_HumanoidRootPart_Torso_Replace = Instance.new("Pose")
Right_Arm_k14_HumanoidRootPart_Torso_Replace.Name = "Right Arm"
Right_Arm_k14_HumanoidRootPart_Torso_Replace.CFrame = cf(-1.007743, 0.198171, -0.235027, 0.820227, -0.515246, 0.248494, 0.450500, 0.849535, 0.274484, -0.352531, -0.113193, 0.928929)
Right_Arm_k14_HumanoidRootPart_Torso_Replace.Parent = Torso_k14_HumanoidRootPart_Torso



--Left Arm
 Left_Arm_k14_HumanoidRootPart_Torso_Replace = Instance.new("Pose")
Left_Arm_k14_HumanoidRootPart_Torso_Replace.Name = "Left Arm"
Left_Arm_k14_HumanoidRootPart_Torso_Replace.CFrame = cf(0.174468, -0.460370, 0.744963, -0.700861, 0.698555, 0.144276, -0.135837, -0.329274, 0.934413, 0.700244, 0.635295, 0.325665)
Left_Arm_k14_HumanoidRootPart_Torso_Replace.Parent = Torso_k14_HumanoidRootPart_Torso



--Right Leg
 Right_Leg_k14_HumanoidRootPart_Torso_Replace = Instance.new("Pose")
Right_Leg_k14_HumanoidRootPart_Torso_Replace.Name = "Right Leg"
Right_Leg_k14_HumanoidRootPart_Torso_Replace.CFrame = cf(0.600555, 0.606889, -0.208401, 0.993259, 0.028956, -0.112242, 0.003569, 0.960190, 0.279323, 0.115863, -0.277841, 0.953614)
