-- KeyframeSequence Export: KeyframeSequence
-- Generated on 2025-08-30 15:35:32

local KeyframeSequence = Instance.new("KeyframeSequence")
KeyframeSequence.Name = "Rat1"
local CFrame=CFrame.new

-- Keyframe 1 (Time: 0)
local keyframe1 = Instance.new("Keyframe")
keyframe1.Time = 0
keyframe1.Parent = KeyframeSequence

--HumanoidRootPart
local HumanoidRootPart2_k1_HumanoidRootPart = Instance.new("Pose")
HumanoidRootPart2_k1_HumanoidRootPart.Name = "HumanoidRootPart"
HumanoidRootPart2_k1_HumanoidRootPart.CFrame = CFrame(0.000000, 0.000000, 0.000000, 1.000000, 0.000000, 0.000000, 0.000000, 1.000000, 0.000000, 0.000000, 0.000000, 1.000000)
HumanoidRootPart2_k1_HumanoidRootPart.Parent = keyframe1



--Torso
local Torso2_k1_HumanoidRootPart_Torso = Instance.new("Pose")
Torso2_k1_HumanoidRootPart_Torso.Name = "Torso"
Torso2_k1_HumanoidRootPart_Torso.CFrame = CFrame(0.096968, -0.114476, -0.168659, 0.824701, -0.531562, 0.193158, 0.556908, 0.822783, -0.113497, -0.098597, 0.201173, 0.974581)
Torso2_k1_HumanoidRootPart_Torso.Parent = HumanoidRootPart2_k1_HumanoidRootPart



--Head
local Head2_k1_HumanoidRootPart_Torso_Head = Instance.new("Pose")
Head2_k1_HumanoidRootPart_Torso_Head.Name = "Head"
Head2_k1_HumanoidRootPart_Torso_Head.CFrame = CFrame(0.000000, 0.000000, 0.000000, 0.984228, 0.078499, -0.158534, -0.027562, 0.953258, 0.300898, 0.174744, -0.291783, 0.940387)
Head2_k1_HumanoidRootPart_Torso_Head.Parent = Torso2_k1_HumanoidRootPart_Torso



--Left Arm
local Left_Arm2_k1_HumanoidRootPart_Torso_Left_Arm = Instance.new("Pose")
Left_Arm2_k1_HumanoidRootPart_Torso_Left_Arm.Name = "Left Arm"
Left_Arm2_k1_HumanoidRootPart_Torso_Left_Arm.CFrame = CFrame(0.131070, -0.926491, 0.171449, -0.748666, 0.639996, 0.172930, -0.611106, -0.767350, 0.194225, 0.257001, 0.039731, 0.965594)
Left_Arm2_k1_HumanoidRootPart_Torso_Left_Arm.Parent = Torso2_k1_HumanoidRootPart_Torso



--Right Arm
local Right_Arm2_k1_HumanoidRootPart_Torso_Right_Arm = Instance.new("Pose")
Right_Arm2_k1_HumanoidRootPart_Torso_Right_Arm.Name = "Right Arm"
Right_Arm2_k1_HumanoidRootPart_Torso_Right_Arm.CFrame = CFrame(-0.750179, -0.196324, -0.250417, 0.833476, -0.230461, -0.502201, 0.546329, 0.207648, 0.811423, -0.082721, -0.950668, 0.298977)
Right_Arm2_k1_HumanoidRootPart_Torso_Right_Arm.Parent = Torso2_k1_HumanoidRootPart_Torso



--Left Leg
local Left_Leg2_k1_HumanoidRootPart_Torso_Left_Leg = Instance.new("Pose")
Left_Leg2_k1_HumanoidRootPart_Torso_Left_Leg.Name = "Left Leg"
Left_Leg2_k1_HumanoidRootPart_Torso_Left_Leg.CFrame = CFrame(-0.532034, 0.552037, 0.051525, 0.965186, 0.152345, 0.212620, -0.237189, 0.852436, 0.465934, -0.110262, -0.500144, 0.858894)
Left_Leg2_k1_HumanoidRootPart_Torso_Left_Leg.Parent = Torso2_k1_HumanoidRootPart_Torso



--Right Leg
local Right_Leg2_k1_HumanoidRootPart_Torso_Right_Leg = Instance.new("Pose")
Right_Leg2_k1_HumanoidRootPart_Torso_Right_Leg.Name = "Right Leg"
Right_Leg2_k1_HumanoidRootPart_Torso_Right_Leg.CFrame = CFrame(-0.380230, 0.163822, -0.055918, 0.438052, 0.315823, -0.841645, -0.086838, 0.946742, 0.310063, 0.894746, -0.062736, 0.442147)
Right_Leg2_k1_HumanoidRootPart_Torso_Right_Leg.Parent = Torso2_k1_HumanoidRootPart_Torso



-- Keyframe 2 (Time: 0.03333333507180214)
 keyframe2 = Instance.new("Keyframe")
keyframe2.Time = 0.03333333507180214
keyframe2.Parent = KeyframeSequence

--HumanoidRootPart
 HumanoidRootPart2_k2_HumanoidRootPart = Instance.new("Pose")
HumanoidRootPart2_k2_HumanoidRootPart.Name = "HumanoidRootPart"
HumanoidRootPart2_k2_HumanoidRootPart.CFrame = CFrame(0.000000, 0.000000, 0.000000, 1.000000, 0.000000, 0.000000, 0.000000, 1.000000, 0.000000, 0.000000, 0.000000, 1.000000)
HumanoidRootPart2_k2_HumanoidRootPart.Parent = keyframe2



--Torso
 Torso2_k2_HumanoidRootPart_Torso = Instance.new("Pose")
Torso2_k2_HumanoidRootPart_Torso.Name = "Torso"
Torso2_k2_HumanoidRootPart_Torso.CFrame = CFrame(0.179435, -0.110570, -0.271638, 0.764902, -0.616021, 0.188263, 0.638363, 0.764014, -0.093678, -0.086128, 0.191835, 0.977641)
Torso2_k2_HumanoidRootPart_Torso.Parent = HumanoidRootPart2_k2_HumanoidRootPart



--Head
 Head2_k2_HumanoidRootPart_Torso_Head = Instance.new("Pose")
Head2_k2_HumanoidRootPart_Torso_Head.Name = "Head"
Head2_k2_HumanoidRootPart_Torso_Head.CFrame = CFrame(0.000000, 0.000000, -0.000000, 0.969118, 0.204486, -0.137824, -0.157855, 0.943813, 0.290343, 0.189451, -0.259621, 0.946945)
Head2_k2_HumanoidRootPart_Torso_Head.Parent = Torso2_k2_HumanoidRootPart_Torso



--Left Arm
 Left_Arm2_k2_HumanoidRootPart_Torso_Left_Arm = Instance.new("Pose")
Left_Arm2_k2_HumanoidRootPart_Torso_Left_Arm.Name = "Left Arm"
Left_Arm2_k2_HumanoidRootPart_Torso_Left_Arm.CFrame = CFrame(0.131929, -0.951428, 0.208411, -0.785213, 0.591270, 0.183961, -0.552384, -0.803088, 0.223432, 0.279845, 0.073825, 0.957203)
Left_Arm2_k2_HumanoidRootPart_Torso_Left_Arm.Parent = Torso2_k2_HumanoidRootPart_Torso



--Right Arm
 Right_Arm2_k2_HumanoidRootPart_Torso_Right_Arm = Instance.new("Pose")
Right_Arm2_k2_HumanoidRootPart_Torso_Right_Arm.Name = "Right Arm"
Right_Arm2_k2_HumanoidRootPart_Torso_Right_Arm.CFrame = CFrame(-0.689891, 0.067220, -0.269914, 0.899011, 0.051298, -0.434911, 0.387155, 0.371047, 0.844059, 0.204671, -0.927196, 0.313715)
Right_Arm2_k2_HumanoidRootPart_Torso_Right_Arm.Parent = Torso2_k2_HumanoidRootPart_Torso



--Left Leg
 Left_Leg2_k2_HumanoidRootPart_Torso_Left_Leg = Instance.new("Pose")
Left_Leg2_k2_HumanoidRootPart_Torso_Left_Leg.Name = "Left Leg"
Left_Leg2_k2_HumanoidRootPart_Torso_Left_Leg.CFrame = CFrame(-0.584236, 0.541630, 0.009690, 0.965812, 0.220867, 0.135741, -0.259137, 0.837578, 0.480949, -0.007468, -0.499682, 0.866177)
Left_Leg2_k2_HumanoidRootPart_Torso_Left_Leg.Parent = Torso2_k2_HumanoidRootPart_Torso



--Right Leg
 Right_Leg2_k2_HumanoidRootPart_Torso_Right_Leg = Instance.new("Pose")
Right_Leg2_k2_HumanoidRootPart_Torso_Right_Leg.Name = "Right Leg"
Right_Leg2_k2_HumanoidRootPart_Torso_Right_Leg.CFrame = CFrame(-0.402539, 0.219782, 0.024126, 0.378859, 0.418770, -0.825287, -0.121376, 0.906545, 0.404282, 0.917461, -0.052996, 0.394281)
Right_Leg2_k2_HumanoidRootPart_Torso_Right_Leg.Parent = Torso2_k2_HumanoidRootPart_Torso



-- Keyframe 3 (Time: 0.06666667014360428)
 keyframe3 = Instance.new("Keyframe")
keyframe3.Time = 0.06666667014360428
keyframe3.Parent = KeyframeSequence

--HumanoidRootPart
 HumanoidRootPart2_k3_HumanoidRootPart = Instance.new("Pose")
HumanoidRootPart2_k3_HumanoidRootPart.Name = "HumanoidRootPart"
HumanoidRootPart2_k3_HumanoidRootPart.CFrame = CFrame(0.000000, 0.000000, 0.000000, 1.000000, 0.000000, 0.000000, 0.000000, 1.000000, 0.000000, 0.000000, 0.000000, 1.000000)
HumanoidRootPart2_k3_HumanoidRootPart.Parent = keyframe3



--Torso
 Torso2_k3_HumanoidRootPart_Torso = Instance.new("Pose")
Torso2_k3_HumanoidRootPart_Torso.Name = "Torso"
Torso2_k3_HumanoidRootPart_Torso.CFrame = CFrame(0.307433, -0.100027, -0.397021, 0.720055, -0.655863, 0.226639, 0.682286, 0.728707, -0.058913, -0.126515, 0.197053, 0.972196)
Torso2_k3_HumanoidRootPart_Torso.Parent = HumanoidRootPart2_k3_HumanoidRootPart



--Head
 Head2_k3_HumanoidRootPart_Torso_Head = Instance.new("Pose")
Head2_k3_HumanoidRootPart_Torso_Head.Name = "Head"
Head2_k3_HumanoidRootPart_Torso_Head.CFrame = CFrame(0.000000, 0.000000, 0.000000, 0.923663, 0.337824, -0.180889, -0.281657, 0.918573, 0.277294, 0.259836, -0.205178, 0.943603)
Head2_k3_HumanoidRootPart_Torso_Head.Parent = Torso2_k3_HumanoidRootPart_Torso



--Left Arm
 Left_Arm2_k3_HumanoidRootPart_Torso_Left_Arm = Instance.new("Pose")
Left_Arm2_k3_HumanoidRootPart_Torso_Left_Arm.Name = "Left Arm"
Left_Arm2_k3_HumanoidRootPart_Torso_Left_Arm.CFrame = CFrame(0.093868, -0.984201, 0.310394, -0.858513, 0.459852, 0.226920, -0.388865, -0.872287, 0.296479, 0.334275, 0.166291, 0.927689)
Left_Arm2_k3_HumanoidRootPart_Torso_Left_Arm.Parent = Torso2_k3_HumanoidRootPart_Torso



--Right Arm
 Right_Arm2_k3_HumanoidRootPart_Torso_Right_Arm = Instance.new("Pose")
Right_Arm2_k3_HumanoidRootPart_Torso_Right_Arm.Name = "Right Arm"
Right_Arm2_k3_HumanoidRootPart_Torso_Right_Arm.CFrame = CFrame(-0.663621, 0.223357, -0.157804, 0.926747, 0.314649, -0.205271, 0.007341, 0.531118, 0.847266, 0.375615, -0.786708, 0.489902)
Right_Arm2_k3_HumanoidRootPart_Torso_Right_Arm.Parent = Torso2_k3_HumanoidRootPart_Torso



--Left Leg
 Left_Leg2_k3_HumanoidRootPart_Torso_Left_Leg = Instance.new("Pose")
Left_Leg2_k3_HumanoidRootPart_Torso_Left_Leg.Name = "Left Leg"
Left_Leg2_k3_HumanoidRootPart_Torso_Left_Leg.CFrame = CFrame(-0.625728, 0.619443, -0.008806, 0.959873, 0.247938, 0.131035, -0.279598, 0.810057, 0.515396, 0.021641, -0.531352, 0.846875)
Left_Leg2_k3_HumanoidRootPart_Torso_Left_Leg.Parent = Torso2_k3_HumanoidRootPart_Torso



--Right Leg
 Right_Leg2_k3_HumanoidRootPart_Torso_Right_Leg = Instance.new("Pose")
Right_Leg2_k3_HumanoidRootPart_Torso_Right_Leg.Name = "Right Leg"
Right_Leg2_k3_HumanoidRootPart_Torso_Right_Leg.CFrame = CFrame(-0.361413, 0.179863, 0.101468, 0.457797, 0.525075, -0.717438, -0.179443, 0.844929, 0.503880, 0.870759, -0.101935, 0.481028)
Right_Leg2_k3_HumanoidRootPart_Torso_Right_Leg.Parent = Torso2_k3_HumanoidRootPart_Torso



-- Keyframe 4 (Time: 0.10000000149011612)
 keyframe4 = Instance.new("Keyframe")
keyframe4.Time = 0.10000000149011612
keyframe4.Parent = KeyframeSequence

--HumanoidRootPart
 HumanoidRootPart2_k4_HumanoidRootPart = Instance.new("Pose")
HumanoidRootPart2_k4_HumanoidRootPart.Name = "HumanoidRootPart"
HumanoidRootPart2_k4_HumanoidRootPart.CFrame = CFrame(0.000000, 0.000000, 0.000000, 1.000000, 0.000000, 0.000000, 0.000000, 1.000000, 0.000000, 0.000000, 0.000000, 1.000000)
HumanoidRootPart2_k4_HumanoidRootPart.Parent = keyframe4



--Torso
 Torso2_k4_HumanoidRootPart_Torso = Instance.new("Pose")
Torso2_k4_HumanoidRootPart_Torso.Name = "Torso"
Torso2_k4_HumanoidRootPart_Torso.CFrame = CFrame(0.418054, -0.081102, -0.438637, 0.673499, -0.682891, 0.282947, 0.717277, 0.696269, -0.026893, -0.178642, 0.221064, 0.958758)
Torso2_k4_HumanoidRootPart_Torso.Parent = HumanoidRootPart2_k4_HumanoidRootPart



--Head
 Head2_k4_HumanoidRootPart_Torso_Head = Instance.new("Pose")
Head2_k4_HumanoidRootPart_Torso_Head.Name = "Head"
Head2_k4_HumanoidRootPart_Torso_Head.CFrame = CFrame(0.000000, 0.000000, 0.000000, 0.853979, 0.460104, -0.242947, -0.393157, 0.876466, 0.277913, 0.340804, -0.141816, 0.929377)
Head2_k4_HumanoidRootPart_Torso_Head.Parent = Torso2_k4_HumanoidRootPart_Torso



--Left Arm
 Left_Arm2_k4_HumanoidRootPart_Torso_Left_Arm = Instance.new("Pose")
Left_Arm2_k4_HumanoidRootPart_Torso_Left_Arm.Name = "Left Arm"
Left_Arm2_k4_HumanoidRootPart_Torso_Left_Arm.CFrame = CFrame(-0.004253, -0.975496, 0.398537, -0.900174, 0.343773, 0.267407, -0.242901, -0.905895, 0.346922, 0.361505, 0.247337, 0.898965)
Left_Arm2_k4_HumanoidRootPart_Torso_Left_Arm.Parent = Torso2_k4_HumanoidRootPart_Torso



--Right Arm
 Right_Arm2_k4_HumanoidRootPart_Torso_Right_Arm = Instance.new("Pose")
Right_Arm2_k4_HumanoidRootPart_Torso_Right_Arm.Name = "Right Arm"
Right_Arm2_k4_HumanoidRootPart_Torso_Right_Arm.CFrame = CFrame(-0.578446, 0.129699, -0.006049, 0.811946, 0.564822, -0.147375, -0.262553, 0.578859, 0.772003, 0.521354, -0.588131, 0.618298)
Right_Arm2_k4_HumanoidRootPart_Torso_Right_Arm.Parent = Torso2_k4_HumanoidRootPart_Torso



--Left Leg
 Left_Leg2_k4_HumanoidRootPart_Torso_Left_Leg = Instance.new("Pose")
Left_Leg2_k4_HumanoidRootPart_Torso_Left_Leg.Name = "Left Leg"
Left_Leg2_k4_HumanoidRootPart_Torso_Left_Leg.CFrame = CFrame(-0.702286, 0.748712, -0.072262, 0.964753, 0.233659, 0.121057, -0.261484, 0.799398, 0.540915, 0.029617, -0.553504, 0.832320)
Left_Leg2_k4_HumanoidRootPart_Torso_Left_Leg.Parent = Torso2_k4_HumanoidRootPart_Torso



--Right Leg
 Right_Leg2_k4_HumanoidRootPart_Torso_Right_Leg = Instance.new("Pose")
Right_Leg2_k4_HumanoidRootPart_Torso_Right_Leg.Name = "Right Leg"
Right_Leg2_k4_HumanoidRootPart_Torso_Right_Leg.CFrame = CFrame(-0.446570, 0.088824, 0.009367, 0.509754, 0.525053, -0.681520, -0.176957, 0.839222, 0.514191, 0.841925, -0.141511, 0.520708)
Right_Leg2_k4_HumanoidRootPart_Torso_Right_Leg.Parent = Torso2_k4_HumanoidRootPart_Torso



-- Keyframe 5 (Time: 0.13333334028720856)
 keyframe5 = Instance.new("Keyframe")
keyframe5.Time = 0.13333334028720856
keyframe5.Parent = KeyframeSequence

--HumanoidRootPart
 HumanoidRootPart2_k5_HumanoidRootPart = Instance.new("Pose")
HumanoidRootPart2_k5_HumanoidRootPart.Name = "HumanoidRootPart"
HumanoidRootPart2_k5_HumanoidRootPart.CFrame = CFrame(0.000000, 0.000000, 0.000000, 1.000000, 0.000000, 0.000000, 0.000000, 1.000000, 0.000000, 0.000000, 0.000000, 1.000000)
HumanoidRootPart2_k5_HumanoidRootPart.Parent = keyframe5



--Torso
 Torso2_k5_HumanoidRootPart_Torso = Instance.new("Pose")
Torso2_k5_HumanoidRootPart_Torso.Name = "Torso"
Torso2_k5_HumanoidRootPart_Torso.CFrame = CFrame(0.419586, -0.037562, -0.401740, 0.643401, -0.704626, 0.299227, 0.746836, 0.663604, -0.043186, -0.168138, 0.251260, 0.953204)
Torso2_k5_HumanoidRootPart_Torso.Parent = HumanoidRootPart2_k5_HumanoidRootPart



--Head
 Head2_k5_HumanoidRootPart_Torso_Head = Instance.new("Pose")
Head2_k5_HumanoidRootPart_Torso_Head.Name = "Head"
Head2_k5_HumanoidRootPart_Torso_Head.CFrame = CFrame(0.000000, 0.000000, 0.000000, 0.811555, 0.530865, -0.244050, -0.461072, 0.838441, 0.290568, 0.358874, -0.123288, 0.925208)
Head2_k5_HumanoidRootPart_Torso_Head.Parent = Torso2_k5_HumanoidRootPart_Torso



--Left Arm
 Left_Arm2_k5_HumanoidRootPart_Torso_Left_Arm = Instance.new("Pose")
Left_Arm2_k5_HumanoidRootPart_Torso_Left_Arm.Name = "Left Arm"
Left_Arm2_k5_HumanoidRootPart_Torso_Left_Arm.CFrame = CFrame(-0.112888, -0.949377, 0.410325, -0.923501, 0.296285, 0.243641, -0.201503, -0.915158, 0.349117, 0.326408, 0.273316, 0.904851)
Left_Arm2_k5_HumanoidRootPart_Torso_Left_Arm.Parent = Torso2_k5_HumanoidRootPart_Torso



--Right Arm
 Right_Arm2_k5_HumanoidRootPart_Torso_Right_Arm = Instance.new("Pose")
Right_Arm2_k5_HumanoidRootPart_Torso_Right_Arm.Name = "Right Arm"
Right_Arm2_k5_HumanoidRootPart_Torso_Right_Arm.CFrame = CFrame(-0.587555, 0.004162, 0.007083, 0.714078, 0.673445, -0.191218, -0.390594, 0.609938, 0.689501, 0.580972, -0.417670, 0.698587)
Right_Arm2_k5_HumanoidRootPart_Torso_Right_Arm.Parent = Torso2_k5_HumanoidRootPart_Torso



--Left Leg
 Left_Leg2_k5_HumanoidRootPart_Torso_Left_Leg = Instance.new("Pose")
Left_Leg2_k5_HumanoidRootPart_Torso_Left_Leg.Name = "Left Leg"
Left_Leg2_k5_HumanoidRootPart_Torso_Left_Leg.CFrame = CFrame(-0.716434, 0.724549, -0.084797, 0.945421, 0.309237, 0.102722, -0.316258, 0.794872, 0.517841, 0.078485, -0.522064, 0.849288)
Left_Leg2_k5_HumanoidRootPart_Torso_Left_Leg.Parent = Torso2_k5_HumanoidRootPart_Torso



--Right Leg
 Right_Leg2_k5_HumanoidRootPart_Torso_Right_Leg = Instance.new("Pose")
Right_Leg2_k5_HumanoidRootPart_Torso_Right_Leg.Name = "Right Leg"
Right_Leg2_k5_HumanoidRootPart_Torso_Right_Leg.CFrame = CFrame(-0.488276, 0.064954, -0.043327, 0.470869, 0.484727, -0.737104, -0.120052, 0.862961, 0.490801, 0.873997, -0.142612, 0.464534)
Right_Leg2_k5_HumanoidRootPart_Torso_Right_Leg.Parent = Torso2_k5_HumanoidRootPart_Torso



-- Keyframe 6 (Time: 0.1666666716337204)
 keyframe6 = Instance.new("Keyframe")
keyframe6.Time = 0.1666666716337204
keyframe6.Parent = KeyframeSequence

--HumanoidRootPart
 HumanoidRootPart2_k6_HumanoidRootPart = Instance.new("Pose")
HumanoidRootPart2_k6_HumanoidRootPart.Name = "HumanoidRootPart"
HumanoidRootPart2_k6_HumanoidRootPart.CFrame = CFrame(0.000000, 0.000000, 0.000000, 1.000000, 0.000000, 0.000000, 0.000000, 1.000000, 0.000000, 0.000000, 0.000000, 1.000000)
HumanoidRootPart2_k6_HumanoidRootPart.Parent = keyframe6



--Torso
 Torso2_k6_HumanoidRootPart_Torso = Instance.new("Pose")
Torso2_k6_HumanoidRootPart_Torso.Name = "Torso"
Torso2_k6_HumanoidRootPart_Torso.CFrame = CFrame(0.387612, 0.002336, -0.278805, 0.648673, -0.689842, 0.321467, 0.739360, 0.671358, -0.051243, -0.180470, 0.270920, 0.945533)
Torso2_k6_HumanoidRootPart_Torso.Parent = HumanoidRootPart2_k6_HumanoidRootPart



--Head
 Head2_k6_HumanoidRootPart_Torso_Head = Instance.new("Pose")
Head2_k6_HumanoidRootPart_Torso_Head.Name = "Head"
Head2_k6_HumanoidRootPart_Torso_Head.CFrame = CFrame(0.000000, -0.000000, -0.000000, 0.802573, 0.533460, -0.267014, -0.460477, 0.838540, 0.291226, 0.379259, -0.110777, 0.918635)
Head2_k6_HumanoidRootPart_Torso_Head.Parent = Torso2_k6_HumanoidRootPart_Torso



--Left Arm
 Left_Arm2_k6_HumanoidRootPart_Torso_Left_Arm = Instance.new("Pose")
Left_Arm2_k6_HumanoidRootPart_Torso_Left_Arm.Name = "Left Arm"
Left_Arm2_k6_HumanoidRootPart_Torso_Left_Arm.CFrame = CFrame(-0.200746, -0.910503, 0.372692, -0.932448, 0.308747, 0.187659, -0.235094, -0.912871, 0.333762, 0.274357, 0.267099, 0.923789)
Left_Arm2_k6_HumanoidRootPart_Torso_Left_Arm.Parent = Torso2_k6_HumanoidRootPart_Torso



--Right Arm
 Right_Arm2_k6_HumanoidRootPart_Torso_Right_Arm = Instance.new("Pose")
Right_Arm2_k6_HumanoidRootPart_Torso_Right_Arm.Name = "Right Arm"
Right_Arm2_k6_HumanoidRootPart_Torso_Right_Arm.CFrame = CFrame(-0.637498, -0.101430, -0.058580, 0.667606, 0.692492, -0.273419, -0.451273, 0.668474, 0.591182, 0.592162, -0.271290, 0.758779)
Right_Arm2_k6_HumanoidRootPart_Torso_Right_Arm.Parent = Torso2_k6_HumanoidRootPart_Torso



--Left Leg
 Left_Leg2_k6_HumanoidRootPart_Torso_Left_Leg = Instance.new("Pose")
Left_Leg2_k6_HumanoidRootPart_Torso_Left_Leg.Name = "Left Leg"
Left_Leg2_k6_HumanoidRootPart_Torso_Left_Leg.CFrame = CFrame(-0.620365, 0.590055, -0.001057, 0.904487, 0.406769, 0.128224, -0.412930, 0.759961, 0.501945, 0.106730, -0.506950, 0.855342)
Left_Leg2_k6_HumanoidRootPart_Torso_Left_Leg.Parent = Torso2_k6_HumanoidRootPart_Torso



--Right Leg
 Right_Leg2_k6_HumanoidRootPart_Torso_Right_Leg = Instance.new("Pose")
Right_Leg2_k6_HumanoidRootPart_Torso_Right_Leg.Name = "Right Leg"
Right_Leg2_k6_HumanoidRootPart_Torso_Right_Leg.CFrame = CFrame(-0.510424, -0.009527, -0.131860, 0.453495, 0.394384, -0.799252, -0.049525, 0.906533, 0.419220, 0.889882, -0.150531, 0.430641)
Right_Leg2_k6_HumanoidRootPart_Torso_Right_Leg.Parent = Torso2_k6_HumanoidRootPart_Torso



-- Keyframe 7 (Time: 0.20000000298023224)
 keyframe7 = Instance.new("Keyframe")
keyframe7.Time = 0.20000000298023224
keyframe7.Parent = KeyframeSequence

--HumanoidRootPart
 HumanoidRootPart2_k7_HumanoidRootPart = Instance.new("Pose")
HumanoidRootPart2_k7_HumanoidRootPart.Name = "HumanoidRootPart"
HumanoidRootPart2_k7_HumanoidRootPart.CFrame = CFrame(0.000000, 0.000000, 0.000000, 1.000000, 0.000000, 0.000000, 0.000000, 1.000000, 0.000000, 0.000000, 0.000000, 1.000000)
HumanoidRootPart2_k7_HumanoidRootPart.Parent = keyframe7



--Torso
 Torso2_k7_HumanoidRootPart_Torso = Instance.new("Pose")
Torso2_k7_HumanoidRootPart_Torso.Name = "Torso"
Torso2_k7_HumanoidRootPart_Torso.CFrame = CFrame(0.338243, 0.053861, -0.121348, 0.683971, -0.665100, 0.299710, 0.710701, 0.700194, -0.068063, -0.164586, 0.259557, 0.951599)
Torso2_k7_HumanoidRootPart_Torso.Parent = HumanoidRootPart2_k7_HumanoidRootPart



--Head
 Head2_k7_HumanoidRootPart_Torso_Head = Instance.new("Pose")
Head2_k7_HumanoidRootPart_Torso_Head.Name = "Head"
Head2_k7_HumanoidRootPart_Torso_Head.CFrame = CFrame(0.000000, -0.000000, 0.000000, 0.821920, 0.506223, -0.261123, -0.446749, 0.857308, 0.255808, 0.353359, -0.093597, 0.930794)
Head2_k7_HumanoidRootPart_Torso_Head.Parent = Torso2_k7_HumanoidRootPart_Torso



--Left Arm
 Left_Arm2_k7_HumanoidRootPart_Torso_Left_Arm = Instance.new("Pose")
Left_Arm2_k7_HumanoidRootPart_Torso_Left_Arm.Name = "Left Arm"
Left_Arm2_k7_HumanoidRootPart_Torso_Left_Arm.CFrame = CFrame(-0.244449, -0.863561, 0.332532, -0.920703, 0.359630, 0.151569, -0.297267, -0.897890, 0.324695, 0.252862, 0.253891, 0.933595)
Left_Arm2_k7_HumanoidRootPart_Torso_Left_Arm.Parent = Torso2_k7_HumanoidRootPart_Torso



--Right Arm
 Right_Arm2_k7_HumanoidRootPart_Torso_Right_Arm = Instance.new("Pose")
Right_Arm2_k7_HumanoidRootPart_Torso_Right_Arm.Name = "Right Arm"
Right_Arm2_k7_HumanoidRootPart_Torso_Right_Arm.CFrame = CFrame(-0.574626, -0.272514, -0.012920, 0.531021, 0.743959, -0.405636, -0.424322, 0.647828, 0.632669, 0.733462, -0.163840, 0.659689)
Right_Arm2_k7_HumanoidRootPart_Torso_Right_Arm.Parent = Torso2_k7_HumanoidRootPart_Torso



--Left Leg
 Left_Leg2_k7_HumanoidRootPart_Torso_Left_Leg = Instance.new("Pose")
Left_Leg2_k7_HumanoidRootPart_Torso_Left_Leg.Name = "Left Leg"
Left_Leg2_k7_HumanoidRootPart_Torso_Left_Leg.CFrame = CFrame(-0.480316, 0.418225, 0.058235, 0.884021, 0.439966, 0.157915, -0.460915, 0.764135, 0.451283, 0.077881, -0.471729, 0.878298)
Left_Leg2_k7_HumanoidRootPart_Torso_Left_Leg.Parent = Torso2_k7_HumanoidRootPart_Torso



--Right Leg
 Right_Leg2_k7_HumanoidRootPart_Torso_Right_Leg = Instance.new("Pose")
Right_Leg2_k7_HumanoidRootPart_Torso_Right_Leg.Name = "Right Leg"
Right_Leg2_k7_HumanoidRootPart_Torso_Right_Leg.CFrame = CFrame(-0.467738, -0.055623, -0.115773, 0.448288, 0.322601, -0.833647, -0.006432, 0.933746, 0.357878, 0.893866, -0.155070, 0.420662)
Right_Leg2_k7_HumanoidRootPart_Torso_Right_Leg.Parent = Torso2_k7_HumanoidRootPart_Torso



-- Keyframe 8 (Time: 0.23333333432674408)
 keyframe8 = Instance.new("Keyframe")
keyframe8.Time = 0.23333333432674408
keyframe8.Parent = KeyframeSequence

--HumanoidRootPart
 HumanoidRootPart2_k8_HumanoidRootPart = Instance.new("Pose")
HumanoidRootPart2_k8_HumanoidRootPart.Name = "HumanoidRootPart"
HumanoidRootPart2_k8_HumanoidRootPart.CFrame = CFrame(0.000000, 0.000000, 0.000000, 1.000000, 0.000000, 0.000000, 0.000000, 1.000000, 0.000000, 0.000000, 0.000000, 1.000000)
HumanoidRootPart2_k8_HumanoidRootPart.Parent = keyframe8



--Torso
 Torso2_k8_HumanoidRootPart_Torso = Instance.new("Pose")
Torso2_k8_HumanoidRootPart_Torso.Name = "Torso"
Torso2_k8_HumanoidRootPart_Torso.CFrame = CFrame(0.181933, 0.075535, 0.036312, 0.731450, -0.622394, 0.278579, 0.660925, 0.747630, -0.065023, -0.167804, 0.231681, 0.958210)
Torso2_k8_HumanoidRootPart_Torso.Parent = HumanoidRootPart2_k8_HumanoidRootPart



--Head
 Head2_k8_HumanoidRootPart_Torso_Head = Instance.new("Pose")
Head2_k8_HumanoidRootPart_Torso_Head.Name = "Head"
Head2_k8_HumanoidRootPart_Torso_Head.CFrame = CFrame(0.000000, -0.000000, -0.000000, 0.849731, 0.453014, -0.269697, -0.411395, 0.889651, 0.198182, 0.329715, -0.057449, 0.942331)
Head2_k8_HumanoidRootPart_Torso_Head.Parent = Torso2_k8_HumanoidRootPart_Torso



--Left Arm
 Left_Arm2_k8_HumanoidRootPart_Torso_Left_Arm = Instance.new("Pose")
Left_Arm2_k8_HumanoidRootPart_Torso_Left_Arm.Name = "Left Arm"
Left_Arm2_k8_HumanoidRootPart_Torso_Left_Arm.CFrame = CFrame(-0.262139, -0.830316, 0.319056, -0.906191, 0.395165, 0.150544, -0.330695, -0.884115, 0.330125, 0.263551, 0.249372, 0.931855)
Left_Arm2_k8_HumanoidRootPart_Torso_Left_Arm.Parent = Torso2_k8_HumanoidRootPart_Torso



--Right Arm
 Right_Arm2_k8_HumanoidRootPart_Torso_Right_Arm = Instance.new("Pose")
Right_Arm2_k8_HumanoidRootPart_Torso_Right_Arm.Name = "Right Arm"
Right_Arm2_k8_HumanoidRootPart_Torso_Right_Arm.CFrame = CFrame(-0.503053, -0.345185, 0.069076, 0.470613, 0.760658, -0.447127, -0.432353, 0.640546, 0.634643, 0.769152, -0.105354, 0.630322)
Right_Arm2_k8_HumanoidRootPart_Torso_Right_Arm.Parent = Torso2_k8_HumanoidRootPart_Torso



--Left Leg
 Left_Leg2_k8_HumanoidRootPart_Torso_Left_Leg = Instance.new("Pose")
Left_Leg2_k8_HumanoidRootPart_Torso_Left_Leg.Name = "Left Leg"
Left_Leg2_k8_HumanoidRootPart_Torso_Left_Leg.CFrame = CFrame(-0.251509, 0.301258, 0.121586, 0.861246, 0.450191, 0.235761, -0.507387, 0.735706, 0.448660, 0.028532, -0.506028, 0.862045)
Left_Leg2_k8_HumanoidRootPart_Torso_Left_Leg.Parent = Torso2_k8_HumanoidRootPart_Torso



--Right Leg
 Right_Leg2_k8_HumanoidRootPart_Torso_Right_Leg = Instance.new("Pose")
Right_Leg2_k8_HumanoidRootPart_Torso_Right_Leg.Name = "Right Leg"
Right_Leg2_k8_HumanoidRootPart_Torso_Right_Leg.CFrame = CFrame(-0.260760, -0.068903, 0.063211, 0.465788, 0.277979, -0.840101, -0.121341, 0.960474, 0.250532, 0.876537, -0.014756, 0.481108)
Right_Leg2_k8_HumanoidRootPart_Torso_Right_Leg.Parent = Torso2_k8_HumanoidRootPart_Torso



-- Keyframe 9 (Time: 0.2666666805744171)
 keyframe9 = Instance.new("Keyframe")
keyframe9.Time = 0.2666666805744171
keyframe9.Parent = KeyframeSequence

--HumanoidRootPart
 HumanoidRootPart2_k9_HumanoidRootPart = Instance.new("Pose")
HumanoidRootPart2_k9_HumanoidRootPart.Name = "HumanoidRootPart"
HumanoidRootPart2_k9_HumanoidRootPart.CFrame = CFrame(0.000000, 0.000000, 0.000000, 1.000000, 0.000000, 0.000000, 0.000000, 1.000000, 0.000000, 0.000000, 0.000000, 1.000000)
HumanoidRootPart2_k9_HumanoidRootPart.Parent = keyframe9



--Torso
 Torso2_k9_HumanoidRootPart_Torso = Instance.new("Pose")
Torso2_k9_HumanoidRootPart_Torso.Name = "Torso"
Torso2_k9_HumanoidRootPart_Torso.CFrame = CFrame(0.012714, 0.074394, 0.187118, 0.792612, -0.575611, 0.201093, 0.593536, 0.803892, -0.038362, -0.139575, 0.149762, 0.978821)
Torso2_k9_HumanoidRootPart_Torso.Parent = HumanoidRootPart2_k9_HumanoidRootPart



--Head
 Head2_k9_HumanoidRootPart_Torso_Head = Instance.new("Pose")
Head2_k9_HumanoidRootPart_Torso_Head.Name = "Head"
Head2_k9_HumanoidRootPart_Torso_Head.CFrame = CFrame(0.000000, -0.000000, -0.000001, 0.892764, 0.380861, -0.240660, -0.371847, 0.924514, 0.083685, 0.254366, 0.014778, 0.966995)
Head2_k9_HumanoidRootPart_Torso_Head.Parent = Torso2_k9_HumanoidRootPart_Torso



--Left Arm
 Left_Arm2_k9_HumanoidRootPart_Torso_Left_Arm = Instance.new("Pose")
Left_Arm2_k9_HumanoidRootPart_Torso_Left_Arm.Name = "Left Arm"
Left_Arm2_k9_HumanoidRootPart_Torso_Left_Arm.CFrame = CFrame(-0.267194, -0.814283, 0.331784, -0.894992, 0.408941, 0.178206, -0.331393, -0.876947, 0.348055, 0.298611, 0.252450, 0.920381)
Left_Arm2_k9_HumanoidRootPart_Torso_Left_Arm.Parent = Torso2_k9_HumanoidRootPart_Torso



--Right Arm
 Right_Arm2_k9_HumanoidRootPart_Torso_Right_Arm = Instance.new("Pose")
Right_Arm2_k9_HumanoidRootPart_Torso_Right_Arm.Name = "Right Arm"
Right_Arm2_k9_HumanoidRootPart_Torso_Right_Arm.CFrame = CFrame(-0.482915, -0.335176, 0.038030, 0.478461, 0.728253, -0.490635, -0.368310, 0.673652, 0.640735, 0.797134, -0.125860, 0.590539)
Right_Arm2_k9_HumanoidRootPart_Torso_Right_Arm.Parent = Torso2_k9_HumanoidRootPart_Torso



--Left Leg
 Left_Leg2_k9_HumanoidRootPart_Torso_Left_Leg = Instance.new("Pose")
Left_Leg2_k9_HumanoidRootPart_Torso_Left_Leg.Name = "Left Leg"
Left_Leg2_k9_HumanoidRootPart_Torso_Left_Leg.CFrame = CFrame(-0.230021, 0.271548, 0.119549, 0.941458, 0.165043, 0.293969, -0.277620, 0.874247, 0.398269, -0.191271, -0.456566, 0.868886)
Left_Leg2_k9_HumanoidRootPart_Torso_Left_Leg.Parent = Torso2_k9_HumanoidRootPart_Torso



--Right Leg
 Right_Leg2_k9_HumanoidRootPart_Torso_Right_Leg = Instance.new("Pose")
Right_Leg2_k9_HumanoidRootPart_Torso_Right_Leg.Name = "Right Leg"
Right_Leg2_k9_HumanoidRootPart_Torso_Right_Leg.CFrame = CFrame(-0.101205, -0.048006, 0.165165, 0.504896, 0.251381, -0.825765, -0.209060, 0.963784, 0.165572, 0.837481, 0.089038, 0.539165)
Right_Leg2_k9_HumanoidRootPart_Torso_Right_Leg.Parent = Torso2_k9_HumanoidRootPart_Torso



-- Keyframe 10 (Time: 0.30000001192092896)
 keyframe10 = Instance.new("Keyframe")
keyframe10.Time = 0.30000001192092896
keyframe10.Parent = KeyframeSequence

--HumanoidRootPart
 HumanoidRootPart2_k10_HumanoidRootPart = Instance.new("Pose")
HumanoidRootPart2_k10_HumanoidRootPart.Name = "HumanoidRootPart"
HumanoidRootPart2_k10_HumanoidRootPart.CFrame = CFrame(0.000000, 0.000000, 0.000000, 1.000000, 0.000000, 0.000000, 0.000000, 1.000000, 0.000000, 0.000000, 0.000000, 1.000000)
HumanoidRootPart2_k10_HumanoidRootPart.Parent = keyframe10



--Torso
 Torso2_k10_HumanoidRootPart_Torso = Instance.new("Pose")
Torso2_k10_HumanoidRootPart_Torso.Name = "Torso"
Torso2_k10_HumanoidRootPart_Torso.CFrame = CFrame(-0.147129, 0.055952, 0.260437, 0.847434, -0.518528, 0.113949, 0.524542, 0.850890, -0.029003, -0.081919, 0.084350, 0.993063)
Torso2_k10_HumanoidRootPart_Torso.Parent = HumanoidRootPart2_k10_HumanoidRootPart



--Head
 Head2_k10_HumanoidRootPart_Torso_Head = Instance.new("Pose")
Head2_k10_HumanoidRootPart_Torso_Head.Name = "Head"
Head2_k10_HumanoidRootPart_Torso_Head.CFrame = CFrame(0.000000, 0.000000, -0.000000, 0.933573, 0.312152, -0.176074, -0.319393, 0.947524, -0.013662, 0.162570, 0.068992, 0.984282)
Head2_k10_HumanoidRootPart_Torso_Head.Parent = Torso2_k10_HumanoidRootPart_Torso



--Left Arm
 Left_Arm2_k10_HumanoidRootPart_Torso_Left_Arm = Instance.new("Pose")
Left_Arm2_k10_HumanoidRootPart_Torso_Left_Arm.Name = "Left Arm"
Left_Arm2_k10_HumanoidRootPart_Torso_Left_Arm.CFrame = CFrame(-0.246152, -0.799455, 0.382026, -0.868245, 0.425718, 0.254783, -0.311398, -0.867392, 0.388153, 0.386240, 0.257673, 0.885677)
Left_Arm2_k10_HumanoidRootPart_Torso_Left_Arm.Parent = Torso2_k10_HumanoidRootPart_Torso



--Right Arm
 Right_Arm2_k10_HumanoidRootPart_Torso_Right_Arm = Instance.new("Pose")
Right_Arm2_k10_HumanoidRootPart_Torso_Right_Arm.Name = "Right Arm"
Right_Arm2_k10_HumanoidRootPart_Torso_Right_Arm.CFrame = CFrame(-0.449595, -0.318937, 0.007095, 0.493745, 0.691394, -0.527437, -0.307954, 0.706236, 0.637492, 0.813253, -0.152333, 0.561618)
Right_Arm2_k10_HumanoidRootPart_Torso_Right_Arm.Parent = Torso2_k10_HumanoidRootPart_Torso



--Left Leg
 Left_Leg2_k10_HumanoidRootPart_Torso_Left_Leg = Instance.new("Pose")
Left_Leg2_k10_HumanoidRootPart_Torso_Left_Leg.Name = "Left Leg"
Left_Leg2_k10_HumanoidRootPart_Torso_Left_Leg.CFrame = CFrame(-0.110748, 0.156019, 0.086224, 0.925992, -0.107683, 0.361861, -0.012989, 0.948808, 0.315587, -0.377320, -0.296931, 0.877190)
Left_Leg2_k10_HumanoidRootPart_Torso_Left_Leg.Parent = Torso2_k10_HumanoidRootPart_Torso



--Right Leg
 Right_Leg2_k10_HumanoidRootPart_Torso_Right_Leg = Instance.new("Pose")
Right_Leg2_k10_HumanoidRootPart_Torso_Right_Leg.Name = "Right Leg"
Right_Leg2_k10_HumanoidRootPart_Torso_Right_Leg.CFrame = CFrame(0.020872, -0.033094, 0.213570, 0.543054, 0.212376, -0.812397, -0.271692, 0.959884, 0.069317, 0.794529, 0.183079, 0.578970)
Right_Leg2_k10_HumanoidRootPart_Torso_Right_Leg.Parent = Torso2_k10_HumanoidRootPart_Torso



-- Keyframe 11 (Time: 0.3333333432674408)
 keyframe11 = Instance.new("Keyframe")
keyframe11.Time = 0.3333333432674408
keyframe11.Parent = KeyframeSequence

--HumanoidRootPart
 HumanoidRootPart2_k11_HumanoidRootPart = Instance.new("Pose")
HumanoidRootPart2_k11_HumanoidRootPart.Name = "HumanoidRootPart"
HumanoidRootPart2_k11_HumanoidRootPart.CFrame = CFrame(0.000000, 0.000000, 0.000000, 1.000000, 0.000000, 0.000000, 0.000000, 1.000000, 0.000000, 0.000000, 0.000000, 1.000000)
HumanoidRootPart2_k11_HumanoidRootPart.Parent = keyframe11



--Torso
 Torso2_k11_HumanoidRootPart_Torso = Instance.new("Pose")
Torso2_k11_HumanoidRootPart_Torso.Name = "Torso"
Torso2_k11_HumanoidRootPart_Torso.CFrame = CFrame(-0.278588, 0.044883, 0.265365, 0.883033, -0.466346, 0.052669, 0.468699, 0.882038, -0.048276, -0.023943, 0.067316, 0.997444)
Torso2_k11_HumanoidRootPart_Torso.Parent = HumanoidRootPart2_k11_HumanoidRootPart



--Head
 Head2_k11_HumanoidRootPart_Torso_Head = Instance.new("Pose")
Head2_k11_HumanoidRootPart_Torso_Head.Name = "Head"
Head2_k11_HumanoidRootPart_Torso_Head.CFrame = CFrame(0.000000, 0.000000, -0.000000, 0.959150, 0.261472, -0.108000, -0.268645, 0.961489, -0.058039, 0.088665, 0.084682, 0.992455)
Head2_k11_HumanoidRootPart_Torso_Head.Parent = Torso2_k11_HumanoidRootPart_Torso



--Left Arm
 Left_Arm2_k11_HumanoidRootPart_Torso_Left_Arm = Instance.new("Pose")
Left_Arm2_k11_HumanoidRootPart_Torso_Left_Arm.Name = "Left Arm"
Left_Arm2_k11_HumanoidRootPart_Torso_Left_Arm.CFrame = CFrame(-0.169225, -0.793006, 0.458448, -0.808001, 0.461203, 0.366643, -0.281382, -0.848804, 0.447612, 0.517648, 0.258504, 0.815608)
Left_Arm2_k11_HumanoidRootPart_Torso_Left_Arm.Parent = Torso2_k11_HumanoidRootPart_Torso



--Right Arm
 Right_Arm2_k11_HumanoidRootPart_Torso_Right_Arm = Instance.new("Pose")
Right_Arm2_k11_HumanoidRootPart_Torso_Right_Arm.Name = "Right Arm"
Right_Arm2_k11_HumanoidRootPart_Torso_Right_Arm.CFrame = CFrame(-0.404601, -0.302995, -0.017535, 0.527986, 0.645152, -0.552277, -0.259636, 0.741797, 0.618326, 0.808591, -0.183076, 0.559163)
Right_Arm2_k11_HumanoidRootPart_Torso_Right_Arm.Parent = Torso2_k11_HumanoidRootPart_Torso



--Left Leg
 Left_Leg2_k11_HumanoidRootPart_Torso_Left_Leg = Instance.new("Pose")
Left_Leg2_k11_HumanoidRootPart_Torso_Left_Leg.Name = "Left Leg"
Left_Leg2_k11_HumanoidRootPart_Torso_Left_Leg.CFrame = CFrame(0.084864, 0.008628, -0.014723, 0.859472, -0.279607, 0.427935, 0.199993, 0.954343, 0.221885, -0.470437, -0.105120, 0.876150)
Left_Leg2_k11_HumanoidRootPart_Torso_Left_Leg.Parent = Torso2_k11_HumanoidRootPart_Torso



--Right Leg
 Right_Leg2_k11_HumanoidRootPart_Torso_Right_Leg = Instance.new("Pose")
Right_Leg2_k11_HumanoidRootPart_Torso_Right_Leg.Name = "Right Leg"
Right_Leg2_k11_HumanoidRootPart_Torso_Right_Leg.CFrame = CFrame(0.092294, -0.144285, 0.130432, 0.593372, 0.100019, -0.798690, -0.294488, 0.950434, -0.099763, 0.749124, 0.294400, 0.593415)
Right_Leg2_k11_HumanoidRootPart_Torso_Right_Leg.Parent = Torso2_k11_HumanoidRootPart_Torso



-- Keyframe 12 (Time: 0.36666667461395264)
 keyframe12 = Instance.new("Keyframe")
keyframe12.Time = 0.36666667461395264
keyframe12.Parent = KeyframeSequence

--HumanoidRootPart
 HumanoidRootPart2_k12_HumanoidRootPart = Instance.new("Pose")
HumanoidRootPart2_k12_HumanoidRootPart.Name = "HumanoidRootPart"
HumanoidRootPart2_k12_HumanoidRootPart.CFrame = CFrame(0.000000, 0.000000, 0.000000, 1.000000, 0.000000, 0.000000, 0.000000, 1.000000, 0.000000, 0.000000, 0.000000, 1.000000)
HumanoidRootPart2_k12_HumanoidRootPart.Parent = keyframe12



--Torso
 Torso2_k12_HumanoidRootPart_Torso = Instance.new("Pose")
Torso2_k12_HumanoidRootPart_Torso.Name = "Torso"
Torso2_k12_HumanoidRootPart_Torso.CFrame = CFrame(-0.411249, 0.039620, 0.143239, 0.907377, -0.420029, -0.015585, 0.417856, 0.905448, -0.074561, 0.045429, 0.061143, 0.997095)
Torso2_k12_HumanoidRootPart_Torso.Parent = HumanoidRootPart2_k12_HumanoidRootPart



--Head
 Head2_k12_HumanoidRootPart_Torso_Head = Instance.new("Pose")
Head2_k12_HumanoidRootPart_Torso_Head.Name = "Head"
Head2_k12_HumanoidRootPart_Torso_Head.CFrame = CFrame(0.000000, 0.000000, 0.000000, 0.975012, 0.220495, -0.027073, -0.222029, 0.971253, -0.085851, 0.007365, 0.089717, 0.995940)
Head2_k12_HumanoidRootPart_Torso_Head.Parent = Torso2_k12_HumanoidRootPart_Torso



--Left Arm
 Left_Arm2_k12_HumanoidRootPart_Torso_Left_Arm = Instance.new("Pose")
Left_Arm2_k12_HumanoidRootPart_Torso_Left_Arm.Name = "Left Arm"
Left_Arm2_k12_HumanoidRootPart_Torso_Left_Arm.CFrame = CFrame(-0.001622, -0.797123, 0.501416, -0.687199, 0.558389, 0.464715, -0.302591, -0.801567, 0.515684, 0.660452, 0.213759, 0.719799)
Left_Arm2_k12_HumanoidRootPart_Torso_Left_Arm.Parent = Torso2_k12_HumanoidRootPart_Torso



--Right Arm
 Right_Arm2_k12_HumanoidRootPart_Torso_Right_Arm = Instance.new("Pose")
Right_Arm2_k12_HumanoidRootPart_Torso_Right_Arm.Name = "Right Arm"
Right_Arm2_k12_HumanoidRootPart_Torso_Right_Arm.CFrame = CFrame(-0.442285, -0.254635, -0.156859, 0.642274, 0.519858, -0.563233, -0.136423, 0.800638, 0.583411, 0.754236, -0.297872, 0.585150)
Right_Arm2_k12_HumanoidRootPart_Torso_Right_Arm.Parent = Torso2_k12_HumanoidRootPart_Torso



--Left Leg
 Left_Leg2_k12_HumanoidRootPart_Torso_Left_Leg = Instance.new("Pose")
Left_Leg2_k12_HumanoidRootPart_Torso_Left_Leg.Name = "Left Leg"
Left_Leg2_k12_HumanoidRootPart_Torso_Left_Leg.CFrame = CFrame(0.252538, -0.094366, -0.160996, 0.756990, -0.435425, 0.487208, 0.433310, 0.892606, 0.124489, -0.489090, 0.116875, 0.864367)
Left_Leg2_k12_HumanoidRootPart_Torso_Left_Leg.Parent = Torso2_k12_HumanoidRootPart_Torso



--Right Leg
 Right_Leg2_k12_HumanoidRootPart_Torso_Right_Leg = Instance.new("Pose")
Right_Leg2_k12_HumanoidRootPart_Torso_Right_Leg.Name = "Right Leg"
Right_Leg2_k12_HumanoidRootPart_Torso_Right_Leg.CFrame = CFrame(0.174825, -0.186743, 0.085619, 0.649420, 0.034404, -0.759651, -0.304599, 0.927101, -0.218411, 0.696759, 0.373230, 0.612557)
Right_Leg2_k12_HumanoidRootPart_Torso_Right_Leg.Parent = Torso2_k12_HumanoidRootPart_Torso



-- Keyframe 13 (Time: 0.4000000059604645)
 keyframe13 = Instance.new("Keyframe")
keyframe13.Time = 0.4000000059604645
keyframe13.Parent = KeyframeSequence

--HumanoidRootPart
 HumanoidRootPart2_k13_HumanoidRootPart = Instance.new("Pose")
HumanoidRootPart2_k13_HumanoidRootPart.Name = "HumanoidRootPart"
HumanoidRootPart2_k13_HumanoidRootPart.CFrame = CFrame(0.000000, 0.000000, 0.000000, 1.000000, 0.000000, 0.000000, 0.000000, 1.000000, 0.000000, 0.000000, 0.000000, 1.000000)
HumanoidRootPart2_k13_HumanoidRootPart.Parent = keyframe13



--Torso
 Torso2_k13_HumanoidRootPart_Torso = Instance.new("Pose")
Torso2_k13_HumanoidRootPart_Torso.Name = "Torso"
Torso2_k13_HumanoidRootPart_Torso.CFrame = CFrame(-0.542910, 0.038899, 0.014267, 0.924422, -0.374331, -0.072941, 0.366302, 0.924737, -0.103369, 0.106146, 0.068838, 0.991965)
Torso2_k13_HumanoidRootPart_Torso.Parent = HumanoidRootPart2_k13_HumanoidRootPart



--Head
 Head2_k13_HumanoidRootPart_Torso_Head = Instance.new("Pose")
Head2_k13_HumanoidRootPart_Torso_Head.Name = "Head"
Head2_k13_HumanoidRootPart_Torso_Head.CFrame = CFrame(0.000000, 0.000000, 0.000000, 0.982701, 0.179431, 0.045865, -0.174584, 0.980156, -0.093885, -0.061801, 0.084254, 0.994526)
Head2_k13_HumanoidRootPart_Torso_Head.Parent = Torso2_k13_HumanoidRootPart_Torso



--Left Arm
 Left_Arm2_k13_HumanoidRootPart_Torso_Left_Arm = Instance.new("Pose")
Left_Arm2_k13_HumanoidRootPart_Torso_Left_Arm.Name = "Left Arm"
Left_Arm2_k13_HumanoidRootPart_Torso_Left_Arm.CFrame = CFrame(0.166290, -0.763910, 0.470844, -0.510529, 0.698400, 0.501595, -0.397983, -0.709025, 0.582145, 0.762214, 0.097575, 0.639929)
Left_Arm2_k13_HumanoidRootPart_Torso_Left_Arm.Parent = Torso2_k13_HumanoidRootPart_Torso



--Right Arm
 Right_Arm2_k13_HumanoidRootPart_Torso_Right_Arm = Instance.new("Pose")
Right_Arm2_k13_HumanoidRootPart_Torso_Right_Arm.Name = "Right Arm"
Right_Arm2_k13_HumanoidRootPart_Torso_Right_Arm.CFrame = CFrame(-0.465588, -0.225496, -0.205705, 0.772878, 0.389659, -0.500826, -0.092810, 0.850182, 0.518245, 0.627731, -0.354058, 0.693251)
Right_Arm2_k13_HumanoidRootPart_Torso_Right_Arm.Parent = Torso2_k13_HumanoidRootPart_Torso



--Left Leg
 Left_Leg2_k13_HumanoidRootPart_Torso_Left_Leg = Instance.new("Pose")
Left_Leg2_k13_HumanoidRootPart_Torso_Left_Leg.Name = "Left Leg"
Left_Leg2_k13_HumanoidRootPart_Torso_Left_Leg.CFrame = CFrame(0.305070, -0.141843, -0.249986, 0.677278, -0.497301, 0.542206, 0.563569, 0.824419, 0.052178, -0.472953, 0.270232, 0.838624)
Left_Leg2_k13_HumanoidRootPart_Torso_Left_Leg.Parent = Torso2_k13_HumanoidRootPart_Torso



--Right Leg
 Right_Leg2_k13_HumanoidRootPart_Torso_Right_Leg = Instance.new("Pose")
Right_Leg2_k13_HumanoidRootPart_Torso_Right_Leg.Name = "Right Leg"
Right_Leg2_k13_HumanoidRootPart_Torso_Right_Leg.CFrame = CFrame(0.273312, -0.122684, 0.134428, 0.705349, 0.021395, -0.708537, -0.304440, 0.911809, -0.275537, 0.640155, 0.410057, 0.649657)
Right_Leg2_k13_HumanoidRootPart_Torso_Right_Leg.Parent = Torso2_k13_HumanoidRootPart_Torso



-- Keyframe 14 (Time: 0.4333333373069763)
 keyframe14 = Instance.new("Keyframe")
keyframe14.Time = 0.4333333373069763
keyframe14.Parent = KeyframeSequence

--HumanoidRootPart
 HumanoidRootPart2_k14_HumanoidRootPart = Instance.new("Pose")
HumanoidRootPart2_k14_HumanoidRootPart.Name = "HumanoidRootPart"
HumanoidRootPart2_k14_HumanoidRootPart.CFrame = CFrame(0.000000, 0.000000, 0.000000, 1.000000, 0.000000, 0.000000, 0.000000, 1.000000, 0.000000, 0.000000, 0.000000, 1.000000)
HumanoidRootPart2_k14_HumanoidRootPart.Parent = keyframe14



--Torso
 Torso2_k14_HumanoidRootPart_Torso = Instance.new("Pose")
Torso2_k14_HumanoidRootPart_Torso.Name = "Torso"
Torso2_k14_HumanoidRootPart_Torso.CFrame = CFrame(-0.669269, 0.035230, -0.092832, 0.939936, -0.319650, -0.119766, 0.304045, 0.943479, -0.131923, 0.155166, 0.087585, 0.983998)
Torso2_k14_HumanoidRootPart_Torso.Parent = HumanoidRootPart2_k14_HumanoidRootPart



--Head
 Head2_k14_HumanoidRootPart_Torso_Head = Instance.new("Pose")
