-- KeyframeSequence Export: KeyframeSequence
-- Generated on 2025-09-02 14:57:43

local KeyframeSequence = Instance.new("KeyframeSequence")
KeyframeSequence.Name = "SideShuffle"
local cf=CFrame.new

-- Keyframe 1 (Time: 0)
local keyframe1 = Instance.new("Keyframe")
keyframe1.Time = 0
keyframe1.Parent = KeyframeSequence

--HumanoidRootPart
local HumanoidRootPart_k1_HumanoidRootPart = Instance.new("Pose")
HumanoidRootPart_k1_HumanoidRootPart.Name = "HumanoidRootPart"
HumanoidRootPart_k1_HumanoidRootPart.CFrame = cf(0.000000, 0.000000, 0.000000, 1.000000, 0.000000, 0.000000, 0.000000, 1.000000, 0.000000, 0.000000, 0.000000, 1.000000)
HumanoidRootPart_k1_HumanoidRootPart.Parent = keyframe1



--Torso
local Torso_k1_HumanoidRootPart_Torso = Instance.new("Pose")
Torso_k1_HumanoidRootPart_Torso.Name = "Torso"
Torso_k1_HumanoidRootPart_Torso.CFrame = cf(-0.435603, -0.047120, -0.289801, 0.401662, 0.805554, -0.435603, -0.868028, 0.486491, 0.099268, 0.291883, 0.338244, 0.894648)
Torso_k1_HumanoidRootPart_Torso.Parent = HumanoidRootPart_k1_HumanoidRootPart



--Head
local Head_k1_HumanoidRootPart_Torso_Head = Instance.new("Pose")
Head_k1_HumanoidRootPart_Torso_Head.Name = "Head"
Head_k1_HumanoidRootPart_Torso_Head.CFrame = cf(0.000000, -0.000000, -0.000000, 0.865770, 0.500014, 0.020711, -0.499594, 0.865970, -0.022417, -0.029144, 0.009061, 0.999534)
Head_k1_HumanoidRootPart_Torso_Head.Parent = Torso_k1_HumanoidRootPart_Torso



--Left Arm
local Left_Arm_k1_HumanoidRootPart_Torso_Replace = Instance.new("Pose")
Left_Arm_k1_HumanoidRootPart_Torso_Replace.Name = "Left Arm"
Left_Arm_k1_HumanoidRootPart_Torso_Replace.CFrame = cf(0.547828, -0.292837, -0.103132, 0.975056, -0.215737, -0.052177, 0.214808, 0.858022, 0.466537, -0.055880, -0.466108, 0.882961)
Left_Arm_k1_HumanoidRootPart_Torso_Replace.Parent = Torso_k1_HumanoidRootPart_Torso



--Right Arm
local Right_Arm_k1_HumanoidRootPart_Torso_Replace = Instance.new("Pose")
Right_Arm_k1_HumanoidRootPart_Torso_Replace.Name = "Right Arm"
Right_Arm_k1_HumanoidRootPart_Torso_Replace.CFrame = cf(-0.093962, -0.713360, 0.284630, -0.556444, -0.825075, -0.098089, 0.762886, -0.554106, 0.333123, -0.329203, 0.110534, 0.937767)
Right_Arm_k1_HumanoidRootPart_Torso_Replace.Parent = Torso_k1_HumanoidRootPart_Torso



--Left Leg
local Left_Leg_k1_HumanoidRootPart_Torso_Replace = Instance.new("Pose")
Left_Leg_k1_HumanoidRootPart_Torso_Replace.Name = "Left Leg"
Left_Leg_k1_HumanoidRootPart_Torso_Replace.CFrame = cf(-1.127741, 0.213727, -0.400526, 0.309593, 0.729363, -0.610067, -0.915220, 0.402602, 0.016879, 0.257925, 0.553119, 0.792170)
Left_Leg_k1_HumanoidRootPart_Torso_Replace.Parent = Torso_k1_HumanoidRootPart_Torso



--Right Leg
local Right_Leg_k1_HumanoidRootPart_Torso_Replace = Instance.new("Pose")
Right_Leg_k1_HumanoidRootPart_Torso_Replace.Name = "Right Leg"
Right_Leg_k1_HumanoidRootPart_Torso_Replace.CFrame = cf(-0.021991, 0.084572, 0.091239, 0.774949, 0.180658, -0.605654, -0.198838, 0.979307, 0.037695, 0.599931, 0.091215, 0.794835)
Right_Leg_k1_HumanoidRootPart_Torso_Replace.Parent = Torso_k1_HumanoidRootPart_Torso



-- Keyframe 2 (Time: 0.03333333507180214)
 keyframe2 = Instance.new("Keyframe")
keyframe2.Time = 0.03333333507180214
keyframe2.Parent = KeyframeSequence

--HumanoidRootPart
 HumanoidRootPart_k2_HumanoidRootPart = Instance.new("Pose")
HumanoidRootPart_k2_HumanoidRootPart.Name = "HumanoidRootPart"
HumanoidRootPart_k2_HumanoidRootPart.CFrame = cf(0.000000, 0.000000, 0.000000, 1.000000, 0.000000, 0.000000, 0.000000, 1.000000, 0.000000, 0.000000, 0.000000, 1.000000)
HumanoidRootPart_k2_HumanoidRootPart.Parent = keyframe2



--Torso
 Torso_k2_HumanoidRootPart_Torso = Instance.new("Pose")
Torso_k2_HumanoidRootPart_Torso.Name = "Torso"
Torso_k2_HumanoidRootPart_Torso.CFrame = cf(-0.474452, -0.020667, -0.258457, 0.366355, 0.828494, -0.423535, -0.882849, 0.453266, 0.122993, 0.293873, 0.328859, 0.897492)
Torso_k2_HumanoidRootPart_Torso.Parent = HumanoidRootPart_k2_HumanoidRootPart



--Head
 Head_k2_HumanoidRootPart_Torso_Head = Instance.new("Pose")
Head_k2_HumanoidRootPart_Torso_Head.Name = "Head"
Head_k2_HumanoidRootPart_Torso_Head.CFrame = cf(-0.000000, 0.000000, -0.000000, 0.888154, 0.458438, 0.031892, -0.453051, 0.885116, -0.106368, -0.076991, 0.080022, 0.993815)
Head_k2_HumanoidRootPart_Torso_Head.Parent = Torso_k2_HumanoidRootPart_Torso



--Left Arm
 Left_Arm_k2_HumanoidRootPart_Torso_Replace = Instance.new("Pose")
Left_Arm_k2_HumanoidRootPart_Torso_Replace.Name = "Left Arm"
Left_Arm_k2_HumanoidRootPart_Torso_Replace.CFrame = cf(0.667164, -0.072612, -0.072329, 0.969431, -0.225376, -0.096997, 0.244699, 0.859012, 0.449689, -0.018028, -0.459678, 0.887903)
Left_Arm_k2_HumanoidRootPart_Torso_Replace.Parent = Torso_k2_HumanoidRootPart_Torso



--Right Arm
 Right_Arm_k2_HumanoidRootPart_Torso_Replace = Instance.new("Pose")
Right_Arm_k2_HumanoidRootPart_Torso_Replace.Name = "Right Arm"
Right_Arm_k2_HumanoidRootPart_Torso_Replace.CFrame = cf(-0.046318, -0.733362, 0.335602, -0.785395, -0.588891, -0.190687, 0.479629, -0.773706, 0.413927, -0.391294, 0.233637, 0.890114)
Right_Arm_k2_HumanoidRootPart_Torso_Replace.Parent = Torso_k2_HumanoidRootPart_Torso



--Left Leg
 Left_Leg_k2_HumanoidRootPart_Torso_Replace = Instance.new("Pose")
Left_Leg_k2_HumanoidRootPart_Torso_Replace.Name = "Left Leg"
Left_Leg_k2_HumanoidRootPart_Torso_Replace.CFrame = cf(-1.090538, 0.156569, -0.369698, 0.388492, 0.715592, -0.580518, -0.882047, 0.471064, -0.009610, 0.266585, 0.515777, 0.814191)
Left_Leg_k2_HumanoidRootPart_Torso_Replace.Parent = Torso_k2_HumanoidRootPart_Torso



--Right Leg
 Right_Leg_k2_HumanoidRootPart_Torso_Replace = Instance.new("Pose")
Right_Leg_k2_HumanoidRootPart_Torso_Replace.Name = "Right Leg"
Right_Leg_k2_HumanoidRootPart_Torso_Replace.CFrame = cf(-0.040467, 0.060557, 0.057756, 0.831639, 0.178700, -0.525779, -0.178643, 0.982571, 0.051388, 0.525798, 0.051191, 0.849068)
Right_Leg_k2_HumanoidRootPart_Torso_Replace.Parent = Torso_k2_HumanoidRootPart_Torso



-- Keyframe 3 (Time: 0.06666667014360428)
 keyframe3 = Instance.new("Keyframe")
keyframe3.Time = 0.06666667014360428
keyframe3.Parent = KeyframeSequence

--HumanoidRootPart
 HumanoidRootPart_k3_HumanoidRootPart = Instance.new("Pose")
HumanoidRootPart_k3_HumanoidRootPart.Name = "HumanoidRootPart"
HumanoidRootPart_k3_HumanoidRootPart.CFrame = cf(0.000000, 0.000000, 0.000000, 1.000000, 0.000000, 0.000000, 0.000000, 1.000000, 0.000000, 0.000000, 0.000000, 1.000000)
HumanoidRootPart_k3_HumanoidRootPart.Parent = keyframe3



--Torso
 Torso_k3_HumanoidRootPart_Torso = Instance.new("Pose")
Torso_k3_HumanoidRootPart_Torso.Name = "Torso"
Torso_k3_HumanoidRootPart_Torso.CFrame = cf(-0.497305, -0.012052, -0.115178, 0.281907, 0.864352, -0.416442, -0.924404, 0.360921, 0.123346, 0.256917, 0.350189, 0.900756)
Torso_k3_HumanoidRootPart_Torso.Parent = HumanoidRootPart_k3_HumanoidRootPart



--Head
 Head_k3_HumanoidRootPart_Torso_Head = Instance.new("Pose")
Head_k3_HumanoidRootPart_Torso_Head.Name = "Head"
Head_k3_HumanoidRootPart_Torso_Head.CFrame = cf(0.000000, 0.000000, 0.000000, 0.939844, 0.340245, 0.030450, -0.329495, 0.926442, -0.182038, -0.090147, 0.161054, 0.982820)
Head_k3_HumanoidRootPart_Torso_Head.Parent = Torso_k3_HumanoidRootPart_Torso



--Left Arm
 Left_Arm_k3_HumanoidRootPart_Torso_Replace = Instance.new("Pose")
Left_Arm_k3_HumanoidRootPart_Torso_Replace.Name = "Left Arm"
Left_Arm_k3_HumanoidRootPart_Torso_Replace.CFrame = cf(0.792228, 0.195985, -0.047106, 0.939212, -0.232531, -0.252606, 0.311369, 0.886888, 0.341290, 0.144673, -0.399198, 0.905379)
Left_Arm_k3_HumanoidRootPart_Torso_Replace.Parent = Torso_k3_HumanoidRootPart_Torso



--Right Arm
 Right_Arm_k3_HumanoidRootPart_Torso_Replace = Instance.new("Pose")
Right_Arm_k3_HumanoidRootPart_Torso_Replace.Name = "Right Arm"
Right_Arm_k3_HumanoidRootPart_Torso_Replace.CFrame = cf(0.034759, -0.601881, 0.403361, -0.843283, -0.384722, -0.375318, 0.176225, -0.857617, 0.483154, -0.507759, 0.341295, 0.791011)
Right_Arm_k3_HumanoidRootPart_Torso_Replace.Parent = Torso_k3_HumanoidRootPart_Torso



--Left Leg
 Left_Leg_k3_HumanoidRootPart_Torso_Replace = Instance.new("Pose")
Left_Leg_k3_HumanoidRootPart_Torso_Replace.Name = "Left Leg"
Left_Leg_k3_HumanoidRootPart_Torso_Replace.CFrame = cf(-1.104146, 0.315521, -0.336895, 0.591632, 0.637241, -0.493858, -0.738227, 0.674403, -0.014178, 0.324025, 0.372968, 0.869427)
Left_Leg_k3_HumanoidRootPart_Torso_Replace.Parent = Torso_k3_HumanoidRootPart_Torso



--Right Leg
 Right_Leg_k3_HumanoidRootPart_Torso_Replace = Instance.new("Pose")
Right_Leg_k3_HumanoidRootPart_Torso_Replace.Name = "Right Leg"
Right_Leg_k3_HumanoidRootPart_Torso_Replace.CFrame = cf(0.009372, -0.009172, 0.038765, 0.907522, 0.149698, -0.392420, -0.145566, 0.988521, 0.040452, 0.393972, 0.020412, 0.918896)
Right_Leg_k3_HumanoidRootPart_Torso_Replace.Parent = Torso_k3_HumanoidRootPart_Torso



-- Keyframe 4 (Time: 0.10000000149011612)
 keyframe4 = Instance.new("Keyframe")
keyframe4.Time = 0.10000000149011612
keyframe4.Parent = KeyframeSequence

--HumanoidRootPart
 HumanoidRootPart_k4_HumanoidRootPart = Instance.new("Pose")
HumanoidRootPart_k4_HumanoidRootPart.Name = "HumanoidRootPart"
HumanoidRootPart_k4_HumanoidRootPart.CFrame = cf(0.000000, 0.000000, 0.000000, 1.000000, 0.000000, 0.000000, 0.000000, 1.000000, 0.000000, 0.000000, 0.000000, 1.000000)
HumanoidRootPart_k4_HumanoidRootPart.Parent = keyframe4



--Torso
 Torso_k4_HumanoidRootPart_Torso = Instance.new("Pose")
Torso_k4_HumanoidRootPart_Torso.Name = "Torso"
Torso_k4_HumanoidRootPart_Torso.CFrame = cf(-0.483266, -0.025519, 0.095410, 0.156780, 0.886380, -0.435603, -0.970912, 0.219142, 0.096472, 0.180970, 0.407808, 0.894954)
Torso_k4_HumanoidRootPart_Torso.Parent = HumanoidRootPart_k4_HumanoidRootPart



--Head
 Head_k4_HumanoidRootPart_Torso_Head = Instance.new("Pose")
Head_k4_HumanoidRootPart_Torso_Head.Name = "Head"
Head_k4_HumanoidRootPart_Torso_Head.CFrame = cf(0.000000, -0.000000, 0.000000, 0.986055, 0.166037, 0.011274, -0.162627, 0.975752, -0.146493, -0.035324, 0.142617, 0.989148)
Head_k4_HumanoidRootPart_Torso_Head.Parent = Torso_k4_HumanoidRootPart_Torso



--Left Arm
 Left_Arm_k4_HumanoidRootPart_Torso_Replace = Instance.new("Pose")
Left_Arm_k4_HumanoidRootPart_Torso_Replace.Name = "Left Arm"
Left_Arm_k4_HumanoidRootPart_Torso_Replace.CFrame = cf(0.830067, 0.455641, -0.013874, 0.906382, -0.252275, -0.338863, 0.335830, 0.916902, 0.215660, 0.256299, -0.309271, 0.915785)
Left_Arm_k4_HumanoidRootPart_Torso_Replace.Parent = Torso_k4_HumanoidRootPart_Torso



--Right Arm
 Right_Arm_k4_HumanoidRootPart_Torso_Replace = Instance.new("Pose")
Right_Arm_k4_HumanoidRootPart_Torso_Replace.Name = "Right Arm"
Right_Arm_k4_HumanoidRootPart_Torso_Replace.CFrame = cf(0.052224, -0.660838, 0.350793, -0.843010, -0.402068, -0.357318, 0.224247, -0.866504, 0.445963, -0.488925, 0.295824, 0.820634)
Right_Arm_k4_HumanoidRootPart_Torso_Replace.Parent = Torso_k4_HumanoidRootPart_Torso



--Left Leg
 Left_Leg_k4_HumanoidRootPart_Torso_Replace = Instance.new("Pose")
Left_Leg_k4_HumanoidRootPart_Torso_Replace.Name = "Left Leg"
Left_Leg_k4_HumanoidRootPart_Torso_Replace.CFrame = cf(-1.004214, 0.288485, -0.217416, 0.682172, 0.640564, -0.352589, -0.681310, 0.731904, 0.011518, 0.265439, 0.232365, 0.935708)
Left_Leg_k4_HumanoidRootPart_Torso_Replace.Parent = Torso_k4_HumanoidRootPart_Torso



--Right Leg
 Right_Leg_k4_HumanoidRootPart_Torso_Replace = Instance.new("Pose")
Right_Leg_k4_HumanoidRootPart_Torso_Replace.Name = "Right Leg"
Right_Leg_k4_HumanoidRootPart_Torso_Replace.CFrame = cf(-0.021648, -0.040619, -0.011775, 0.966519, -0.018204, -0.255950, 0.021960, 0.999689, 0.011823, 0.255655, -0.017048, 0.966618)
Right_Leg_k4_HumanoidRootPart_Torso_Replace.Parent = Torso_k4_HumanoidRootPart_Torso



-- Keyframe 5 (Time: 0.13333334028720856)
 keyframe5 = Instance.new("Keyframe")
keyframe5.Time = 0.13333334028720856
keyframe5.Parent = KeyframeSequence

--HumanoidRootPart
 HumanoidRootPart_k5_HumanoidRootPart = Instance.new("Pose")
HumanoidRootPart_k5_HumanoidRootPart.Name = "HumanoidRootPart"
HumanoidRootPart_k5_HumanoidRootPart.CFrame = cf(0.000000, 0.000000, 0.000000, 1.000000, 0.000000, 0.000000, 0.000000, 1.000000, 0.000000, 0.000000, 0.000000, 1.000000)
HumanoidRootPart_k5_HumanoidRootPart.Parent = keyframe5



--Torso
 Torso_k5_HumanoidRootPart_Torso = Instance.new("Pose")
Torso_k5_HumanoidRootPart_Torso.Name = "Torso"
Torso_k5_HumanoidRootPart_Torso.CFrame = cf(-0.447756, -0.035930, 0.304338, 0.060342, 0.877685, -0.475423, -0.992041, 0.105465, 0.068788, 0.110514, 0.467489, 0.877064)
Torso_k5_HumanoidRootPart_Torso.Parent = HumanoidRootPart_k5_HumanoidRootPart



--Head
 Head_k5_HumanoidRootPart_Torso_Head = Instance.new("Pose")
Head_k5_HumanoidRootPart_Torso_Head.Name = "Head"
Head_k5_HumanoidRootPart_Torso_Head.CFrame = cf(0.000000, -0.000000, 0.000000, 0.998901, 0.046158, 0.008188, -0.045443, 0.996323, -0.072636, -0.011510, 0.072184, 0.997325)
Head_k5_HumanoidRootPart_Torso_Head.Parent = Torso_k5_HumanoidRootPart_Torso



--Left Arm
 Left_Arm_k5_HumanoidRootPart_Torso_Replace = Instance.new("Pose")
Left_Arm_k5_HumanoidRootPart_Torso_Replace.Name = "Left Arm"
Left_Arm_k5_HumanoidRootPart_Torso_Replace.CFrame = cf(0.857147, 0.657364, -0.062178, 0.916944, -0.171076, -0.360481, 0.267991, 0.933377, 0.238723, 0.295624, -0.315501, 0.901701)
Left_Arm_k5_HumanoidRootPart_Torso_Replace.Parent = Torso_k5_HumanoidRootPart_Torso



--Right Arm
 Right_Arm_k5_HumanoidRootPart_Torso_Replace = Instance.new("Pose")
Right_Arm_k5_HumanoidRootPart_Torso_Replace.Name = "Right Arm"
Right_Arm_k5_HumanoidRootPart_Torso_Replace.CFrame = cf(-0.074512, -0.836282, 0.326817, -0.801636, -0.480331, -0.355897, 0.300689, -0.838512, 0.454404, -0.516688, 0.257252, 0.816612)
Right_Arm_k5_HumanoidRootPart_Torso_Replace.Parent = Torso_k5_HumanoidRootPart_Torso



--Left Leg
 Left_Leg_k5_HumanoidRootPart_Torso_Replace = Instance.new("Pose")
Left_Leg_k5_HumanoidRootPart_Torso_Replace.Name = "Left Leg"
Left_Leg_k5_HumanoidRootPart_Torso_Replace.CFrame = cf(-0.789437, 0.182642, -0.110189, 0.669356, 0.708203, -0.224523, -0.718943, 0.693638, 0.044576, 0.187306, 0.131582, 0.973449)
Left_Leg_k5_HumanoidRootPart_Torso_Replace.Parent = Torso_k5_HumanoidRootPart_Torso



--Right Leg
 Right_Leg_k5_HumanoidRootPart_Torso_Replace = Instance.new("Pose")
Right_Leg_k5_HumanoidRootPart_Torso_Replace.Name = "Right Leg"
Right_Leg_k5_HumanoidRootPart_Torso_Replace.CFrame = cf(0.204342, -0.009917, 0.010811, 0.978258, -0.087057, -0.188235, 0.086653, 0.996184, -0.010391, 0.188422, -0.006146, 0.982069)
Right_Leg_k5_HumanoidRootPart_Torso_Replace.Parent = Torso_k5_HumanoidRootPart_Torso



-- Keyframe 6 (Time: 0.1666666716337204)
 keyframe6 = Instance.new("Keyframe")
keyframe6.Time = 0.1666666716337204
keyframe6.Parent = KeyframeSequence

--HumanoidRootPart
 HumanoidRootPart_k6_HumanoidRootPart = Instance.new("Pose")
HumanoidRootPart_k6_HumanoidRootPart.Name = "HumanoidRootPart"
HumanoidRootPart_k6_HumanoidRootPart.CFrame = cf(0.000000, 0.000000, 0.000000, 1.000000, 0.000000, 0.000000, 0.000000, 1.000000, 0.000000, 0.000000, 0.000000, 1.000000)
HumanoidRootPart_k6_HumanoidRootPart.Parent = keyframe6



--Torso
 Torso_k6_HumanoidRootPart_Torso = Instance.new("Pose")
Torso_k6_HumanoidRootPart_Torso.Name = "Torso"
Torso_k6_HumanoidRootPart_Torso.CFrame = cf(-0.389465, -0.037982, 0.477446, -0.026314, 0.850016, -0.526099, -0.998862, -0.001416, 0.047671, 0.039776, 0.526755, 0.849086)
Torso_k6_HumanoidRootPart_Torso.Parent = HumanoidRootPart_k6_HumanoidRootPart



--Head
 Head_k6_HumanoidRootPart_Torso_Head = Instance.new("Pose")
Head_k6_HumanoidRootPart_Torso_Head.Name = "Head"
Head_k6_HumanoidRootPart_Torso_Head.CFrame = cf(0.000000, -0.000000, 0.000000, 0.998626, -0.050656, 0.013405, 0.050180, 0.998169, 0.033777, -0.015091, -0.033058, 0.999340)
Head_k6_HumanoidRootPart_Torso_Head.Parent = Torso_k6_HumanoidRootPart_Torso



--Left Arm
 Left_Arm_k6_HumanoidRootPart_Torso_Replace = Instance.new("Pose")
Left_Arm_k6_HumanoidRootPart_Torso_Replace.Name = "Left Arm"
Left_Arm_k6_HumanoidRootPart_Torso_Replace.CFrame = cf(0.947456, 0.630147, -0.075846, 0.934960, -0.002756, -0.354742, 0.119798, 0.943680, 0.308410, 0.333913, -0.330848, 0.882633)
Left_Arm_k6_HumanoidRootPart_Torso_Replace.Parent = Torso_k6_HumanoidRootPart_Torso



--Right Arm
 Right_Arm_k6_HumanoidRootPart_Torso_Replace = Instance.new("Pose")
Right_Arm_k6_HumanoidRootPart_Torso_Replace.Name = "Right Arm"
Right_Arm_k6_HumanoidRootPart_Torso_Replace.CFrame = cf(-0.484828, -0.982974, 0.205042, -0.624692, -0.728495, -0.281168, 0.561557, -0.669309, 0.486498, -0.542600, 0.146020, 0.827202)
Right_Arm_k6_HumanoidRootPart_Torso_Replace.Parent = Torso_k6_HumanoidRootPart_Torso



--Left Leg
 Left_Leg_k6_HumanoidRootPart_Torso_Replace = Instance.new("Pose")
Left_Leg_k6_HumanoidRootPart_Torso_Replace.Name = "Left Leg"
Left_Leg_k6_HumanoidRootPart_Torso_Replace.CFrame = cf(-0.690158, 0.245282, -0.064294, 0.699923, 0.707134, -0.100339, -0.703965, 0.706753, 0.070238, 0.120582, 0.021474, 0.992471)
Left_Leg_k6_HumanoidRootPart_Torso_Replace.Parent = Torso_k6_HumanoidRootPart_Torso



--Right Leg
 Right_Leg_k6_HumanoidRootPart_Torso_Replace = Instance.new("Pose")
Right_Leg_k6_HumanoidRootPart_Torso_Replace.Name = "Right Leg"
Right_Leg_k6_HumanoidRootPart_Torso_Replace.CFrame = cf(0.458359, 0.091825, 0.019150, 0.981834, -0.137616, -0.130626, 0.135074, 0.990435, -0.028167, 0.133253, 0.010011, 0.991032)
Right_Leg_k6_HumanoidRootPart_Torso_Replace.Parent = Torso_k6_HumanoidRootPart_Torso



-- Keyframe 7 (Time: 0.20000000298023224)
 keyframe7 = Instance.new("Keyframe")
keyframe7.Time = 0.20000000298023224
keyframe7.Parent = KeyframeSequence

--HumanoidRootPart
 HumanoidRootPart_k7_HumanoidRootPart = Instance.new("Pose")
HumanoidRootPart_k7_HumanoidRootPart.Name = "HumanoidRootPart"
HumanoidRootPart_k7_HumanoidRootPart.CFrame = cf(0.000000, 0.000000, 0.000000, 1.000000, 0.000000, 0.000000, 0.000000, 1.000000, 0.000000, 0.000000, 0.000000, 1.000000)
HumanoidRootPart_k7_HumanoidRootPart.Parent = keyframe7



--Torso
 Torso_k7_HumanoidRootPart_Torso = Instance.new("Pose")
Torso_k7_HumanoidRootPart_Torso.Name = "Torso"
Torso_k7_HumanoidRootPart_Torso.CFrame = cf(-0.337156, -0.038724, 0.600697, -0.092180, 0.816077, -0.570544, -0.995275, -0.093071, 0.027678, -0.030514, 0.570400, 0.820800)
Torso_k7_HumanoidRootPart_Torso.Parent = HumanoidRootPart_k7_HumanoidRootPart



--Head
 Head_k7_HumanoidRootPart_Torso_Head = Instance.new("Pose")
Head_k7_HumanoidRootPart_Torso_Head.Name = "Head"
Head_k7_HumanoidRootPart_Torso_Head.CFrame = cf(0.000000, -0.000000, -0.000000, 0.992090, -0.125392, 0.005869, 0.123525, 0.983504, 0.132141, -0.022341, -0.130371, 0.991214)
Head_k7_HumanoidRootPart_Torso_Head.Parent = Torso_k7_HumanoidRootPart_Torso



--Left Arm
 Left_Arm_k7_HumanoidRootPart_Torso_Replace = Instance.new("Pose")
Left_Arm_k7_HumanoidRootPart_Torso_Replace.Name = "Left Arm"
Left_Arm_k7_HumanoidRootPart_Torso_Replace.CFrame = cf(0.990975, 0.555753, -0.084942, 0.935327, 0.122954, -0.331731, 0.008285, 0.929796, 0.367983, 0.353687, -0.346933, 0.868644)
Left_Arm_k7_HumanoidRootPart_Torso_Replace.Parent = Torso_k7_HumanoidRootPart_Torso



--Right Arm
 Right_Arm_k7_HumanoidRootPart_Torso_Replace = Instance.new("Pose")
Right_Arm_k7_HumanoidRootPart_Torso_Replace.Name = "Right Arm"
Right_Arm_k7_HumanoidRootPart_Torso_Replace.CFrame = cf(-0.930126, -0.774286, -0.044075, -0.172191, -0.972996, -0.153717, 0.866655, -0.223814, 0.445887, -0.468251, -0.056442, 0.881791)
Right_Arm_k7_HumanoidRootPart_Torso_Replace.Parent = Torso_k7_HumanoidRootPart_Torso



--Left Leg
 Left_Leg_k7_HumanoidRootPart_Torso_Replace = Instance.new("Pose")
Left_Leg_k7_HumanoidRootPart_Torso_Replace.Name = "Left Leg"
Left_Leg_k7_HumanoidRootPart_Torso_Replace.CFrame = cf(-0.603777, 0.259146, -0.028740, 0.731002, 0.682375, -0.000570, -0.679683, 0.728192, 0.088125, 0.060549, -0.064033, 0.996109)
Left_Leg_k7_HumanoidRootPart_Torso_Replace.Parent = Torso_k7_HumanoidRootPart_Torso



--Right Leg
 Right_Leg_k7_HumanoidRootPart_Torso_Replace = Instance.new("Pose")
Right_Leg_k7_HumanoidRootPart_Torso_Replace.Name = "Right Leg"
Right_Leg_k7_HumanoidRootPart_Torso_Replace.CFrame = cf(0.670832, 0.264288, 0.026434, 0.982174, -0.157218, -0.103038, 0.153430, 0.987190, -0.043756, 0.108598, 0.027167, 0.993715)
Right_Leg_k7_HumanoidRootPart_Torso_Replace.Parent = Torso_k7_HumanoidRootPart_Torso



-- Keyframe 8 (Time: 0.23333333432674408)
 keyframe8 = Instance.new("Keyframe")
keyframe8.Time = 0.23333333432674408
keyframe8.Parent = KeyframeSequence

--HumanoidRootPart
 HumanoidRootPart_k8_HumanoidRootPart = Instance.new("Pose")
HumanoidRootPart_k8_HumanoidRootPart.Name = "HumanoidRootPart"
HumanoidRootPart_k8_HumanoidRootPart.CFrame = cf(0.000000, 0.000000, 0.000000, 1.000000, 0.000000, 0.000000, 0.000000, 1.000000, 0.000000, 0.000000, 0.000000, 1.000000)
HumanoidRootPart_k8_HumanoidRootPart.Parent = keyframe8



--Torso
 Torso_k8_HumanoidRootPart_Torso = Instance.new("Pose")
Torso_k8_HumanoidRootPart_Torso.Name = "Torso"
Torso_k8_HumanoidRootPart_Torso.CFrame = cf(-0.305221, -0.046611, 0.651388, -0.119166, 0.798851, -0.589607, -0.989256, -0.146180, 0.001882, -0.084685, 0.583497, 0.807688)
Torso_k8_HumanoidRootPart_Torso.Parent = HumanoidRootPart_k8_HumanoidRootPart



--Head
 Head_k8_HumanoidRootPart_Torso_Head = Instance.new("Pose")
Head_k8_HumanoidRootPart_Torso_Head.Name = "Head"
Head_k8_HumanoidRootPart_Torso_Head.CFrame = cf(0.000000, 0.000000, -0.000000, 0.985821, -0.166733, -0.018877, 0.167467, 0.970557, 0.173133, -0.010546, -0.173839, 0.984718)
Head_k8_HumanoidRootPart_Torso_Head.Parent = Torso_k8_HumanoidRootPart_Torso



--Left Arm
 Left_Arm_k8_HumanoidRootPart_Torso_Replace = Instance.new("Pose")
Left_Arm_k8_HumanoidRootPart_Torso_Replace.Name = "Left Arm"
Left_Arm_k8_HumanoidRootPart_Torso_Replace.CFrame = cf(0.993455, 0.395878, -0.053230, 0.928464, 0.227694, -0.293446, -0.098852, 0.913047, 0.395694, 0.358027, -0.338380, 0.870239)
Left_Arm_k8_HumanoidRootPart_Torso_Replace.Parent = Torso_k8_HumanoidRootPart_Torso



--Right Arm
 Right_Arm_k8_HumanoidRootPart_Torso_Replace = Instance.new("Pose")
Right_Arm_k8_HumanoidRootPart_Torso_Replace.Name = "Right Arm"
Right_Arm_k8_HumanoidRootPart_Torso_Replace.CFrame = cf(-1.026201, -0.489872, -0.185187, 0.258347, -0.961063, -0.098058, 0.902885, 0.204107, 0.378337, -0.343591, -0.186277, 0.920460)
Right_Arm_k8_HumanoidRootPart_Torso_Replace.Parent = Torso_k8_HumanoidRootPart_Torso



--Left Leg
 Left_Leg_k8_HumanoidRootPart_Torso_Replace = Instance.new("Pose")
Left_Leg_k8_HumanoidRootPart_Torso_Replace.Name = "Left Leg"
Left_Leg_k8_HumanoidRootPart_Torso_Replace.CFrame = cf(-0.572999, 0.176259, -0.028969, 0.797690, 0.602767, 0.019038, -0.602060, 0.794137, 0.082883, 0.034841, -0.077577, 0.996377)
Left_Leg_k8_HumanoidRootPart_Torso_Replace.Parent = Torso_k8_HumanoidRootPart_Torso



--Right Leg
 Right_Leg_k8_HumanoidRootPart_Torso_Replace = Instance.new("Pose")
Right_Leg_k8_HumanoidRootPart_Torso_Replace.Name = "Right Leg"
Right_Leg_k8_HumanoidRootPart_Torso_Replace.CFrame = cf(0.806816, 0.478129, 0.048406, 0.985095, -0.136989, -0.104031, 0.130736, 0.989301, -0.064744, 0.111788, 0.050178, 0.992464)
Right_Leg_k8_HumanoidRootPart_Torso_Replace.Parent = Torso_k8_HumanoidRootPart_Torso



-- Keyframe 9 (Time: 0.2666666805744171)
 keyframe9 = Instance.new("Keyframe")
keyframe9.Time = 0.2666666805744171
keyframe9.Parent = KeyframeSequence

--HumanoidRootPart
 HumanoidRootPart_k9_HumanoidRootPart = Instance.new("Pose")
HumanoidRootPart_k9_HumanoidRootPart.Name = "HumanoidRootPart"
HumanoidRootPart_k9_HumanoidRootPart.CFrame = cf(0.000000, 0.000000, 0.000000, 1.000000, 0.000000, 0.000000, 0.000000, 1.000000, 0.000000, 0.000000, 0.000000, 1.000000)
HumanoidRootPart_k9_HumanoidRootPart.Parent = keyframe9



--Torso
 Torso_k9_HumanoidRootPart_Torso = Instance.new("Pose")
Torso_k9_HumanoidRootPart_Torso.Name = "Torso"
Torso_k9_HumanoidRootPart_Torso.CFrame = cf(-0.293917, -0.057206, 0.600672, -0.139060, 0.802390, -0.580373, -0.981268, -0.190553, -0.028330, -0.133324, 0.565562, 0.813858)
Torso_k9_HumanoidRootPart_Torso.Parent = HumanoidRootPart_k9_HumanoidRootPart



--Head
 Head_k9_HumanoidRootPart_Torso_Head = Instance.new("Pose")
Head_k9_HumanoidRootPart_Torso_Head.Name = "Head"
Head_k9_HumanoidRootPart_Torso_Head.CFrame = cf(0.000000, 0.000000, -0.000000, 0.977198, -0.207151, -0.046607, 0.211983, 0.964352, 0.158393, 0.012134, -0.164661, 0.986276)
Head_k9_HumanoidRootPart_Torso_Head.Parent = Torso_k9_HumanoidRootPart_Torso



--Left Arm
 Left_Arm_k9_HumanoidRootPart_Torso_Replace = Instance.new("Pose")
Left_Arm_k9_HumanoidRootPart_Torso_Replace.Name = "Left Arm"
Left_Arm_k9_HumanoidRootPart_Torso_Replace.CFrame = cf(0.914146, 0.186024, -0.018807, 0.929576, 0.276540, -0.243751, -0.163705, 0.902139, 0.399183, 0.330287, -0.331168, 0.883877)
Left_Arm_k9_HumanoidRootPart_Torso_Replace.Parent = Torso_k9_HumanoidRootPart_Torso



--Right Arm
 Right_Arm_k9_HumanoidRootPart_Torso_Replace = Instance.new("Pose")
Right_Arm_k9_HumanoidRootPart_Torso_Replace.Name = "Right Arm"
Right_Arm_k9_HumanoidRootPart_Torso_Replace.CFrame = cf(-0.964201, -0.328696, -0.237178, 0.536886, -0.838842, -0.089990, 0.808522, 0.481131, 0.338829, -0.240927, -0.254671, 0.936534)
Right_Arm_k9_HumanoidRootPart_Torso_Replace.Parent = Torso_k9_HumanoidRootPart_Torso



--Left Leg
 Left_Leg_k9_HumanoidRootPart_Torso_Replace = Instance.new("Pose")
Left_Leg_k9_HumanoidRootPart_Torso_Replace.Name = "Left Leg"
Left_Leg_k9_HumanoidRootPart_Torso_Replace.CFrame = cf(-0.411110, 0.054943, -0.036292, 0.858039, 0.511967, 0.040725, -0.513481, 0.853578, 0.087990, 0.010286, -0.096410, 0.995289)
Left_Leg_k9_HumanoidRootPart_Torso_Replace.Parent = Torso_k9_HumanoidRootPart_Torso



--Right Leg
 Right_Leg_k9_HumanoidRootPart_Torso_Replace = Instance.new("Pose")
Right_Leg_k9_HumanoidRootPart_Torso_Replace.Name = "Right Leg"
Right_Leg_k9_HumanoidRootPart_Torso_Replace.CFrame = cf(0.894299, 0.732401, 0.051897, 0.992964, -0.093330, -0.072880, 0.086571, 0.992085, -0.090956, 0.080792, 0.084006, 0.993185)
Right_Leg_k9_HumanoidRootPart_Torso_Replace.Parent = Torso_k9_HumanoidRootPart_Torso



-- Keyframe 10 (Time: 0.30000001192092896)
 keyframe10 = Instance.new("Keyframe")
keyframe10.Time = 0.30000001192092896
keyframe10.Parent = KeyframeSequence

--HumanoidRootPart
 HumanoidRootPart_k10_HumanoidRootPart = Instance.new("Pose")
HumanoidRootPart_k10_HumanoidRootPart.Name = "HumanoidRootPart"
HumanoidRootPart_k10_HumanoidRootPart.CFrame = cf(0.000000, 0.000000, 0.000000, 1.000000, 0.000000, 0.000000, 0.000000, 1.000000, 0.000000, 0.000000, 0.000000, 1.000000)
HumanoidRootPart_k10_HumanoidRootPart.Parent = keyframe10



--Torso
 Torso_k10_HumanoidRootPart_Torso = Instance.new("Pose")
Torso_k10_HumanoidRootPart_Torso.Name = "Torso"
Torso_k10_HumanoidRootPart_Torso.CFrame = cf(-0.296771, -0.061193, 0.467234, -0.157206, 0.826341, -0.540783, -0.972695, -0.224232, -0.059873, -0.170736, 0.516604, 0.839029)
Torso_k10_HumanoidRootPart_Torso.Parent = HumanoidRootPart_k10_HumanoidRootPart



--Head
 Head_k10_HumanoidRootPart_Torso_Head = Instance.new("Pose")
Head_k10_HumanoidRootPart_Torso_Head.Name = "Head"
Head_k10_HumanoidRootPart_Torso_Head.CFrame = cf(0.000000, 0.000000, -0.000000, 0.968298, -0.242599, -0.059540, 0.247572, 0.963763, 0.099347, 0.033281, -0.110937, 0.993270)
Head_k10_HumanoidRootPart_Torso_Head.Parent = Torso_k10_HumanoidRootPart_Torso



--Left Arm
 Left_Arm_k10_HumanoidRootPart_Torso_Replace = Instance.new("Pose")
Left_Arm_k10_HumanoidRootPart_Torso_Replace.Name = "Left Arm"
Left_Arm_k10_HumanoidRootPart_Torso_Replace.CFrame = cf(0.753496, -0.019187, -0.005905, 0.942418, 0.275494, -0.189607, -0.183465, 0.899897, 0.395635, 0.279622, -0.338068, 0.898622)
Left_Arm_k10_HumanoidRootPart_Torso_Replace.Parent = Torso_k10_HumanoidRootPart_Torso



--Right Arm
 Right_Arm_k10_HumanoidRootPart_Torso_Replace = Instance.new("Pose")
Right_Arm_k10_HumanoidRootPart_Torso_Replace.Name = "Right Arm"
Right_Arm_k10_HumanoidRootPart_Torso_Replace.CFrame = cf(-0.853973, -0.233676, -0.247992, 0.733965, -0.672851, -0.092566, 0.661830, 0.677918, 0.320013, -0.152569, -0.296141, 0.942880)
Right_Arm_k10_HumanoidRootPart_Torso_Replace.Parent = Torso_k10_HumanoidRootPart_Torso



--Left Leg
 Left_Leg_k10_HumanoidRootPart_Torso_Replace = Instance.new("Pose")
Left_Leg_k10_HumanoidRootPart_Torso_Replace.Name = "Left Leg"
Left_Leg_k10_HumanoidRootPart_Torso_Replace.CFrame = cf(-0.249394, -0.049604, -0.043921, 0.918712, 0.391345, 0.053084, -0.394732, 0.914165, 0.092139, -0.012470, -0.105603, 0.994330)
Left_Leg_k10_HumanoidRootPart_Torso_Replace.Parent = Torso_k10_HumanoidRootPart_Torso



--Right Leg
 Right_Leg_k10_HumanoidRootPart_Torso_Replace = Instance.new("Pose")
Right_Leg_k10_HumanoidRootPart_Torso_Replace.Name = "Right Leg"
Right_Leg_k10_HumanoidRootPart_Torso_Replace.CFrame = cf(0.912517, 1.022120, 0.037022, 0.995953, -0.089774, -0.004211, 0.088617, 0.988765, -0.120374, 0.014970, 0.119514, 0.992720)
Right_Leg_k10_HumanoidRootPart_Torso_Replace.Parent = Torso_k10_HumanoidRootPart_Torso



-- Keyframe 11 (Time: 0.3333333432674408)
 keyframe11 = Instance.new("Keyframe")
keyframe11.Time = 0.3333333432674408
keyframe11.Parent = KeyframeSequence

--HumanoidRootPart
 HumanoidRootPart_k11_HumanoidRootPart = Instance.new("Pose")
HumanoidRootPart_k11_HumanoidRootPart.Name = "HumanoidRootPart"
HumanoidRootPart_k11_HumanoidRootPart.CFrame = cf(0.000000, 0.000000, 0.000000, 1.000000, 0.000000, 0.000000, 0.000000, 1.000000, 0.000000, 0.000000, 0.000000, 1.000000)
HumanoidRootPart_k11_HumanoidRootPart.Parent = keyframe11



--Torso
 Torso_k11_HumanoidRootPart_Torso = Instance.new("Pose")
Torso_k11_HumanoidRootPart_Torso.Name = "Torso"
Torso_k11_HumanoidRootPart_Torso.CFrame = cf(-0.298823, -0.044663, 0.248792, -0.163616, 0.860060, -0.483245, -0.965918, -0.239257, -0.098782, -0.200578, 0.450613, 0.869894)
Torso_k11_HumanoidRootPart_Torso.Parent = HumanoidRootPart_k11_HumanoidRootPart



--Head
 Head_k11_HumanoidRootPart_Torso_Head = Instance.new("Pose")
Head_k11_HumanoidRootPart_Torso_Head.Name = "Head"
Head_k11_HumanoidRootPart_Torso_Head.CFrame = cf(0.000000, 0.000000, -0.000000, 0.962731, -0.261627, -0.068554, 0.263427, 0.964502, 0.018523, 0.061274, -0.035892, 0.997475)
Head_k11_HumanoidRootPart_Torso_Head.Parent = Torso_k11_HumanoidRootPart_Torso



--Left Arm
 Left_Arm_k11_HumanoidRootPart_Torso_Replace = Instance.new("Pose")
Left_Arm_k11_HumanoidRootPart_Torso_Replace.Name = "Left Arm"
Left_Arm_k11_HumanoidRootPart_Torso_Replace.CFrame = cf(0.574306, -0.167474, -0.008600, 0.951988, 0.272482, -0.139546, -0.198240, 0.896044, 0.397248, 0.233283, -0.350511, 0.907040)
Left_Arm_k11_HumanoidRootPart_Torso_Replace.Parent = Torso_k11_HumanoidRootPart_Torso



--Right Arm
 Right_Arm_k11_HumanoidRootPart_Torso_Replace = Instance.new("Pose")
Right_Arm_k11_HumanoidRootPart_Torso_Replace.Name = "Right Arm"
Right_Arm_k11_HumanoidRootPart_Torso_Replace.CFrame = cf(-0.709888, -0.159928, -0.230611, 0.891530, -0.442879, -0.095044, 0.449031, 0.836529, 0.313992, -0.059554, -0.322610, 0.944656)
Right_Arm_k11_HumanoidRootPart_Torso_Replace.Parent = Torso_k11_HumanoidRootPart_Torso



--Left Leg
 Left_Leg_k11_HumanoidRootPart_Torso_Replace = Instance.new("Pose")
Left_Leg_k11_HumanoidRootPart_Torso_Replace.Name = "Left Leg"
Left_Leg_k11_HumanoidRootPart_Torso_Replace.CFrame = cf(-0.313898, -0.059826, -0.031229, 0.977517, 0.205278, 0.048182, -0.209207, 0.972739, 0.100053, -0.026330, -0.107884, 0.993815)
Left_Leg_k11_HumanoidRootPart_Torso_Replace.Parent = Torso_k11_HumanoidRootPart_Torso



--Right Leg
 Right_Leg_k11_HumanoidRootPart_Torso_Replace = Instance.new("Pose")
Right_Leg_k11_HumanoidRootPart_Torso_Replace.Name = "Right Leg"
Right_Leg_k11_HumanoidRootPart_Torso_Replace.CFrame = cf(0.911180, 1.128973, 0.006251, 0.974862, -0.201081, 0.095973, 0.214926, 0.962227, -0.167113, -0.058744, 0.183539, 0.981256)
Right_Leg_k11_HumanoidRootPart_Torso_Replace.Parent = Torso_k11_HumanoidRootPart_Torso



-- Keyframe 12 (Time: 0.36666667461395264)
 keyframe12 = Instance.new("Keyframe")
keyframe12.Time = 0.36666667461395264
keyframe12.Parent = KeyframeSequence

--HumanoidRootPart
 HumanoidRootPart_k12_HumanoidRootPart = Instance.new("Pose")
HumanoidRootPart_k12_HumanoidRootPart.Name = "HumanoidRootPart"
HumanoidRootPart_k12_HumanoidRootPart.CFrame = cf(0.000000, 0.000000, 0.000000, 1.000000, 0.000000, 0.000000, 0.000000, 1.000000, 0.000000, 0.000000, 0.000000, 1.000000)
HumanoidRootPart_k12_HumanoidRootPart.Parent = keyframe12



--Torso
 Torso_k12_HumanoidRootPart_Torso = Instance.new("Pose")
Torso_k12_HumanoidRootPart_Torso.Name = "Torso"
Torso_k12_HumanoidRootPart_Torso.CFrame = cf(-0.287121, -0.030716, -0.038324, -0.152574, 0.896097, -0.416810, -0.961748, -0.231715, -0.146111, -0.227511, 0.378574, 0.897174)
Torso_k12_HumanoidRootPart_Torso.Parent = HumanoidRootPart_k12_HumanoidRootPart



--Head
 Head_k12_HumanoidRootPart_Torso_Head = Instance.new("Pose")
Head_k12_HumanoidRootPart_Torso_Head.Name = "Head"
Head_k12_HumanoidRootPart_Torso_Head.CFrame = cf(0.000000, -0.000000, -0.000000, 0.963726, -0.254173, -0.081416, 0.248622, 0.965887, -0.072458, 0.097056, 0.049588, 0.994043)
Head_k12_HumanoidRootPart_Torso_Head.Parent = Torso_k12_HumanoidRootPart_Torso



--Left Arm
 Left_Arm_k12_HumanoidRootPart_Torso_Replace = Instance.new("Pose")
Left_Arm_k12_HumanoidRootPart_Torso_Replace.Name = "Left Arm"
Left_Arm_k12_HumanoidRootPart_Torso_Replace.CFrame = cf(0.475315, -0.250256, -0.010347, 0.936761, 0.335584, -0.099308, -0.269332, 0.872479, 0.407726, 0.223471, -0.355195, 0.907688)
Left_Arm_k12_HumanoidRootPart_Torso_Replace.Parent = Torso_k12_HumanoidRootPart_Torso



--Right Arm
 Right_Arm_k12_HumanoidRootPart_Torso_Replace = Instance.new("Pose")
Right_Arm_k12_HumanoidRootPart_Torso_Replace.Name = "Right Arm"
Right_Arm_k12_HumanoidRootPart_Torso_Replace.CFrame = cf(-0.437561, -0.159548, -0.163605, 0.992695, -0.074180, -0.095149, 0.100595, 0.944306, 0.313317, 0.066608, -0.320600, 0.944870)
Right_Arm_k12_HumanoidRootPart_Torso_Replace.Parent = Torso_k12_HumanoidRootPart_Torso



--Left Leg
 Left_Leg_k12_HumanoidRootPart_Torso_Replace = Instance.new("Pose")
Left_Leg_k12_HumanoidRootPart_Torso_Replace.Name = "Left Leg"
Left_Leg_k12_HumanoidRootPart_Torso_Replace.CFrame = cf(-0.627979, 0.212636, -0.033814, 0.991511, -0.124099, 0.038789, 0.118131, 0.984457, 0.129964, -0.054315, -0.124278, 0.990760)
Left_Leg_k12_HumanoidRootPart_Torso_Replace.Parent = Torso_k12_HumanoidRootPart_Torso



--Right Leg
 Right_Leg_k12_HumanoidRootPart_Torso_Replace = Instance.new("Pose")
Right_Leg_k12_HumanoidRootPart_Torso_Replace.Name = "Right Leg"
Right_Leg_k12_HumanoidRootPart_Torso_Replace.CFrame = cf(0.898231, 1.114451, 0.020509, 0.927260, -0.338845, 0.159288, 0.368026, 0.903110, -0.221244, -0.068888, 0.263773, 0.962122)
Right_Leg_k12_HumanoidRootPart_Torso_Replace.Parent = Torso_k12_HumanoidRootPart_Torso



-- Keyframe 13 (Time: 0.4000000059604645)
 keyframe13 = Instance.new("Keyframe")
keyframe13.Time = 0.4000000059604645
keyframe13.Parent = KeyframeSequence

--HumanoidRootPart
 HumanoidRootPart_k13_HumanoidRootPart = Instance.new("Pose")
HumanoidRootPart_k13_HumanoidRootPart.Name = "HumanoidRootPart"
HumanoidRootPart_k13_HumanoidRootPart.CFrame = cf(0.000000, 0.000000, 0.000000, 1.000000, 0.000000, 0.000000, 0.000000, 1.000000, 0.000000, 0.000000, 0.000000, 1.000000)
HumanoidRootPart_k13_HumanoidRootPart.Parent = keyframe13



--Torso
 Torso_k13_HumanoidRootPart_Torso = Instance.new("Pose")
Torso_k13_HumanoidRootPart_Torso.Name = "Torso"
Torso_k13_HumanoidRootPart_Torso.CFrame = cf(-0.247839, -0.007687, -0.236856, -0.135858, 0.923822, -0.357904, -0.957988, -0.214599, -0.190279, -0.252590, 0.317017, 0.914166)
Torso_k13_HumanoidRootPart_Torso.Parent = HumanoidRootPart_k13_HumanoidRootPart



--Head
 Head_k13_HumanoidRootPart_Torso_Head = Instance.new("Pose")
Head_k13_HumanoidRootPart_Torso_Head.Name = "Head"
Head_k13_HumanoidRootPart_Torso_Head.CFrame = cf(0.000000, -0.000000, 0.000000, 0.965729, -0.241646, -0.094733, 0.225739, 0.962110, -0.152924, 0.128097, 0.126299, 0.983687)
Head_k13_HumanoidRootPart_Torso_Head.Parent = Torso_k13_HumanoidRootPart_Torso



--Left Arm
 Left_Arm_k13_HumanoidRootPart_Torso_Replace = Instance.new("Pose")
Left_Arm_k13_HumanoidRootPart_Torso_Replace.Name = "Left Arm"
Left_Arm_k13_HumanoidRootPart_Torso_Replace.CFrame = cf(0.555457, -0.314348, 0.015026, 0.827100, 0.557784, -0.069158, -0.475886, 0.760446, 0.441876, 0.299062, -0.332564, 0.894406)
Left_Arm_k13_HumanoidRootPart_Torso_Replace.Parent = Torso_k13_HumanoidRootPart_Torso



--Right Arm
 Right_Arm_k13_HumanoidRootPart_Torso_Replace = Instance.new("Pose")
Right_Arm_k13_HumanoidRootPart_Torso_Replace.Name = "Right Arm"
Right_Arm_k13_HumanoidRootPart_Torso_Replace.CFrame = cf(-0.410556, -0.328201, -0.049756, 0.968114, 0.234312, -0.088615, -0.194219, 0.925467, 0.325252, 0.158221, -0.297670, 0.941466)
Right_Arm_k13_HumanoidRootPart_Torso_Replace.Parent = Torso_k13_HumanoidRootPart_Torso



--Left Leg
 Left_Leg_k13_HumanoidRootPart_Torso_Replace = Instance.new("Pose")
Left_Leg_k13_HumanoidRootPart_Torso_Replace.Name = "Left Leg"
Left_Leg_k13_HumanoidRootPart_Torso_Replace.CFrame = cf(-0.711834, 0.362431, -0.036335, 0.960317, -0.276700, 0.035054, 0.267102, 0.948547, 0.170044, -0.080301, -0.153934, 0.984813)
Left_Leg_k13_HumanoidRootPart_Torso_Replace.Parent = Torso_k13_HumanoidRootPart_Torso



--Right Leg
 Right_Leg_k13_HumanoidRootPart_Torso_Replace = Instance.new("Pose")
Right_Leg_k13_HumanoidRootPart_Torso_Replace.Name = "Right Leg"
Right_Leg_k13_HumanoidRootPart_Torso_Replace.CFrame = cf(0.934702, 0.872534, -0.006993, 0.841786, -0.502240, 0.197868, 0.539365, 0.797455, -0.270464, -0.021954, 0.334396, 0.942177)
Right_Leg_k13_HumanoidRootPart_Torso_Replace.Parent = Torso_k13_HumanoidRootPart_Torso



-- Keyframe 14 (Time: 0.4333333373069763)
 keyframe14 = Instance.new("Keyframe")
keyframe14.Time = 0.4333333373069763
keyframe14.Parent = KeyframeSequence

--HumanoidRootPart
 HumanoidRootPart_k14_HumanoidRootPart = Instance.new("Pose")
HumanoidRootPart_k14_HumanoidRootPart.Name = "HumanoidRootPart"
HumanoidRootPart_k14_HumanoidRootPart.CFrame = cf(0.000000, 0.000000, 0.000000, 1.000000, 0.000000, 0.000000, 0.000000, 1.000000, 0.000000, 0.000000, 0.000000, 1.000000)
HumanoidRootPart_k14_HumanoidRootPart.Parent = keyframe14



--Torso
 Torso_k14_HumanoidRootPart_Torso = Instance.new("Pose")
Torso_k14_HumanoidRootPart_Torso.Name = "Torso"
Torso_k14_HumanoidRootPart_Torso.CFrame = cf(-0.247464, -0.003321, -0.291872, -0.111841, 0.939079, -0.324996, -0.961060, -0.185382, -0.204934, -0.252697, 0.289421, 0.923244)
Torso_k14_HumanoidRootPart_Torso.Parent = HumanoidRootPart_k14_HumanoidRootPart



--Head
 Head_k14_HumanoidRootPart_Torso_Head = Instance.new("Pose")
Head_k14_HumanoidRootPart_Torso_Head.Name = "Head"
Head_k14_HumanoidRootPart_Torso_Head.CFrame = cf(0.000000, -0.000000, -0.000000, 0.966262, -0.238368, -0.097567, 0.214264, 0.954135, -0.209087, 0.142931, 0.181128, 0.973018)
Head_k14_HumanoidRootPart_Torso_Head.Parent = Torso_k14_HumanoidRootPart_Torso



--Left Arm
 Left_Arm_k14_HumanoidRootPart_Torso_Replace = Instance.new("Pose")
Left_Arm_k14_HumanoidRootPart_Torso_Replace.Name = "Left Arm"
Left_Arm_k14_HumanoidRootPart_Torso_Replace.CFrame = cf(0.560293, -0.316531, 0.028506, 0.628900, 0.777423, -0.009954, -0.673992, 0.551522, 0.491486, 0.387582, -0.302386, 0.870829)
Left_Arm_k14_HumanoidRootPart_Torso_Replace.Parent = Torso_k14_HumanoidRootPart_Torso



--Right Arm
 Right_Arm_k14_HumanoidRootPart_Torso_Replace = Instance.new("Pose")
Right_Arm_k14_HumanoidRootPart_Torso_Replace.Name = "Right Arm"
Right_Arm_k14_HumanoidRootPart_Torso_Replace.CFrame = cf(-0.538983, -0.405557, -0.105908, 0.961564, 0.273740, 0.021463, -0.254445, 0.858944, 0.444381, 0.103209, -0.432761, 0.895581)
