-- KeyframeSequence Export: Soda Pop
-- Generated on 2025-08-29 20:18:00

local KeyframeSequence = Instance.new("KeyframeSequence")
KeyframeSequence.Name = "SodaPop"
local CFrame=CFrame.new 

-- Keyframe 1 (Time: 0)
local keyframe1 = Instance.new("Keyframe")
keyframe1.Time = 0
keyframe1.Parent = KeyframeSequence

--HumanoidRootPart
local HumanoidRootPart_k1_HumanoidRootPart = Instance.new("Pose")
HumanoidRootPart_k1_HumanoidRootPart.Name = "HumanoidRootPart"
HumanoidRootPart_k1_HumanoidRootPart.CFrame = CFrame(0.000000, 0.000000, 0.000000, 1.000000, 0.000000, 0.000000, 0.000000, 1.000000, 0.000000, 0.000000, 0.000000, 1.000000)
HumanoidRootPart_k1_HumanoidRootPart.Parent = keyframe1



--Torso
local Torso_k1_HumanoidRootPart_Torso = Instance.new("Pose")
Torso_k1_HumanoidRootPart_Torso.Name = "Torso"
Torso_k1_HumanoidRootPart_Torso.CFrame = CFrame(0.041705, 0.012388, -0.132741, 0.412530, 0.909026, 0.059083, -0.910500, 0.409434, 0.057917, 0.028458, -0.077688, 0.996572)
Torso_k1_HumanoidRootPart_Torso.Parent = HumanoidRootPart_k1_HumanoidRootPart



--Left Leg
local Left_Leg_k1_HumanoidRootPart_Torso_Left_Leg = Instance.new("Pose")
Left_Leg_k1_HumanoidRootPart_Torso_Left_Leg.Name = "Left Leg"
Left_Leg_k1_HumanoidRootPart_Torso_Left_Leg.CFrame = CFrame(-0.512159, -0.148409, -0.108446, 0.873426, -0.397712, -0.280985, 0.328493, 0.907172, -0.262930, 0.359472, 0.137349, 0.922993)
Left_Leg_k1_HumanoidRootPart_Torso_Left_Leg.Parent = Torso_k1_HumanoidRootPart_Torso



--Right Arm
local Right_Arm_k1_HumanoidRootPart_Torso_Right_Arm = Instance.new("Pose")
Right_Arm_k1_HumanoidRootPart_Torso_Right_Arm.Name = "Right Arm"
Right_Arm_k1_HumanoidRootPart_Torso_Right_Arm.CFrame = CFrame(1.016323, -0.852210, -0.779351, -0.962816, -0.228088, -0.144782, 0.190157, -0.952837, 0.236523, -0.191902, 0.200196, 0.960778)
Right_Arm_k1_HumanoidRootPart_Torso_Right_Arm.Parent = Torso_k1_HumanoidRootPart_Torso



--Left Arm
local Left_Arm_k1_HumanoidRootPart_Torso_Left_Arn = Instance.new("Pose")
Left_Arm_k1_HumanoidRootPart_Torso_Left_Arn.Name = "Left Arm"
Left_Arm_k1_HumanoidRootPart_Torso_Left_Arn.CFrame = CFrame(0.797868, 0.444532, -0.565362, 0.970405, 0.002317, 0.241470, 0.226757, 0.335092, -0.914491, -0.083034, 0.942183, 0.324650)
Left_Arm_k1_HumanoidRootPart_Torso_Left_Arn.Parent = Torso_k1_HumanoidRootPart_Torso



--Right Leg
 Right_Leg_k1_HumanoidRootPart_Torso_Right_Leg = Instance.new("Pose")
Right_Leg_k1_HumanoidRootPart_Torso_Right_Leg.Name = "Right Leg"
Right_Leg_k1_HumanoidRootPart_Torso_Right_Leg.CFrame = CFrame(0.249980, 0.056056, 0.254461, 0.869963, 0.343792, -0.353514, -0.356241, 0.933863, 0.031509, 0.340966, 0.098524, 0.934899)
Right_Leg_k1_HumanoidRootPart_Torso_Right_Leg.Parent = Torso_k1_HumanoidRootPart_Torso



--Head
local Head_k1_HumanoidRootPart_Torso_Head = Instance.new("Pose")
Head_k1_HumanoidRootPart_Torso_Head.Name = "Head"
Head_k1_HumanoidRootPart_Torso_Head.CFrame = CFrame(0.000000, 0.000000, 0.000001, 0.683163, -0.730179, -0.011319, 0.707883, 0.665951, -0.235395, 0.179419, 0.152801, 0.971834)
Head_k1_HumanoidRootPart_Torso_Head.Parent = Torso_k1_HumanoidRootPart_Torso



-- Keyframe 2 (Time: 0.017083333805203438)
 keyframe2 = Instance.new("Keyframe")
keyframe2.Time = 0.017083333805203438
keyframe2.Parent = KeyframeSequence

--HumanoidRootPart
 HumanoidRootPart_k2_HumanoidRootPart = Instance.new("Pose")
HumanoidRootPart_k2_HumanoidRootPart.Name = "HumanoidRootPart"
HumanoidRootPart_k2_HumanoidRootPart.CFrame = CFrame(0.000000, 0.000000, 0.000000, 1.000000, 0.000000, 0.000000, 0.000000, 1.000000, 0.000000, 0.000000, 0.000000, 1.000000)
HumanoidRootPart_k2_HumanoidRootPart.Parent = keyframe2



--Torso
 Torso_k2_HumanoidRootPart_Torso = Instance.new("Pose")
Torso_k2_HumanoidRootPart_Torso.Name = "Torso"
Torso_k2_HumanoidRootPart_Torso.CFrame = CFrame(0.074710, 0.015027, -0.139177, 0.383499, 0.921270, 0.064728, -0.923024, 0.379997, 0.060238, 0.030899, -0.082846, 0.996083)
Torso_k2_HumanoidRootPart_Torso.Parent = HumanoidRootPart_k2_HumanoidRootPart



--Left Leg
 Left_Leg_k2_HumanoidRootPart_Torso_Left_Leg = Instance.new("Pose")
Left_Leg_k2_HumanoidRootPart_Torso_Left_Leg.Name = "Left Leg"
Left_Leg_k2_HumanoidRootPart_Torso_Left_Leg.CFrame = CFrame(-0.509430, -0.150785, -0.096755, 0.881707, -0.398436, -0.252669, 0.331319, 0.904171, -0.269634, 0.335888, 0.154024, 0.929223)
Left_Leg_k2_HumanoidRootPart_Torso_Left_Leg.Parent = Torso_k2_HumanoidRootPart_Torso



--Right Arm
 Right_Arm_k2_HumanoidRootPart_Torso_Right_Arm = Instance.new("Pose")
Right_Arm_k2_HumanoidRootPart_Torso_Right_Arm.Name = "Right Arm"
Right_Arm_k2_HumanoidRootPart_Torso_Right_Arm.CFrame = CFrame(1.016052, -0.852167, -0.779458, -0.963474, -0.227409, -0.141433, 0.190281, -0.952943, 0.235994, -0.188445, 0.200462, 0.961407)
Right_Arm_k2_HumanoidRootPart_Torso_Right_Arm.Parent = Torso_k2_HumanoidRootPart_Torso



--Left Arm
 Left_Arm_k2_HumanoidRootPart_Torso_Left_Arn = Instance.new("Pose")
Left_Arm_k2_HumanoidRootPart_Torso_Left_Arn.Name = "Left Arm"
Left_Arm_k2_HumanoidRootPart_Torso_Left_Arn.CFrame = CFrame(0.797868, 0.444532, -0.565362, 0.970405, 0.002317, 0.241471, 0.226757, 0.335092, -0.914492, -0.083034, 0.942183, 0.324650)
Left_Arm_k2_HumanoidRootPart_Torso_Left_Arn.Parent = Torso_k2_HumanoidRootPart_Torso



--Right Leg
 Right_Leg_k2_HumanoidRootPart_Torso_Right_Leg = Instance.new("Pose")
Right_Leg_k2_HumanoidRootPart_Torso_Right_Leg.Name = "Right Leg"
Right_Leg_k2_HumanoidRootPart_Torso_Right_Leg.CFrame = CFrame(0.281583, 0.070812, 0.247150, 0.886603, 0.331914, -0.322132, -0.340552, 0.939716, 0.030951, 0.312986, 0.082261, 0.946189)
Right_Leg_k2_HumanoidRootPart_Torso_Right_Leg.Parent = Torso_k2_HumanoidRootPart_Torso



--Head
 Head_k2_HumanoidRootPart_Torso_Head = Instance.new("Pose")
Head_k2_HumanoidRootPart_Torso_Head.Name = "Head"
Head_k2_HumanoidRootPart_Torso_Head.CFrame = CFrame(0.000000, 0.000000, 0.000000, 0.660426, -0.750885, -0.002986, 0.727167, 0.640547, -0.246836, 0.187258, 0.160846, 0.969053)
Head_k2_HumanoidRootPart_Torso_Head.Parent = Torso_k2_HumanoidRootPart_Torso



-- Keyframe 3 (Time: 0.03375000134110451)
 keyframe3 = Instance.new("Keyframe")
keyframe3.Time = 0.03375000134110451
keyframe3.Parent = KeyframeSequence

--HumanoidRootPart
 HumanoidRootPart_k3_HumanoidRootPart = Instance.new("Pose")
HumanoidRootPart_k3_HumanoidRootPart.Name = "HumanoidRootPart"
HumanoidRootPart_k3_HumanoidRootPart.CFrame = CFrame(0.000000, 0.000000, 0.000000, 1.000000, 0.000000, 0.000000, 0.000000, 1.000000, 0.000000, 0.000000, 0.000000, 1.000000)
HumanoidRootPart_k3_HumanoidRootPart.Parent = keyframe3



--Torso
 Torso_k3_HumanoidRootPart_Torso = Instance.new("Pose")
Torso_k3_HumanoidRootPart_Torso.Name = "Torso"
Torso_k3_HumanoidRootPart_Torso.CFrame = CFrame(0.097051, 0.016482, -0.144605, 0.364826, 0.928358, 0.071091, -0.930504, 0.360862, 0.062781, 0.032629, -0.089055, 0.995492)
Torso_k3_HumanoidRootPart_Torso.Parent = HumanoidRootPart_k3_HumanoidRootPart



--Left Leg
 Left_Leg_k3_HumanoidRootPart_Torso_Left_Leg = Instance.new("Pose")
Left_Leg_k3_HumanoidRootPart_Torso_Left_Leg.Name = "Left Leg"
Left_Leg_k3_HumanoidRootPart_Torso_Left_Leg.CFrame = CFrame(-0.508331, -0.154300, -0.089866, 0.884826, -0.402862, -0.234062, 0.337109, 0.900330, -0.275251, 0.321621, 0.164645, 0.932444)
Left_Leg_k3_HumanoidRootPart_Torso_Left_Leg.Parent = Torso_k3_HumanoidRootPart_Torso



--Right Arm
 Right_Arm_k3_HumanoidRootPart_Torso_Right_Arm = Instance.new("Pose")
Right_Arm_k3_HumanoidRootPart_Torso_Right_Arm.Name = "Right Arm"
Right_Arm_k3_HumanoidRootPart_Torso_Right_Arm.CFrame = CFrame(1.015583, -0.852090, -0.779617, -0.964129, -0.226238, -0.138822, 0.189728, -0.953138, 0.235653, -0.185630, 0.200861, 0.961871)
Right_Arm_k3_HumanoidRootPart_Torso_Right_Arm.Parent = Torso_k3_HumanoidRootPart_Torso



--Left Arm
 Left_Arm_k3_HumanoidRootPart_Torso_Left_Arn = Instance.new("Pose")
Left_Arm_k3_HumanoidRootPart_Torso_Left_Arn.Name = "Left Arm"
Left_Arm_k3_HumanoidRootPart_Torso_Left_Arn.CFrame = CFrame(0.797868, 0.444531, -0.565362, 0.970405, 0.002317, 0.241471, 0.226757, 0.335092, -0.914491, -0.083034, 0.942183, 0.324650)
Left_Arm_k3_HumanoidRootPart_Torso_Left_Arn.Parent = Torso_k3_HumanoidRootPart_Torso



--Right Leg
 Right_Leg_k3_HumanoidRootPart_Torso_Right_Leg = Instance.new("Pose")
Right_Leg_k3_HumanoidRootPart_Torso_Right_Leg.Name = "Right Leg"
Right_Leg_k3_HumanoidRootPart_Torso_Right_Leg.CFrame = CFrame(0.302185, 0.079859, 0.242131, 0.894901, 0.328168, -0.302421, -0.334412, 0.941867, 0.032490, 0.295502, 0.072057, 0.952621)
Right_Leg_k3_HumanoidRootPart_Torso_Right_Leg.Parent = Torso_k3_HumanoidRootPart_Torso



--Head
 Head_k3_HumanoidRootPart_Torso_Head = Instance.new("Pose")
Head_k3_HumanoidRootPart_Torso_Head.Name = "Head"
Head_k3_HumanoidRootPart_Torso_Head.CFrame = CFrame(0.000000, -0.000000, 0.000000, 0.645623, -0.763643, 0.004400, 0.738414, 0.622803, -0.258576, 0.194719, 0.170191, 0.965981)
Head_k3_HumanoidRootPart_Torso_Head.Parent = Torso_k3_HumanoidRootPart_Torso



-- Keyframe 4 (Time: 0.050833333283662796)
 keyframe4 = Instance.new("Keyframe")
keyframe4.Time = 0.050833333283662796
keyframe4.Parent = KeyframeSequence

--HumanoidRootPart
 HumanoidRootPart_k4_HumanoidRootPart = Instance.new("Pose")
HumanoidRootPart_k4_HumanoidRootPart.Name = "HumanoidRootPart"
HumanoidRootPart_k4_HumanoidRootPart.CFrame = CFrame(0.000000, 0.000000, 0.000000, 1.000000, 0.000000, 0.000000, 0.000000, 1.000000, 0.000000, 0.000000, 0.000000, 1.000000)
HumanoidRootPart_k4_HumanoidRootPart.Parent = keyframe4



--Torso
 Torso_k4_HumanoidRootPart_Torso = Instance.new("Pose")
Torso_k4_HumanoidRootPart_Torso.Name = "Torso"
Torso_k4_HumanoidRootPart_Torso.CFrame = CFrame(0.110138, 0.016917, -0.149103, 0.354997, 0.931624, 0.077806, -0.934259, 0.350534, 0.065465, 0.033715, -0.095931, 0.994817)
Torso_k4_HumanoidRootPart_Torso.Parent = HumanoidRootPart_k4_HumanoidRootPart



--Left Leg
 Left_Leg_k4_HumanoidRootPart_Torso_Left_Leg = Instance.new("Pose")
Left_Leg_k4_HumanoidRootPart_Torso_Left_Leg.Name = "Left Leg"
Left_Leg_k4_HumanoidRootPart_Torso_Left_Leg.CFrame = CFrame(-0.508738, -0.158826, -0.087146, 0.883974, -0.410499, -0.223787, 0.345076, 0.895800, -0.280117, 0.315456, 0.170393, 0.933517)
Left_Leg_k4_HumanoidRootPart_Torso_Left_Leg.Parent = Torso_k4_HumanoidRootPart_Torso



--Right Arm
 Right_Arm_k4_HumanoidRootPart_Torso_Right_Arm = Instance.new("Pose")
Right_Arm_k4_HumanoidRootPart_Torso_Right_Arm.Name = "Right Arm"
Right_Arm_k4_HumanoidRootPart_Torso_Right_Arm.CFrame = CFrame(1.014668, -0.851927, -0.779869, -0.964931, -0.223949, -0.136950, 0.187886, -0.953545, 0.235478, -0.183323, 0.201489, 0.962182)
Right_Arm_k4_HumanoidRootPart_Torso_Right_Arm.Parent = Torso_k4_HumanoidRootPart_Torso



--Left Arm
 Left_Arm_k4_HumanoidRootPart_Torso_Left_Arn = Instance.new("Pose")
Left_Arm_k4_HumanoidRootPart_Torso_Left_Arn.Name = "Left Arm"
Left_Arm_k4_HumanoidRootPart_Torso_Left_Arn.CFrame = CFrame(0.797868, 0.444531, -0.565362, 0.970405, 0.002317, 0.241471, 0.226757, 0.335092, -0.914491, -0.083034, 0.942183, 0.324650)
Left_Arm_k4_HumanoidRootPart_Torso_Left_Arn.Parent = Torso_k4_HumanoidRootPart_Torso



--Right Leg
 Right_Leg_k4_HumanoidRootPart_Torso_Right_Leg = Instance.new("Pose")
Right_Leg_k4_HumanoidRootPart_Torso_Right_Leg.Name = "Right Leg"
Right_Leg_k4_HumanoidRootPart_Torso_Right_Leg.CFrame = CFrame(0.315122, 0.083964, 0.240072, 0.896729, 0.332167, -0.292477, -0.336935, 0.940859, 0.035500, 0.286972, 0.066712, 0.955613)
Right_Leg_k4_HumanoidRootPart_Torso_Right_Leg.Parent = Torso_k4_HumanoidRootPart_Torso



--Head
 Head_k4_HumanoidRootPart_Torso_Head = Instance.new("Pose")
Head_k4_HumanoidRootPart_Torso_Head.Name = "Head"
Head_k4_HumanoidRootPart_Torso_Head.CFrame = CFrame(0.000000, 0.000000, -0.000000, 0.637758, -0.770163, 0.010682, 0.743376, 0.611827, -0.270295, 0.201636, 0.180324, 0.962718)
Head_k4_HumanoidRootPart_Torso_Head.Parent = Torso_k4_HumanoidRootPart_Torso



-- Keyframe 5 (Time: 0.06791666895151138)
 keyframe5 = Instance.new("Keyframe")
keyframe5.Time = 0.06791666895151138
keyframe5.Parent = KeyframeSequence

--HumanoidRootPart
 HumanoidRootPart_k5_HumanoidRootPart = Instance.new("Pose")
HumanoidRootPart_k5_HumanoidRootPart.Name = "HumanoidRootPart"
HumanoidRootPart_k5_HumanoidRootPart.CFrame = CFrame(0.000000, 0.000000, 0.000000, 1.000000, 0.000000, 0.000000, 0.000000, 1.000000, 0.000000, 0.000000, 0.000000, 1.000000)
HumanoidRootPart_k5_HumanoidRootPart.Parent = keyframe5



--Torso
 Torso_k5_HumanoidRootPart_Torso = Instance.new("Pose")
Torso_k5_HumanoidRootPart_Torso.Name = "Torso"
Torso_k5_HumanoidRootPart_Torso.CFrame = CFrame(0.115377, 0.016498, -0.152750, 0.352533, 0.931976, 0.084508, -0.935174, 0.347558, 0.068209, 0.034198, -0.103076, 0.994085)
Torso_k5_HumanoidRootPart_Torso.Parent = HumanoidRootPart_k5_HumanoidRootPart



--Left Leg
 Left_Leg_k5_HumanoidRootPart_Torso_Left_Leg = Instance.new("Pose")
Left_Leg_k5_HumanoidRootPart_Torso_Left_Leg.Name = "Left Leg"
Left_Leg_k5_HumanoidRootPart_Torso_Left_Leg.CFrame = CFrame(-0.510450, -0.164094, -0.087951, 0.880047, -0.420583, -0.220516, 0.354443, 0.890774, -0.284413, 0.316049, 0.172137, 0.932996)
Left_Leg_k5_HumanoidRootPart_Torso_Left_Leg.Parent = Torso_k5_HumanoidRootPart_Torso



--Right Arm
 Right_Arm_k5_HumanoidRootPart_Torso_Right_Arm = Instance.new("Pose")
Right_Arm_k5_HumanoidRootPart_Torso_Right_Arm.Name = "Right Arm"
Right_Arm_k5_HumanoidRootPart_Torso_Right_Arm.CFrame = CFrame(1.013053, -0.851631, -0.780248, -0.966018, -0.219914, -0.135817, 0.184139, -0.954283, 0.235449, -0.181387, 0.202439, 0.962350)
Right_Arm_k5_HumanoidRootPart_Torso_Right_Arm.Parent = Torso_k5_HumanoidRootPart_Torso



--Left Arm
 Left_Arm_k5_HumanoidRootPart_Torso_Left_Arn = Instance.new("Pose")
Left_Arm_k5_HumanoidRootPart_Torso_Left_Arn.Name = "Left Arm"
Left_Arm_k5_HumanoidRootPart_Torso_Left_Arn.CFrame = CFrame(0.797868, 0.444531, -0.565362, 0.970405, 0.002317, 0.241471, 0.226757, 0.335092, -0.914491, -0.083034, 0.942183, 0.324650)
Left_Arm_k5_HumanoidRootPart_Torso_Left_Arn.Parent = Torso_k5_HumanoidRootPart_Torso



--Right Leg
 Right_Leg_k5_HumanoidRootPart_Torso_Right_Leg = Instance.new("Pose")
Right_Leg_k5_HumanoidRootPart_Torso_Right_Leg.Name = "Right Leg"
Right_Leg_k5_HumanoidRootPart_Torso_Right_Leg.CFrame = CFrame(0.322167, 0.083971, 0.240881, 0.893428, 0.342569, -0.290572, -0.346487, 0.937219, 0.039581, 0.285889, 0.065317, 0.956034)
Right_Leg_k5_HumanoidRootPart_Torso_Right_Leg.Parent = Torso_k5_HumanoidRootPart_Torso



--Head
 Head_k5_HumanoidRootPart_Torso_Head = Instance.new("Pose")
Head_k5_HumanoidRootPart_Torso_Head.Name = "Head"
Head_k5_HumanoidRootPart_Torso_Head.CFrame = CFrame(0.000000, 0.000000, 0.000000, 0.635738, -0.771746, 0.015705, 0.743397, 0.606653, -0.281663, 0.207844, 0.190739, 0.959385)
Head_k5_HumanoidRootPart_Torso_Head.Parent = Torso_k5_HumanoidRootPart_Torso



-- Keyframe 6 (Time: 0.0845833346247673)
 keyframe6 = Instance.new("Keyframe")
keyframe6.Time = 0.0845833346247673
keyframe6.Parent = KeyframeSequence

--HumanoidRootPart
 HumanoidRootPart_k6_HumanoidRootPart = Instance.new("Pose")
HumanoidRootPart_k6_HumanoidRootPart.Name = "HumanoidRootPart"
HumanoidRootPart_k6_HumanoidRootPart.CFrame = CFrame(0.000000, 0.000000, 0.000000, 1.000000, 0.000000, 0.000000, 0.000000, 1.000000, 0.000000, 0.000000, 0.000000, 1.000000)
HumanoidRootPart_k6_HumanoidRootPart.Parent = keyframe6



--Torso
 Torso_k6_HumanoidRootPart_Torso = Instance.new("Pose")
Torso_k6_HumanoidRootPart_Torso.Name = "Torso"
Torso_k6_HumanoidRootPart_Torso.CFrame = CFrame(0.114177, 0.015389, -0.155622, 0.355994, 0.930064, 0.090829, -0.933865, 0.350524, 0.070913, 0.034116, -0.110067, 0.993339)
Torso_k6_HumanoidRootPart_Torso.Parent = HumanoidRootPart_k6_HumanoidRootPart



--Left Leg
 Left_Leg_k6_HumanoidRootPart_Torso_Left_Leg = Instance.new("Pose")
Left_Leg_k6_HumanoidRootPart_Torso_Left_Leg.Name = "Left Leg"
Left_Leg_k6_HumanoidRootPart_Torso_Left_Leg.CFrame = CFrame(-0.513250, -0.169731, -0.091619, 0.873787, -0.432186, -0.222961, 0.364446, 0.885507, -0.288196, 0.321988, 0.170565, 0.931253)
Left_Leg_k6_HumanoidRootPart_Torso_Left_Leg.Parent = Torso_k6_HumanoidRootPart_Torso



--Right Arm
 Right_Arm_k6_HumanoidRootPart_Torso_Right_Arm = Instance.new("Pose")
Right_Arm_k6_HumanoidRootPart_Torso_Right_Arm.Name = "Right Arm"
Right_Arm_k6_HumanoidRootPart_Torso_Right_Arm.CFrame = CFrame(1.010488, -0.851165, -0.780793, -0.967511, -0.213499, -0.135426, 0.177868, -0.955449, 0.235541, -0.179681, 0.203800, 0.962383)
Right_Arm_k6_HumanoidRootPart_Torso_Right_Arm.Parent = Torso_k6_HumanoidRootPart_Torso



--Left Arm
 Left_Arm_k6_HumanoidRootPart_Torso_Left_Arn = Instance.new("Pose")
Left_Arm_k6_HumanoidRootPart_Torso_Left_Arn.Name = "Left Arm"
Left_Arm_k6_HumanoidRootPart_Torso_Left_Arn.CFrame = CFrame(0.797868, 0.444531, -0.565362, 0.970405, 0.002317, 0.241470, 0.226757, 0.335092, -0.914491, -0.083034, 0.942183, 0.324650)
Left_Arm_k6_HumanoidRootPart_Torso_Left_Arn.Parent = Torso_k6_HumanoidRootPart_Torso



--Right Leg
 Right_Leg_k6_HumanoidRootPart_Torso_Right_Leg = Instance.new("Pose")
Right_Leg_k6_HumanoidRootPart_Torso_Right_Leg.Name = "Right Leg"
Right_Leg_k6_HumanoidRootPart_Torso_Right_Leg.CFrame = CFrame(0.324230, 0.080727, 0.244096, 0.886061, 0.357511, -0.295096, -0.361045, 0.931490, 0.044425, 0.290761, 0.067180, 0.954434)
Right_Leg_k6_HumanoidRootPart_Torso_Right_Leg.Parent = Torso_k6_HumanoidRootPart_Torso



--Head
 Head_k6_HumanoidRootPart_Torso_Head = Instance.new("Pose")
Head_k6_HumanoidRootPart_Torso_Head.Name = "Head"
Head_k6_HumanoidRootPart_Torso_Head.CFrame = CFrame(0.000000, 0.000000, 0.000000, 0.638430, -0.769436, 0.019343, 0.739567, 0.606298, -0.292307, 0.213184, 0.200924, 0.956129)
Head_k6_HumanoidRootPart_Torso_Head.Parent = Torso_k6_HumanoidRootPart_Torso



-- Keyframe 7 (Time: 0.10166666656732559)
 keyframe7 = Instance.new("Keyframe")
keyframe7.Time = 0.10166666656732559
keyframe7.Parent = KeyframeSequence

--HumanoidRootPart
 HumanoidRootPart_k7_HumanoidRootPart = Instance.new("Pose")
HumanoidRootPart_k7_HumanoidRootPart.Name = "HumanoidRootPart"
HumanoidRootPart_k7_HumanoidRootPart.CFrame = CFrame(0.000000, 0.000000, 0.000000, 1.000000, 0.000000, 0.000000, 0.000000, 1.000000, 0.000000, 0.000000, 0.000000, 1.000000)
HumanoidRootPart_k7_HumanoidRootPart.Parent = keyframe7



--Torso
 Torso_k7_HumanoidRootPart_Torso = Instance.new("Pose")
Torso_k7_HumanoidRootPart_Torso.Name = "Torso"
Torso_k7_HumanoidRootPart_Torso.CFrame = CFrame(0.107945, 0.013756, -0.157799, 0.363962, 0.926412, 0.096395, -0.930810, 0.358047, 0.073447, 0.033528, -0.116457, 0.992630)
Torso_k7_HumanoidRootPart_Torso.Parent = HumanoidRootPart_k7_HumanoidRootPart



--Left Leg
 Left_Leg_k7_HumanoidRootPart_Torso_Left_Leg = Instance.new("Pose")
Left_Leg_k7_HumanoidRootPart_Torso_Left_Leg.Name = "Left Leg"
Left_Leg_k7_HumanoidRootPart_Torso_Left_Leg.CFrame = CFrame(-0.516949, -0.175294, -0.097472, 0.865887, -0.444305, -0.229855, 0.374344, 0.880306, -0.291423, 0.331823, 0.166294, 0.928569)
Left_Leg_k7_HumanoidRootPart_Torso_Left_Leg.Parent = Torso_k7_HumanoidRootPart_Torso



--Right Arm
 Right_Arm_k7_HumanoidRootPart_Torso_Right_Arm = Instance.new("Pose")
Right_Arm_k7_HumanoidRootPart_Torso_Right_Arm.Name = "Right Arm"
Right_Arm_k7_HumanoidRootPart_Torso_Right_Arm.CFrame = CFrame(1.006713, -0.850501, -0.781538, -0.969496, -0.204063, -0.135781, 0.168442, -0.957111, 0.235726, -0.178061, 0.205664, 0.962287)
Right_Arm_k7_HumanoidRootPart_Torso_Right_Arm.Parent = Torso_k7_HumanoidRootPart_Torso



--Left Arm
 Left_Arm_k7_HumanoidRootPart_Torso_Left_Arn = Instance.new("Pose")
Left_Arm_k7_HumanoidRootPart_Torso_Left_Arn.Name = "Left Arm"
Left_Arm_k7_HumanoidRootPart_Torso_Left_Arn.CFrame = CFrame(0.797868, 0.444531, -0.565362, 0.970405, 0.002317, 0.241470, 0.226757, 0.335092, -0.914491, -0.083034, 0.942182, 0.324650)
Left_Arm_k7_HumanoidRootPart_Torso_Left_Arn.Parent = Torso_k7_HumanoidRootPart_Torso



--Right Leg
 Right_Leg_k7_HumanoidRootPart_Torso_Right_Leg = Instance.new("Pose")
Right_Leg_k7_HumanoidRootPart_Torso_Right_Leg.Name = "Right Leg"
Right_Leg_k7_HumanoidRootPart_Torso_Right_Leg.CFrame = CFrame(0.321870, 0.075121, 0.249062, 0.875633, 0.374897, -0.304500, -0.378438, 0.924290, 0.049723, 0.300087, 0.071695, 0.951214)
Right_Leg_k7_HumanoidRootPart_Torso_Right_Leg.Parent = Torso_k7_HumanoidRootPart_Torso



--Head
 Head_k7_HumanoidRootPart_Torso_Head = Instance.new("Pose")
Head_k7_HumanoidRootPart_Torso_Head.Name = "Head"
Head_k7_HumanoidRootPart_Torso_Head.CFrame = CFrame(0.000000, 0.000000, -0.000000, 0.644690, -0.764141, 0.021519, 0.732849, 0.609792, -0.301805, 0.217499, 0.210341, 0.953127)
Head_k7_HumanoidRootPart_Torso_Head.Parent = Torso_k7_HumanoidRootPart_Torso



-- Keyframe 8 (Time: 0.11874999850988388)
 keyframe8 = Instance.new("Keyframe")
keyframe8.Time = 0.11874999850988388
keyframe8.Parent = KeyframeSequence

--HumanoidRootPart
 HumanoidRootPart_k8_HumanoidRootPart = Instance.new("Pose")
HumanoidRootPart_k8_HumanoidRootPart.Name = "HumanoidRootPart"
HumanoidRootPart_k8_HumanoidRootPart.CFrame = CFrame(0.000000, 0.000000, 0.000000, 1.000000, 0.000000, 0.000000, 0.000000, 1.000000, 0.000000, 0.000000, 0.000000, 1.000000)
HumanoidRootPart_k8_HumanoidRootPart.Parent = keyframe8



--Torso
 Torso_k8_HumanoidRootPart_Torso = Instance.new("Pose")
Torso_k8_HumanoidRootPart_Torso.Name = "Torso"
Torso_k8_HumanoidRootPart_Torso.CFrame = CFrame(0.098090, 0.011762, -0.159356, 0.375025, 0.921515, 0.100826, -0.926444, 0.368754, 0.075640, 0.032523, -0.121776, 0.992025)
Torso_k8_HumanoidRootPart_Torso.Parent = HumanoidRootPart_k8_HumanoidRootPart



--Left Leg
 Left_Leg_k8_HumanoidRootPart_Torso_Left_Leg = Instance.new("Pose")
Left_Leg_k8_HumanoidRootPart_Torso_Left_Leg.Name = "Left Leg"
Left_Leg_k8_HumanoidRootPart_Torso_Left_Leg.CFrame = CFrame(-0.521410, -0.180293, -0.104812, 0.857078, -0.455903, -0.239936, 0.383426, 0.875537, -0.293971, 0.344095, 0.159958, 0.925209)
Left_Leg_k8_HumanoidRootPart_Torso_Left_Leg.Parent = Torso_k8_HumanoidRootPart_Torso



--Right Arm
 Right_Arm_k8_HumanoidRootPart_Torso_Right_Arm = Instance.new("Pose")
Right_Arm_k8_HumanoidRootPart_Torso_Right_Arm.Name = "Right Arm"
Right_Arm_k8_HumanoidRootPart_Torso_Right_Arm.CFrame = CFrame(1.001468, -0.849631, -0.782519, -0.972008, -0.190950, -0.136888, 0.155219, -0.959284, 0.235968, -0.176372, 0.208115, 0.962071)
Right_Arm_k8_HumanoidRootPart_Torso_Right_Arm.Parent = Torso_k8_HumanoidRootPart_Torso



--Left Arm
 Left_Arm_k8_HumanoidRootPart_Torso_Left_Arn = Instance.new("Pose")
Left_Arm_k8_HumanoidRootPart_Torso_Left_Arn.Name = "Left Arm"
Left_Arm_k8_HumanoidRootPart_Torso_Left_Arn.CFrame = CFrame(0.797868, 0.444531, -0.565362, 0.970405, 0.002317, 0.241470, 0.226757, 0.335092, -0.914491, -0.083034, 0.942183, 0.324650)
Left_Arm_k8_HumanoidRootPart_Torso_Left_Arn.Parent = Torso_k8_HumanoidRootPart_Torso



--Right Leg
 Right_Leg_k8_HumanoidRootPart_Torso_Right_Leg = Instance.new("Pose")
Right_Leg_k8_HumanoidRootPart_Torso_Right_Leg.Name = "Right Leg"
Right_Leg_k8_HumanoidRootPart_Torso_Right_Leg.CFrame = CFrame(0.315684, 0.068116, 0.255028, 0.863254, 0.392613, -0.317250, -0.396521, 0.916371, 0.055101, 0.312352, 0.078230, 0.946740)
Right_Leg_k8_HumanoidRootPart_Torso_Right_Leg.Parent = Torso_k8_HumanoidRootPart_Torso



--Head
 Head_k8_HumanoidRootPart_Torso_Head = Instance.new("Pose")
Head_k8_HumanoidRootPart_Torso_Head.Name = "Head"
Head_k8_HumanoidRootPart_Torso_Head.CFrame = CFrame(0.000000, -0.000000, -0.000000, 0.653371, -0.756712, 0.022221, 0.724172, 0.616181, -0.309672, 0.220640, 0.218423, 0.950584)
Head_k8_HumanoidRootPart_Torso_Head.Parent = Torso_k8_HumanoidRootPart_Torso



-- Keyframe 9 (Time: 0.1354166716337204)
 keyframe9 = Instance.new("Keyframe")
keyframe9.Time = 0.1354166716337204
keyframe9.Parent = KeyframeSequence

--HumanoidRootPart
 HumanoidRootPart_k9_HumanoidRootPart = Instance.new("Pose")
HumanoidRootPart_k9_HumanoidRootPart.Name = "HumanoidRootPart"
HumanoidRootPart_k9_HumanoidRootPart.CFrame = CFrame(0.000000, 0.000000, 0.000000, 1.000000, 0.000000, 0.000000, 0.000000, 1.000000, 0.000000, 0.000000, 0.000000, 1.000000)
HumanoidRootPart_k9_HumanoidRootPart.Parent = keyframe9



--Torso
 Torso_k9_HumanoidRootPart_Torso = Instance.new("Pose")
Torso_k9_HumanoidRootPart_Torso.Name = "Torso"
Torso_k9_HumanoidRootPart_Torso.CFrame = CFrame(0.086019, 0.009574, -0.160372, 0.387762, 0.915904, 0.103736, -0.921230, 0.381265, 0.077278, 0.031228, -0.125530, 0.991598)
Torso_k9_HumanoidRootPart_Torso.Parent = HumanoidRootPart_k9_HumanoidRootPart



--Left Leg
 Left_Leg_k9_HumanoidRootPart_Torso_Left_Leg = Instance.new("Pose")
Left_Leg_k9_HumanoidRootPart_Torso_Left_Leg.Name = "Left Leg"
Left_Leg_k9_HumanoidRootPart_Torso_Left_Leg.CFrame = CFrame(-0.526551, -0.184219, -0.112915, 0.848182, -0.465957, -0.251936, 0.391006, 0.871608, -0.295658, 0.357354, 0.152263, 0.921474)
Left_Leg_k9_HumanoidRootPart_Torso_Left_Leg.Parent = Torso_k9_HumanoidRootPart_Torso



--Right Arm
 Right_Arm_k9_HumanoidRootPart_Torso_Right_Arm = Instance.new("Pose")
Right_Arm_k9_HumanoidRootPart_Torso_Right_Arm.Name = "Right Arm"
Right_Arm_k9_HumanoidRootPart_Torso_Right_Arm.CFrame = CFrame(0.994483, -0.848578, -0.783767, -0.975013, -0.173488, -0.138752, 0.137541, -0.961915, 0.236223, -0.174450, 0.211236, 0.961742)
Right_Arm_k9_HumanoidRootPart_Torso_Right_Arm.Parent = Torso_k9_HumanoidRootPart_Torso



--Left Arm
 Left_Arm_k9_HumanoidRootPart_Torso_Left_Arn = Instance.new("Pose")
Left_Arm_k9_HumanoidRootPart_Torso_Left_Arn.Name = "Left Arm"
Left_Arm_k9_HumanoidRootPart_Torso_Left_Arn.CFrame = CFrame(0.797868, 0.444532, -0.565362, 0.970405, 0.002317, 0.241471, 0.226757, 0.335092, -0.914492, -0.083034, 0.942183, 0.324650)
Left_Arm_k9_HumanoidRootPart_Torso_Left_Arn.Parent = Torso_k9_HumanoidRootPart_Torso



--Right Leg
 Right_Leg_k9_HumanoidRootPart_Torso_Right_Leg = Instance.new("Pose")
Right_Leg_k9_HumanoidRootPart_Torso_Right_Leg.Name = "Right Leg"
Right_Leg_k9_HumanoidRootPart_Torso_Right_Leg.CFrame = CFrame(0.306567, 0.060738, 0.261233, 0.850234, 0.408676, -0.331791, -0.413292, 0.908615, 0.060079, 0.326023, 0.086045, 0.941438)
Right_Leg_k9_HumanoidRootPart_Torso_Right_Leg.Parent = Torso_k9_HumanoidRootPart_Torso



--Head
 Head_k9_HumanoidRootPart_Torso_Head = Instance.new("Pose")
Head_k9_HumanoidRootPart_Torso_Head.Name = "Head"
Head_k9_HumanoidRootPart_Torso_Head.CFrame = CFrame(0.000000, 0.000000, 0.000000, 0.663333, -0.748015, 0.021515, 0.714493, 0.624534, -0.315368, 0.222463, 0.224566, 0.948726)
Head_k9_HumanoidRootPart_Torso_Head.Parent = Torso_k9_HumanoidRootPart_Torso



-- Keyframe 10 (Time: 0.1525000035762787)
 keyframe10 = Instance.new("Keyframe")
keyframe10.Time = 0.1525000035762787
keyframe10.Parent = KeyframeSequence

--HumanoidRootPart
 HumanoidRootPart_k10_HumanoidRootPart = Instance.new("Pose")
HumanoidRootPart_k10_HumanoidRootPart.Name = "HumanoidRootPart"
HumanoidRootPart_k10_HumanoidRootPart.CFrame = CFrame(0.000000, 0.000000, 0.000000, 1.000000, 0.000000, 0.000000, 0.000000, 1.000000, 0.000000, 0.000000, 0.000000, 1.000000)
HumanoidRootPart_k10_HumanoidRootPart.Parent = keyframe10



--Torso
 Torso_k10_HumanoidRootPart_Torso = Instance.new("Pose")
Torso_k10_HumanoidRootPart_Torso.Name = "Torso"
Torso_k10_HumanoidRootPart_Torso.CFrame = CFrame(0.073139, 0.007356, -0.160924, 0.400744, 0.910183, 0.104740, -0.915705, 0.394186, 0.078111, 0.029808, -0.127214, 0.991427)
Torso_k10_HumanoidRootPart_Torso.Parent = HumanoidRootPart_k10_HumanoidRootPart



--Left Leg
 Left_Leg_k10_HumanoidRootPart_Torso_Left_Leg = Instance.new("Pose")
Left_Leg_k10_HumanoidRootPart_Torso_Left_Leg.Name = "Left Leg"
Left_Leg_k10_HumanoidRootPart_Torso_Left_Leg.CFrame = CFrame(-0.532329, -0.186548, -0.121035, 0.840138, -0.473467, -0.264570, 0.396411, 0.868956, -0.296265, 0.370172, 0.144025, 0.917731)
Left_Leg_k10_HumanoidRootPart_Torso_Left_Leg.Parent = Torso_k10_HumanoidRootPart_Torso



--Right Arm
 Right_Arm_k10_HumanoidRootPart_Torso_Right_Arm = Instance.new("Pose")
Right_Arm_k10_HumanoidRootPart_Torso_Right_Arm.Name = "Right Arm"
Right_Arm_k10_HumanoidRootPart_Torso_Right_Arm.CFrame = CFrame(0.985485, -0.847404, -0.785311, -0.978372, -0.150993, -0.141382, 0.114739, -0.964850, 0.236432, -0.172112, 0.215096, 0.961307)
Right_Arm_k10_HumanoidRootPart_Torso_Right_Arm.Parent = Torso_k10_HumanoidRootPart_Torso



--Left Arm
 Left_Arm_k10_HumanoidRootPart_Torso_Left_Arn = Instance.new("Pose")
Left_Arm_k10_HumanoidRootPart_Torso_Left_Arn.Name = "Left Arm"
Left_Arm_k10_HumanoidRootPart_Torso_Left_Arn.CFrame = CFrame(0.797868, 0.444532, -0.565362, 0.970406, 0.002317, 0.241470, 0.226757, 0.335092, -0.914492, -0.083034, 0.942183, 0.324650)
Left_Arm_k10_HumanoidRootPart_Torso_Left_Arn.Parent = Torso_k10_HumanoidRootPart_Torso



--Right Leg
 Right_Leg_k10_HumanoidRootPart_Torso_Right_Leg = Instance.new("Pose")
Right_Leg_k10_HumanoidRootPart_Torso_Right_Leg.Name = "Right Leg"
Right_Leg_k10_HumanoidRootPart_Torso_Right_Leg.CFrame = CFrame(0.295847, 0.054030, 0.266991, 0.838096, 0.421319, -0.346535, -0.426960, 0.901999, 0.064052, 0.339560, 0.094274, 0.935848)
Right_Leg_k10_HumanoidRootPart_Torso_Right_Leg.Parent = Torso_k10_HumanoidRootPart_Torso



--Head
 Head_k10_HumanoidRootPart_Torso_Head = Instance.new("Pose")
Head_k10_HumanoidRootPart_Torso_Head.Name = "Head"
Head_k10_HumanoidRootPart_Torso_Head.CFrame = CFrame(0.000000, -0.000000, 0.000000, 0.673455, -0.738971, 0.019536, 0.704843, 0.633937, -0.318309, 0.222837, 0.228136, 0.947786)
Head_k10_HumanoidRootPart_Torso_Head.Parent = Torso_k10_HumanoidRootPart_Torso



-- Keyframe 11 (Time: 0.16958333551883698)
 keyframe11 = Instance.new("Keyframe")
keyframe11.Time = 0.16958333551883698
keyframe11.Parent = KeyframeSequence

--HumanoidRootPart
 HumanoidRootPart_k11_HumanoidRootPart = Instance.new("Pose")
HumanoidRootPart_k11_HumanoidRootPart.Name = "HumanoidRootPart"
HumanoidRootPart_k11_HumanoidRootPart.CFrame = CFrame(0.000000, 0.000000, 0.000000, 1.000000, 0.000000, 0.000000, 0.000000, 1.000000, 0.000000, 0.000000, 0.000000, 1.000000)
HumanoidRootPart_k11_HumanoidRootPart.Parent = keyframe11



--Torso
 Torso_k11_HumanoidRootPart_Torso = Instance.new("Pose")
Torso_k11_HumanoidRootPart_Torso.Name = "Torso"
Torso_k11_HumanoidRootPart_Torso.CFrame = CFrame(0.060859, 0.005272, -0.161091, 0.412530, 0.905051, 0.103454, -0.910500, 0.406113, 0.077865, 0.028458, -0.126317, 0.991582)
Torso_k11_HumanoidRootPart_Torso.Parent = HumanoidRootPart_k11_HumanoidRootPart



--Left Leg
 Left_Leg_k11_HumanoidRootPart_Torso_Left_Leg = Instance.new("Pose")
Left_Leg_k11_HumanoidRootPart_Torso_Left_Leg.Name = "Left Leg"
Left_Leg_k11_HumanoidRootPart_Torso_Left_Leg.CFrame = CFrame(-0.538693, -0.186754, -0.128384, 0.834000, -0.477466, -0.276532, 0.398948, 0.868033, -0.295565, 0.381161, 0.136180, 0.914424)
Left_Leg_k11_HumanoidRootPart_Torso_Left_Leg.Parent = Torso_k11_HumanoidRootPart_Torso



--Right Arm
 Right_Arm_k11_HumanoidRootPart_Torso_Right_Arm = Instance.new("Pose")
Right_Arm_k11_HumanoidRootPart_Torso_Right_Arm.Name = "Right Arm"
Right_Arm_k11_HumanoidRootPart_Torso_Right_Arm.CFrame = CFrame(0.974195, -0.846225, -0.787173, -0.981818, -0.122767, -0.144782, 0.086136, -0.967800, 0.236523, -0.169157, 0.219751, 0.960778)
Right_Arm_k11_HumanoidRootPart_Torso_Right_Arm.Parent = Torso_k11_HumanoidRootPart_Torso



--Left Arm
 Left_Arm_k11_HumanoidRootPart_Torso_Left_Arn = Instance.new("Pose")
Left_Arm_k11_HumanoidRootPart_Torso_Left_Arn.Name = "Left Arm"
Left_Arm_k11_HumanoidRootPart_Torso_Left_Arn.CFrame = CFrame(0.797868, 0.444531, -0.565362, 0.970405, 0.002317, 0.241470, 0.226757, 0.335092, -0.914491, -0.083034, 0.942183, 0.324650)
Left_Arm_k11_HumanoidRootPart_Torso_Left_Arn.Parent = Torso_k11_HumanoidRootPart_Torso



--Right Leg
 Right_Leg_k11_HumanoidRootPart_Torso_Right_Leg = Instance.new("Pose")
Right_Leg_k11_HumanoidRootPart_Torso_Right_Leg.Name = "Right Leg"
Right_Leg_k11_HumanoidRootPart_Torso_Right_Leg.CFrame = CFrame(0.285267, 0.048985, 0.271753, 0.828530, 0.429006, -0.359850, -0.435937, 0.897532, 0.066304, 0.351422, 0.101937, 0.930651)
Right_Leg_k11_HumanoidRootPart_Torso_Right_Leg.Parent = Torso_k11_HumanoidRootPart_Torso



--Head
 Head_k11_HumanoidRootPart_Torso_Head = Instance.new("Pose")
Head_k11_HumanoidRootPart_Torso_Head.Name = "Head"
Head_k11_HumanoidRootPart_Torso_Head.CFrame = CFrame(0.000000, -0.000000, -0.000000, 0.682638, -0.730572, 0.016473, 0.696336, 0.643480, -0.317883, 0.221636, 0.228469, 0.947987)
Head_k11_HumanoidRootPart_Torso_Head.Parent = Torso_k11_HumanoidRootPart_Torso



-- Keyframe 12 (Time: 0.1862500011920929)
 keyframe12 = Instance.new("Keyframe")
keyframe12.Time = 0.1862500011920929
keyframe12.Parent = KeyframeSequence

--HumanoidRootPart
 HumanoidRootPart_k12_HumanoidRootPart = Instance.new("Pose")
HumanoidRootPart_k12_HumanoidRootPart.Name = "HumanoidRootPart"
HumanoidRootPart_k12_HumanoidRootPart.CFrame = CFrame(0.000000, 0.000000, 0.000000, 1.000000, 0.000000, 0.000000, 0.000000, 1.000000, 0.000000, 0.000000, 0.000000, 1.000000)
HumanoidRootPart_k12_HumanoidRootPart.Parent = keyframe12



--Torso
 Torso_k12_HumanoidRootPart_Torso = Instance.new("Pose")
Torso_k12_HumanoidRootPart_Torso.Name = "Torso"
Torso_k12_HumanoidRootPart_Torso.CFrame = CFrame(0.050311, 0.003465, -0.160319, 0.421940, 0.901132, 0.099636, -0.906211, 0.415877, 0.076340, 0.027356, -0.122502, 0.992091)
Torso_k12_HumanoidRootPart_Torso.Parent = HumanoidRootPart_k12_HumanoidRootPart



--Left Leg
 Left_Leg_k12_HumanoidRootPart_Torso_Left_Leg = Instance.new("Pose")
Left_Leg_k12_HumanoidRootPart_Torso_Left_Leg.Name = "Left Leg"
Left_Leg_k12_HumanoidRootPart_Torso_Left_Leg.CFrame = CFrame(-0.544199, -0.184433, -0.133829, 0.831090, -0.476557, -0.286676, 0.397406, 0.869501, -0.293320, 0.389049, 0.129848, 0.912020)
Left_Leg_k12_HumanoidRootPart_Torso_Left_Leg.Parent = Torso_k12_HumanoidRootPart_Torso



--Right Arm
 Right_Arm_k12_HumanoidRootPart_Torso_Right_Arm = Instance.new("Pose")
Right_Arm_k12_HumanoidRootPart_Torso_Right_Arm.Name = "Right Arm"
Right_Arm_k12_HumanoidRootPart_Torso_Right_Arm.CFrame = CFrame(0.971098, -0.829535, -0.787475, -0.984634, -0.087454, -0.151157, 0.049888, -0.970363, 0.236445, -0.167356, 0.225271, 0.959815)
Right_Arm_k12_HumanoidRootPart_Torso_Right_Arm.Parent = Torso_k12_HumanoidRootPart_Torso



--Left Arm
 Left_Arm_k12_HumanoidRootPart_Torso_Left_Arn = Instance.new("Pose")
Left_Arm_k12_HumanoidRootPart_Torso_Left_Arn.Name = "Left Arm"
Left_Arm_k12_HumanoidRootPart_Torso_Left_Arn.CFrame = CFrame(0.797868, 0.444532, -0.565362, 0.970405, 0.002317, 0.241471, 0.226757, 0.335092, -0.914491, -0.083034, 0.942183, 0.324650)
Left_Arm_k12_HumanoidRootPart_Torso_Left_Arn.Parent = Torso_k12_HumanoidRootPart_Torso



--Right Leg
 Right_Leg_k12_HumanoidRootPart_Torso_Right_Leg = Instance.new("Pose")
Right_Leg_k12_HumanoidRootPart_Torso_Right_Leg.Name = "Right Leg"
Right_Leg_k12_HumanoidRootPart_Torso_Right_Leg.CFrame = CFrame(0.275648, 0.046142, 0.274865, 0.823209, 0.430293, -0.370371, -0.438653, 0.896212, 0.066231, 0.360430, 0.107942, 0.926520)
Right_Leg_k12_HumanoidRootPart_Torso_Right_Leg.Parent = Torso_k12_HumanoidRootPart_Torso



--Head
 Head_k12_HumanoidRootPart_Torso_Head = Instance.new("Pose")
Head_k12_HumanoidRootPart_Torso_Head.Name = "Head"
Head_k12_HumanoidRootPart_Torso_Head.CFrame = CFrame(0.000000, -0.000000, 0.000000, 0.695850, -0.718148, 0.007452, 0.686823, 0.662394, -0.299180, 0.209919, 0.213303, 0.954168)
Head_k12_HumanoidRootPart_Torso_Head.Parent = Torso_k12_HumanoidRootPart_Torso



-- Keyframe 13 (Time: 0.20333333313465118)
 keyframe13 = Instance.new("Keyframe")
keyframe13.Time = 0.20333333313465118
keyframe13.Parent = KeyframeSequence

--HumanoidRootPart
 HumanoidRootPart_k13_HumanoidRootPart = Instance.new("Pose")
HumanoidRootPart_k13_HumanoidRootPart.Name = "HumanoidRootPart"
HumanoidRootPart_k13_HumanoidRootPart.CFrame = CFrame(0.000000, 0.000000, 0.000000, 1.000000, 0.000000, 0.000000, 0.000000, 1.000000, 0.000000, 0.000000, 0.000000, 1.000000)
HumanoidRootPart_k13_HumanoidRootPart.Parent = keyframe13



--Torso
 Torso_k13_HumanoidRootPart_Torso = Instance.new("Pose")
Torso_k13_HumanoidRootPart_Torso.Name = "Torso"
Torso_k13_HumanoidRootPart_Torso.CFrame = CFrame(0.041526, 0.001986, -0.158086, 0.428853, 0.898512, 0.093602, -0.902984, 0.423312, 0.073670, 0.026571, -0.116115, 0.992880)
Torso_k13_HumanoidRootPart_Torso.Parent = HumanoidRootPart_k13_HumanoidRootPart



--Left Leg
 Left_Leg_k13_HumanoidRootPart_Torso_Left_Leg = Instance.new("Pose")
Left_Leg_k13_HumanoidRootPart_Torso_Left_Leg.Name = "Left Leg"
Left_Leg_k13_HumanoidRootPart_Torso_Left_Leg.CFrame = CFrame(-0.547329, -0.179855, -0.136801, 0.831727, -0.470491, -0.294734, 0.391460, 0.873435, -0.289603, 0.393686, 0.125494, 0.910638)
Left_Leg_k13_HumanoidRootPart_Torso_Left_Leg.Parent = Torso_k13_HumanoidRootPart_Torso



--Right Arm
 Right_Arm_k13_HumanoidRootPart_Torso_Right_Arm = Instance.new("Pose")
Right_Arm_k13_HumanoidRootPart_Torso_Right_Arm.Name = "Right Arm"
Right_Arm_k13_HumanoidRootPart_Torso_Right_Arm.CFrame = CFrame(0.984335, -0.786467, -0.784836, -0.985728, -0.045709, -0.162025, 0.006271, -0.971736, 0.235987, -0.168232, 0.231603, 0.958153)
Right_Arm_k13_HumanoidRootPart_Torso_Right_Arm.Parent = Torso_k13_HumanoidRootPart_Torso



--Left Arm
 Left_Arm_k13_HumanoidRootPart_Torso_Left_Arn = Instance.new("Pose")
Left_Arm_k13_HumanoidRootPart_Torso_Left_Arn.Name = "Left Arm"
Left_Arm_k13_HumanoidRootPart_Torso_Left_Arn.CFrame = CFrame(0.797868, 0.444532, -0.565362, 0.970405, 0.002317, 0.241470, 0.226757, 0.335092, -0.914492, -0.083034, 0.942183, 0.324650)
Left_Arm_k13_HumanoidRootPart_Torso_Left_Arn.Parent = Torso_k13_HumanoidRootPart_Torso



--Right Leg
 Right_Leg_k13_HumanoidRootPart_Torso_Right_Leg = Instance.new("Pose")
Right_Leg_k13_HumanoidRootPart_Torso_Right_Leg.Name = "Right Leg"
Right_Leg_k13_HumanoidRootPart_Torso_Right_Leg.CFrame = CFrame(0.266660, 0.045151, 0.276094, 0.822315, 0.425408, -0.377924, -0.435213, 0.898056, 0.063923, 0.366590, 0.111913, 0.923627)
Right_Leg_k13_HumanoidRootPart_Torso_Right_Leg.Parent = Torso_k13_HumanoidRootPart_Torso



--Head
 Head_k13_HumanoidRootPart_Torso_Head = Instance.new("Pose")
Head_k13_HumanoidRootPart_Torso_Head.Name = "Head"
Head_k13_HumanoidRootPart_Torso_Head.CFrame = CFrame(0.000000, -0.000000, 0.000000, 0.717172, -0.696827, -0.009842, 0.672748, 0.695938, -0.251159, 0.181864, 0.173504, 0.967896)
Head_k13_HumanoidRootPart_Torso_Head.Parent = Torso_k13_HumanoidRootPart_Torso



-- Keyframe 14 (Time: 0.22041666507720947)
 keyframe14 = Instance.new("Keyframe")
keyframe14.Time = 0.22041666507720947
keyframe14.Parent = KeyframeSequence

--HumanoidRootPart
 HumanoidRootPart_k14_HumanoidRootPart = Instance.new("Pose")
HumanoidRootPart_k14_HumanoidRootPart.Name = "HumanoidRootPart"
HumanoidRootPart_k14_HumanoidRootPart.CFrame = CFrame(0.000000, 0.000000, 0.000000, 1.000000, 0.000000, 0.000000, 0.000000, 1.000000, 0.000000, 0.000000, 0.000000, 1.000000)
HumanoidRootPart_k14_HumanoidRootPart.Parent = keyframe14



--Torso
 Torso_k14_HumanoidRootPart_Torso = Instance.new("Pose")
Torso_k14_HumanoidRootPart_Torso.Name = "Torso"
Torso_k14_HumanoidRootPart_Torso.CFrame = CFrame(0.034257, 0.000862, -0.154518, 0.433418, 0.897099, 0.085806, -0.900815, 0.428508, 0.070100, 0.026118, -0.107677, 0.993843)
Torso_k14_HumanoidRootPart_Torso.Parent = HumanoidRootPart_k14_HumanoidRootPart



--Left Leg
 Left_Leg_k14_HumanoidRootPart_Torso_Left_Leg = Instance.new("Pose")
Left_Leg_k14_HumanoidRootPart_Torso_Left_Leg.Name = "Left Leg"
Left_Leg_k14_HumanoidRootPart_Torso_Left_Leg.CFrame = CFrame(-0.547809, -0.173543, -0.137355, 0.835464, -0.459975, -0.300704, 0.381670, 0.879358, -0.284704, 0.395383, 0.123091, 0.910231)
Left_Leg_k14_HumanoidRootPart_Torso_Left_Leg.Parent = Torso_k14_HumanoidRootPart_Torso



--Right Arm
 Right_Arm_k14_HumanoidRootPart_Torso_Right_Arm = Instance.new("Pose")
