-- KeyframeSequence Export: Suki Dance
-- Generated on 2025-09-01 18:24:17

local KeyframeSequence = Instance.new("KeyframeSequence")
KeyframeSequence.Name = "SukiDance"
local cf=CFrame.new

-- Keyframe 1 (Time: 0)
local keyframe1 = Instance.new("Keyframe")
keyframe1.Time = 0
keyframe1.Parent = KeyframeSequence

--HumanoidRootPart
local HumanoidRootPart_k1_HumanoidRootPart = Instance.new("Pose")
HumanoidRootPart_k1_HumanoidRootPart.Name = "HumanoidRootPart"
HumanoidRootPart_k1_HumanoidRootPart.CFrame = cf(0.000000, 0.000000, 0.000000, 1.000000, 0.000000, 0.000000, 0.000000, 1.000000, 0.000000, 0.000000, 0.000000, 1.000000)
HumanoidRootPart_k1_HumanoidRootPart.Parent = keyframe1



--Torso
local Torso_k1_HumanoidRootPart_Torso = Instance.new("Pose")
Torso_k1_HumanoidRootPart_Torso.Name = "Torso"
Torso_k1_HumanoidRootPart_Torso.CFrame = cf(0.002101, -0.011202, -0.147370, 0.653105, 0.754489, -0.064807, -0.755997, 0.654572, 0.001890, 0.043847, 0.047759, 0.997896)
Torso_k1_HumanoidRootPart_Torso.Parent = HumanoidRootPart_k1_HumanoidRootPart



--Left Leg
local Left_Leg_k1_HumanoidRootPart_Torso_Replace = Instance.new("Pose")
Left_Leg_k1_HumanoidRootPart_Torso_Replace.Name = "Left Leg"
Left_Leg_k1_HumanoidRootPart_Torso_Replace.CFrame = cf(0.136914, -0.110190, 0.206626, 0.716297, -0.278408, 0.639850, 0.434461, 0.895481, -0.096732, -0.546042, 0.347279, 0.762388)
Left_Leg_k1_HumanoidRootPart_Torso_Replace.Parent = Torso_k1_HumanoidRootPart_Torso



--Right Arm
local Right_Arm_k1_HumanoidRootPart_Torso_Replace = Instance.new("Pose")
Right_Arm_k1_HumanoidRootPart_Torso_Replace.Name = "Right Arm"
Right_Arm_k1_HumanoidRootPart_Torso_Replace.CFrame = cf(0.517580, -0.429761, -0.226315, -0.622218, -0.778731, 0.080144, 0.495509, -0.312512, 0.810437, -0.606066, 0.543981, 0.580318)
Right_Arm_k1_HumanoidRootPart_Torso_Replace.Parent = Torso_k1_HumanoidRootPart_Torso



--Left Arm
local Left_Arm_k1_HumanoidRootPart_Torso_Replace = Instance.new("Pose")
Left_Arm_k1_HumanoidRootPart_Torso_Replace.Name = "Left Arm"
Left_Arm_k1_HumanoidRootPart_Torso_Replace.CFrame = cf(-0.459935, -0.417951, -0.593053, -0.581157, 0.639963, -0.502697, -0.787625, -0.286942, 0.545262, 0.204702, 0.712819, 0.670810)
Left_Arm_k1_HumanoidRootPart_Torso_Replace.Parent = Torso_k1_HumanoidRootPart_Torso



--Right Leg
local Right_Leg_k1_HumanoidRootPart_Torso_Replace = Instance.new("Pose")
Right_Leg_k1_HumanoidRootPart_Torso_Replace.Name = "Right Leg"
Right_Leg_k1_HumanoidRootPart_Torso_Replace.CFrame = cf(0.887415, 0.226461, -0.309690, 0.667023, -0.033893, 0.744266, -0.044494, 0.995369, 0.085205, -0.743707, -0.089949, 0.662427)
Right_Leg_k1_HumanoidRootPart_Torso_Replace.Parent = Torso_k1_HumanoidRootPart_Torso



--Head
local Head_k1_HumanoidRootPart_Torso_Head = Instance.new("Pose")
Head_k1_HumanoidRootPart_Torso_Head.Name = "Head"
Head_k1_HumanoidRootPart_Torso_Head.CFrame = cf(0.000000, -0.000000, 0.000000, 0.675322, -0.733544, 0.076509, 0.735182, 0.677806, 0.009353, -0.058719, 0.049932, 0.997025)
Head_k1_HumanoidRootPart_Torso_Head.Parent = Torso_k1_HumanoidRootPart_Torso



-- Keyframe 2 (Time: 0.017083333805203438)
 keyframe2 = Instance.new("Keyframe")
keyframe2.Time = 0.017083333805203438
keyframe2.Parent = KeyframeSequence

--HumanoidRootPart
 HumanoidRootPart_k2_HumanoidRootPart = Instance.new("Pose")
HumanoidRootPart_k2_HumanoidRootPart.Name = "HumanoidRootPart"
HumanoidRootPart_k2_HumanoidRootPart.CFrame = cf(0.000000, 0.000000, 0.000000, 1.000000, 0.000000, 0.000000, 0.000000, 1.000000, 0.000000, 0.000000, 0.000000, 1.000000)
HumanoidRootPart_k2_HumanoidRootPart.Parent = keyframe2



--Torso
 Torso_k2_HumanoidRootPart_Torso = Instance.new("Pose")
Torso_k2_HumanoidRootPart_Torso.Name = "Torso"
Torso_k2_HumanoidRootPart_Torso.CFrame = cf(-0.037359, -0.018499, -0.130660, 0.668996, 0.741832, -0.046158, -0.742452, 0.669879, 0.005189, 0.034770, 0.030799, 0.998921)
Torso_k2_HumanoidRootPart_Torso.Parent = HumanoidRootPart_k2_HumanoidRootPart



--Left Leg
 Left_Leg_k2_HumanoidRootPart_Torso_Replace = Instance.new("Pose")
Left_Leg_k2_HumanoidRootPart_Torso_Replace.Name = "Left Leg"
Left_Leg_k2_HumanoidRootPart_Torso_Replace.CFrame = cf(0.044844, -0.071693, 0.209681, 0.779574, -0.340146, 0.525894, 0.418586, 0.907559, -0.033498, -0.465886, 0.246246, 0.849890)
Left_Leg_k2_HumanoidRootPart_Torso_Replace.Parent = Torso_k2_HumanoidRootPart_Torso



--Right Arm
 Right_Arm_k2_HumanoidRootPart_Torso_Replace = Instance.new("Pose")
Right_Arm_k2_HumanoidRootPart_Torso_Replace.Name = "Right Arm"
Right_Arm_k2_HumanoidRootPart_Torso_Replace.CFrame = cf(0.502125, -0.481884, -0.270812, -0.676016, -0.712538, 0.187864, 0.510647, -0.269182, 0.816566, -0.531265, 0.647944, 0.545827)
Right_Arm_k2_HumanoidRootPart_Torso_Replace.Parent = Torso_k2_HumanoidRootPart_Torso



--Left Arm
 Left_Arm_k2_HumanoidRootPart_Torso_Replace = Instance.new("Pose")
Left_Arm_k2_HumanoidRootPart_Torso_Replace.Name = "Left Arm"
Left_Arm_k2_HumanoidRootPart_Torso_Replace.CFrame = cf(-0.356802, -0.416664, -0.608424, -0.553266, 0.660208, -0.507958, -0.813933, -0.298721, 0.498277, 0.177229, 0.689123, 0.702637)
Left_Arm_k2_HumanoidRootPart_Torso_Replace.Parent = Torso_k2_HumanoidRootPart_Torso



--Right Leg
 Right_Leg_k2_HumanoidRootPart_Torso_Replace = Instance.new("Pose")
Right_Leg_k2_HumanoidRootPart_Torso_Replace.Name = "Right Leg"
Right_Leg_k2_HumanoidRootPart_Torso_Replace.CFrame = cf(0.836530, 0.180989, -0.287712, 0.672166, -0.012811, 0.740289, -0.035329, 0.998156, 0.049351, -0.739557, -0.059325, 0.670475)
Right_Leg_k2_HumanoidRootPart_Torso_Replace.Parent = Torso_k2_HumanoidRootPart_Torso



--Head
 Head_k2_HumanoidRootPart_Torso_Head = Instance.new("Pose")
Head_k2_HumanoidRootPart_Torso_Head.Name = "Head"
Head_k2_HumanoidRootPart_Torso_Head.CFrame = cf(0.000000, 0.000000, 0.000000, 0.688727, -0.721259, 0.073765, 0.723269, 0.690566, -0.000778, -0.050379, 0.053888, 0.997275)
Head_k2_HumanoidRootPart_Torso_Head.Parent = Torso_k2_HumanoidRootPart_Torso



-- Keyframe 3 (Time: 0.03375000134110451)
 keyframe3 = Instance.new("Keyframe")
keyframe3.Time = 0.03375000134110451
keyframe3.Parent = KeyframeSequence

--HumanoidRootPart
 HumanoidRootPart_k3_HumanoidRootPart = Instance.new("Pose")
HumanoidRootPart_k3_HumanoidRootPart.Name = "HumanoidRootPart"
HumanoidRootPart_k3_HumanoidRootPart.CFrame = cf(0.000000, 0.000000, 0.000000, 1.000000, 0.000000, 0.000000, 0.000000, 1.000000, 0.000000, 0.000000, 0.000000, 1.000000)
HumanoidRootPart_k3_HumanoidRootPart.Parent = keyframe3



--Torso
 Torso_k3_HumanoidRootPart_Torso = Instance.new("Pose")
Torso_k3_HumanoidRootPart_Torso.Name = "Torso"
Torso_k3_HumanoidRootPart_Torso.CFrame = cf(-0.081183, -0.017825, -0.094043, 0.686137, 0.727013, -0.025852, -0.727208, 0.686413, 0.002565, 0.019610, 0.017040, 0.999663)
Torso_k3_HumanoidRootPart_Torso.Parent = HumanoidRootPart_k3_HumanoidRootPart



--Left Leg
 Left_Leg_k3_HumanoidRootPart_Torso_Replace = Instance.new("Pose")
Left_Leg_k3_HumanoidRootPart_Torso_Replace.Name = "Left Leg"
Left_Leg_k3_HumanoidRootPart_Torso_Replace.CFrame = cf(-0.161185, -0.019745, 0.240796, 0.783431, -0.489361, 0.383095, 0.493975, 0.864383, 0.093971, -0.377127, 0.115620, 0.918916)
Left_Leg_k3_HumanoidRootPart_Torso_Replace.Parent = Torso_k3_HumanoidRootPart_Torso



--Right Arm
 Right_Arm_k3_HumanoidRootPart_Torso_Replace = Instance.new("Pose")
Right_Arm_k3_HumanoidRootPart_Torso_Replace.Name = "Right Arm"
Right_Arm_k3_HumanoidRootPart_Torso_Replace.CFrame = cf(0.493211, -0.504473, -0.309695, -0.722267, -0.634089, 0.276155, 0.527169, -0.246280, 0.813289, -0.447686, 0.732992, 0.512152)
Right_Arm_k3_HumanoidRootPart_Torso_Replace.Parent = Torso_k3_HumanoidRootPart_Torso



--Left Arm
 Left_Arm_k3_HumanoidRootPart_Torso_Replace = Instance.new("Pose")
Left_Arm_k3_HumanoidRootPart_Torso_Replace.Name = "Left Arm"
Left_Arm_k3_HumanoidRootPart_Torso_Replace.CFrame = cf(-0.253078, -0.406098, -0.605290, -0.535939, 0.692109, -0.483482, -0.826685, -0.313979, 0.466914, 0.171352, 0.649925, 0.740430)
Left_Arm_k3_HumanoidRootPart_Torso_Replace.Parent = Torso_k3_HumanoidRootPart_Torso



--Right Leg
 Right_Leg_k3_HumanoidRootPart_Torso_Replace = Instance.new("Pose")
Right_Leg_k3_HumanoidRootPart_Torso_Replace.Name = "Right Leg"
Right_Leg_k3_HumanoidRootPart_Torso_Replace.CFrame = cf(0.720805, 0.114446, -0.213412, 0.679890, -0.034611, 0.732497, 0.035511, 0.999268, 0.014256, -0.732454, 0.016319, 0.680621)
Right_Leg_k3_HumanoidRootPart_Torso_Replace.Parent = Torso_k3_HumanoidRootPart_Torso



--Head
 Head_k3_HumanoidRootPart_Torso_Head = Instance.new("Pose")
Head_k3_HumanoidRootPart_Torso_Head.Name = "Head"
Head_k3_HumanoidRootPart_Torso_Head.CFrame = cf(0.000000, -0.000000, 0.000000, 0.703259, -0.706749, 0.077022, 0.708638, 0.705561, 0.003869, -0.057079, 0.051860, 0.997022)
Head_k3_HumanoidRootPart_Torso_Head.Parent = Torso_k3_HumanoidRootPart_Torso



-- Keyframe 4 (Time: 0.050833333283662796)
 keyframe4 = Instance.new("Keyframe")
keyframe4.Time = 0.050833333283662796
keyframe4.Parent = KeyframeSequence

--HumanoidRootPart
 HumanoidRootPart_k4_HumanoidRootPart = Instance.new("Pose")
HumanoidRootPart_k4_HumanoidRootPart.Name = "HumanoidRootPart"
HumanoidRootPart_k4_HumanoidRootPart.CFrame = cf(0.000000, 0.000000, 0.000000, 1.000000, 0.000000, 0.000000, 0.000000, 1.000000, 0.000000, 0.000000, 0.000000, 1.000000)
HumanoidRootPart_k4_HumanoidRootPart.Parent = keyframe4



--Torso
 Torso_k4_HumanoidRootPart_Torso = Instance.new("Pose")
Torso_k4_HumanoidRootPart_Torso.Name = "Torso"
Torso_k4_HumanoidRootPart_Torso.CFrame = cf(-0.128528, -0.010742, -0.046818, 0.704793, 0.709399, -0.004609, -0.709413, 0.704780, -0.004254, 0.000231, 0.006268, 0.999980)
Torso_k4_HumanoidRootPart_Torso.Parent = HumanoidRootPart_k4_HumanoidRootPart



--Left Leg
 Left_Leg_k4_HumanoidRootPart_Torso_Replace = Instance.new("Pose")
Left_Leg_k4_HumanoidRootPart_Torso_Replace.Name = "Left Leg"
Left_Leg_k4_HumanoidRootPart_Torso_Replace.CFrame = cf(-0.386191, 0.012628, 0.215256, 0.738054, -0.647697, 0.189117, 0.601044, 0.758461, 0.251959, -0.306631, -0.072292, 0.949079)
Left_Leg_k4_HumanoidRootPart_Torso_Replace.Parent = Torso_k4_HumanoidRootPart_Torso



--Right Arm
 Right_Arm_k4_HumanoidRootPart_Torso_Replace = Instance.new("Pose")
Right_Arm_k4_HumanoidRootPart_Torso_Replace.Name = "Right Arm"
Right_Arm_k4_HumanoidRootPart_Torso_Replace.CFrame = cf(0.490407, -0.503130, -0.345224, -0.760263, -0.548023, 0.348815, 0.542317, -0.239829, 0.805216, -0.357621, 0.801344, 0.479535)
Right_Arm_k4_HumanoidRootPart_Torso_Replace.Parent = Torso_k4_HumanoidRootPart_Torso



--Left Arm
 Left_Arm_k4_HumanoidRootPart_Torso_Replace = Instance.new("Pose")
Left_Arm_k4_HumanoidRootPart_Torso_Replace.Name = "Left Arm"
Left_Arm_k4_HumanoidRootPart_Torso_Replace.CFrame = cf(-0.150252, -0.389237, -0.585936, -0.526836, 0.730833, -0.433967, -0.829812, -0.331722, 0.448746, 0.184002, 0.596526, 0.781217)
Left_Arm_k4_HumanoidRootPart_Torso_Replace.Parent = Torso_k4_HumanoidRootPart_Torso



--Right Leg
 Right_Leg_k4_HumanoidRootPart_Torso_Replace = Instance.new("Pose")
Right_Leg_k4_HumanoidRootPart_Torso_Replace.Name = "Right Leg"
Right_Leg_k4_HumanoidRootPart_Torso_Replace.CFrame = cf(0.457546, 0.001118, -0.004240, 0.676997, -0.146652, 0.721227, 0.232551, 0.972367, -0.020571, -0.698281, 0.181649, 0.692393)
Right_Leg_k4_HumanoidRootPart_Torso_Replace.Parent = Torso_k4_HumanoidRootPart_Torso



--Head
 Head_k4_HumanoidRootPart_Torso_Head = Instance.new("Pose")
Head_k4_HumanoidRootPart_Torso_Head.Name = "Head"
Head_k4_HumanoidRootPart_Torso_Head.CFrame = cf(0.000000, 0.000000, 0.000000, 0.719502, -0.689267, 0.085014, 0.690534, 0.723071, 0.018213, -0.074024, 0.045601, 0.996213)
Head_k4_HumanoidRootPart_Torso_Head.Parent = Torso_k4_HumanoidRootPart_Torso



-- Keyframe 5 (Time: 0.06791666895151138)
 keyframe5 = Instance.new("Keyframe")
keyframe5.Time = 0.06791666895151138
keyframe5.Parent = KeyframeSequence

--HumanoidRootPart
 HumanoidRootPart_k5_HumanoidRootPart = Instance.new("Pose")
HumanoidRootPart_k5_HumanoidRootPart.Name = "HumanoidRootPart"
HumanoidRootPart_k5_HumanoidRootPart.CFrame = cf(0.000000, 0.000000, 0.000000, 1.000000, 0.000000, 0.000000, 0.000000, 1.000000, 0.000000, 0.000000, 0.000000, 1.000000)
HumanoidRootPart_k5_HumanoidRootPart.Parent = keyframe5



--Torso
 Torso_k5_HumanoidRootPart_Torso = Instance.new("Pose")
Torso_k5_HumanoidRootPart_Torso.Name = "Torso"
Torso_k5_HumanoidRootPart_Torso.CFrame = cf(-0.178549, 0.001187, 0.006911, 0.725246, 0.688284, 0.016827, -0.688154, 0.725439, -0.013543, -0.021528, -0.001758, 0.999767)
Torso_k5_HumanoidRootPart_Torso.Parent = HumanoidRootPart_k5_HumanoidRootPart



--Left Leg
 Left_Leg_k5_HumanoidRootPart_Torso_Replace = Instance.new("Pose")
Left_Leg_k5_HumanoidRootPart_Torso_Replace.Name = "Left Leg"
Left_Leg_k5_HumanoidRootPart_Torso_Replace.CFrame = cf(-0.530338, -0.006021, 0.130793, 0.669808, -0.739941, -0.062005, 0.701801, 0.603576, 0.378381, -0.242554, -0.296958, 0.923571)
Left_Leg_k5_HumanoidRootPart_Torso_Replace.Parent = Torso_k5_HumanoidRootPart_Torso



--Right Arm
 Right_Arm_k5_HumanoidRootPart_Torso_Replace = Instance.new("Pose")
Right_Arm_k5_HumanoidRootPart_Torso_Replace.Name = "Right Arm"
Right_Arm_k5_HumanoidRootPart_Torso_Replace.CFrame = cf(0.492853, -0.483578, -0.379341, -0.789560, -0.457904, 0.408557, 0.554016, -0.245537, 0.795473, -0.263934, 0.854421, 0.447552)
Right_Arm_k5_HumanoidRootPart_Torso_Replace.Parent = Torso_k5_HumanoidRootPart_Torso



--Left Arm
 Left_Arm_k5_HumanoidRootPart_Torso_Replace = Instance.new("Pose")
Left_Arm_k5_HumanoidRootPart_Torso_Replace.Name = "Left Arm"
Left_Arm_k5_HumanoidRootPart_Torso_Replace.CFrame = cf(-0.049689, -0.368884, -0.552859, -0.522187, 0.771233, -0.364033, -0.826111, -0.351418, 0.440506, 0.211805, 0.530759, 0.820630)
Left_Arm_k5_HumanoidRootPart_Torso_Replace.Parent = Torso_k5_HumanoidRootPart_Torso



--Right Leg
 Right_Leg_k5_HumanoidRootPart_Torso_Replace = Instance.new("Pose")
Right_Leg_k5_HumanoidRootPart_Torso_Replace.Name = "Right Leg"
Right_Leg_k5_HumanoidRootPart_Torso_Replace.CFrame = cf(0.367721, -0.019845, 0.009290, 0.738345, -0.152222, 0.657020, 0.247122, 0.967503, -0.053554, -0.627517, 0.201905, 0.751969)
Right_Leg_k5_HumanoidRootPart_Torso_Replace.Parent = Torso_k5_HumanoidRootPart_Torso



--Head
 Head_k5_HumanoidRootPart_Torso_Head = Instance.new("Pose")
Head_k5_HumanoidRootPart_Torso_Head.Name = "Head"
Head_k5_HumanoidRootPart_Torso_Head.CFrame = cf(0.000000, 0.000000, 0.000000, 0.737898, -0.668019, 0.096218, 0.667999, 0.743232, 0.037190, -0.096356, 0.036831, 0.994665)
Head_k5_HumanoidRootPart_Torso_Head.Parent = Torso_k5_HumanoidRootPart_Torso



-- Keyframe 6 (Time: 0.0845833346247673)
 keyframe6 = Instance.new("Keyframe")
keyframe6.Time = 0.0845833346247673
keyframe6.Parent = KeyframeSequence

--HumanoidRootPart
 HumanoidRootPart_k6_HumanoidRootPart = Instance.new("Pose")
HumanoidRootPart_k6_HumanoidRootPart.Name = "HumanoidRootPart"
HumanoidRootPart_k6_HumanoidRootPart.CFrame = cf(0.000000, 0.000000, 0.000000, 1.000000, 0.000000, 0.000000, 0.000000, 1.000000, 0.000000, 0.000000, 0.000000, 1.000000)
HumanoidRootPart_k6_HumanoidRootPart.Parent = keyframe6



--Torso
 Torso_k6_HumanoidRootPart_Torso = Instance.new("Pose")
Torso_k6_HumanoidRootPart_Torso.Name = "Torso"
Torso_k6_HumanoidRootPart_Torso.CFrame = cf(-0.230403, 0.016401, 0.064662, 0.747792, 0.662863, 0.037679, -0.662483, 0.748705, -0.023594, -0.043850, -0.007319, 0.999011)
Torso_k6_HumanoidRootPart_Torso.Parent = HumanoidRootPart_k6_HumanoidRootPart



--Left Leg
 Left_Leg_k6_HumanoidRootPart_Torso_Replace = Instance.new("Pose")
Left_Leg_k6_HumanoidRootPart_Torso_Replace.Name = "Left Leg"
Left_Leg_k6_HumanoidRootPart_Torso_Replace.CFrame = cf(-0.539474, -0.026591, 0.047328, 0.594056, -0.731372, -0.334952, 0.790835, 0.454771, 0.409589, -0.147236, -0.508211, 0.848554)
Left_Leg_k6_HumanoidRootPart_Torso_Replace.Parent = Torso_k6_HumanoidRootPart_Torso



--Right Arm
 Right_Arm_k6_HumanoidRootPart_Torso_Replace = Instance.new("Pose")
Right_Arm_k6_HumanoidRootPart_Torso_Replace.Name = "Right Arm"
Right_Arm_k6_HumanoidRootPart_Torso_Replace.CFrame = cf(0.499560, -0.451652, -0.413926, -0.810155, -0.366976, 0.457140, 0.560953, -0.258849, 0.786339, -0.170237, 0.893491, 0.415564)
Right_Arm_k6_HumanoidRootPart_Torso_Replace.Parent = Torso_k6_HumanoidRootPart_Torso



--Left Arm
 Left_Arm_k6_HumanoidRootPart_Torso_Replace = Instance.new("Pose")
Left_Arm_k6_HumanoidRootPart_Torso_Replace.Name = "Left Arm"
Left_Arm_k6_HumanoidRootPart_Torso_Replace.CFrame = cf(0.047072, -0.347864, -0.508953, -0.517972, 0.808601, -0.279052, -0.817807, -0.372472, 0.438699, 0.250794, 0.455444, 0.854209)
Left_Arm_k6_HumanoidRootPart_Torso_Replace.Parent = Torso_k6_HumanoidRootPart_Torso



--Right Leg
 Right_Leg_k6_HumanoidRootPart_Torso_Replace = Instance.new("Pose")
Right_Leg_k6_HumanoidRootPart_Torso_Replace.Name = "Right Leg"
Right_Leg_k6_HumanoidRootPart_Torso_Replace.CFrame = cf(0.232872, -0.043492, 0.049106, 0.848938, -0.182157, 0.496109, 0.260215, 0.961121, -0.092382, -0.459993, 0.207521, 0.863332)
Right_Leg_k6_HumanoidRootPart_Torso_Replace.Parent = Torso_k6_HumanoidRootPart_Torso



--Head
 Head_k6_HumanoidRootPart_Torso_Head = Instance.new("Pose")
Head_k6_HumanoidRootPart_Torso_Head.Name = "Head"
Head_k6_HumanoidRootPart_Torso_Head.CFrame = cf(0.000000, 0.000000, 0.000000, 0.758782, -0.642200, 0.108762, 0.640345, 0.766053, 0.055873, -0.119199, 0.027250, 0.992496)
Head_k6_HumanoidRootPart_Torso_Head.Parent = Torso_k6_HumanoidRootPart_Torso



-- Keyframe 7 (Time: 0.10166666656732559)
 keyframe7 = Instance.new("Keyframe")
keyframe7.Time = 0.10166666656732559
keyframe7.Parent = KeyframeSequence

--HumanoidRootPart
 HumanoidRootPart_k7_HumanoidRootPart = Instance.new("Pose")
HumanoidRootPart_k7_HumanoidRootPart.Name = "HumanoidRootPart"
HumanoidRootPart_k7_HumanoidRootPart.CFrame = cf(0.000000, 0.000000, 0.000000, 1.000000, 0.000000, 0.000000, 0.000000, 1.000000, 0.000000, 0.000000, 0.000000, 1.000000)
HumanoidRootPart_k7_HumanoidRootPart.Parent = keyframe7



--Torso
 Torso_k7_HumanoidRootPart_Torso = Instance.new("Pose")
Torso_k7_HumanoidRootPart_Torso.Name = "Torso"
Torso_k7_HumanoidRootPart_Torso.CFrame = cf(-0.283246, 0.033337, 0.124367, 0.772707, 0.632188, 0.057112, -0.631432, 0.774740, -0.032737, -0.064943, -0.010766, 0.997831)
Torso_k7_HumanoidRootPart_Torso.Parent = HumanoidRootPart_k7_HumanoidRootPart



--Left Leg
 Left_Leg_k7_HumanoidRootPart_Torso_Replace = Instance.new("Pose")
Left_Leg_k7_HumanoidRootPart_Torso_Replace.Name = "Left Leg"
Left_Leg_k7_HumanoidRootPart_Torso_Replace.CFrame = cf(-0.383762, 0.174392, 0.017313, 0.561016, -0.603621, -0.566483, 0.826273, 0.449938, 0.338864, 0.050337, -0.658177, 0.751178)
Left_Leg_k7_HumanoidRootPart_Torso_Replace.Parent = Torso_k7_HumanoidRootPart_Torso



--Right Arm
 Right_Arm_k7_HumanoidRootPart_Torso_Replace = Instance.new("Pose")
Right_Arm_k7_HumanoidRootPart_Torso_Replace.Name = "Right Arm"
Right_Arm_k7_HumanoidRootPart_Torso_Replace.CFrame = cf(0.509548, -0.413273, -0.451022, -0.822699, -0.278505, 0.495582, 0.562699, -0.274980, 0.779587, -0.080843, 0.920229, 0.382940)
Right_Arm_k7_HumanoidRootPart_Torso_Replace.Parent = Torso_k7_HumanoidRootPart_Torso



--Left Arm
 Left_Arm_k7_HumanoidRootPart_Torso_Replace = Instance.new("Pose")
Left_Arm_k7_HumanoidRootPart_Torso_Replace.Name = "Left Arm"
Left_Arm_k7_HumanoidRootPart_Torso_Replace.CFrame = cf(0.138012, -0.329160, -0.457531, -0.510866, 0.839422, -0.185436, -0.806963, -0.393898, 0.440063, 0.296356, 0.374453, 0.878612)
Left_Arm_k7_HumanoidRootPart_Torso_Replace.Parent = Torso_k7_HumanoidRootPart_Torso



--Right Leg
 Right_Leg_k7_HumanoidRootPart_Torso_Replace = Instance.new("Pose")
Right_Leg_k7_HumanoidRootPart_Torso_Replace.Name = "Right Leg"
Right_Leg_k7_HumanoidRootPart_Torso_Replace.CFrame = cf(0.163039, -0.041953, 0.059102, 0.952891, -0.164963, 0.254531, 0.205567, 0.968281, -0.142036, -0.223027, 0.187668, 0.956577)
Right_Leg_k7_HumanoidRootPart_Torso_Replace.Parent = Torso_k7_HumanoidRootPart_Torso



--Head
 Head_k7_HumanoidRootPart_Torso_Head = Instance.new("Pose")
Head_k7_HumanoidRootPart_Torso_Head.Name = "Head"
Head_k7_HumanoidRootPart_Torso_Head.CFrame = cf(0.000000, 0.000000, -0.000000, 0.782428, -0.611013, 0.120294, 0.607309, 0.791404, 0.069687, -0.137780, 0.018531, 0.990290)
Head_k7_HumanoidRootPart_Torso_Head.Parent = Torso_k7_HumanoidRootPart_Torso



-- Keyframe 8 (Time: 0.11874999850988388)
 keyframe8 = Instance.new("Keyframe")
keyframe8.Time = 0.11874999850988388
keyframe8.Parent = KeyframeSequence

--HumanoidRootPart
 HumanoidRootPart_k8_HumanoidRootPart = Instance.new("Pose")
HumanoidRootPart_k8_HumanoidRootPart.Name = "HumanoidRootPart"
HumanoidRootPart_k8_HumanoidRootPart.CFrame = cf(0.000000, 0.000000, 0.000000, 1.000000, 0.000000, 0.000000, 0.000000, 1.000000, 0.000000, 0.000000, 0.000000, 1.000000)
HumanoidRootPart_k8_HumanoidRootPart.Parent = keyframe8



--Torso
 Torso_k8_HumanoidRootPart_Torso = Instance.new("Pose")
Torso_k8_HumanoidRootPart_Torso.Name = "Torso"
Torso_k8_HumanoidRootPart_Torso.CFrame = cf(-0.336235, 0.050434, 0.183203, 0.800186, 0.595145, 0.074188, -0.593975, 0.803520, -0.039369, -0.083041, -0.012564, 0.996467)
Torso_k8_HumanoidRootPart_Torso.Parent = HumanoidRootPart_k8_HumanoidRootPart



--Left Leg
 Left_Leg_k8_HumanoidRootPart_Torso_Replace = Instance.new("Pose")
Left_Leg_k8_HumanoidRootPart_Torso_Replace.Name = "Left Leg"
Left_Leg_k8_HumanoidRootPart_Torso_Replace.CFrame = cf(-0.486896, 0.119080, -0.023193, 0.364975, -0.590209, -0.720032, 0.927274, 0.299724, 0.224340, 0.083403, -0.749546, 0.656677)
Left_Leg_k8_HumanoidRootPart_Torso_Replace.Parent = Torso_k8_HumanoidRootPart_Torso



--Right Arm
 Right_Arm_k8_HumanoidRootPart_Torso_Replace = Instance.new("Pose")
Right_Arm_k8_HumanoidRootPart_Torso_Replace.Name = "Right Arm"
Right_Arm_k8_HumanoidRootPart_Torso_Replace.CFrame = cf(0.521875, -0.374416, -0.492979, -0.828657, -0.195847, 0.524378, 0.559757, -0.289013, 0.776623, -0.000548, 0.937078, 0.349119)
Right_Arm_k8_HumanoidRootPart_Torso_Replace.Parent = Torso_k8_HumanoidRootPart_Torso



--Left Arm
 Left_Arm_k8_HumanoidRootPart_Torso_Replace = Instance.new("Pose")
Left_Arm_k8_HumanoidRootPart_Torso_Replace.Name = "Left Arm"
Left_Arm_k8_HumanoidRootPart_Torso_Replace.CFrame = cf(0.220405, -0.315949, -0.402174, -0.498876, 0.861955, -0.090317, -0.795693, -0.414220, 0.441921, 0.343505, 0.292328, 0.892496)
Left_Arm_k8_HumanoidRootPart_Torso_Replace.Parent = Torso_k8_HumanoidRootPart_Torso



--Right Leg
 Right_Leg_k8_HumanoidRootPart_Torso_Replace = Instance.new("Pose")
Right_Leg_k8_HumanoidRootPart_Torso_Replace.Name = "Right Leg"
Right_Leg_k8_HumanoidRootPart_Torso_Replace.CFrame = cf(0.200683, 0.002027, 0.105012, 0.997721, -0.063552, -0.022684, 0.057951, 0.979200, -0.194446, 0.034570, 0.192688, 0.980651)
Right_Leg_k8_HumanoidRootPart_Torso_Replace.Parent = Torso_k8_HumanoidRootPart_Torso



--Head
 Head_k8_HumanoidRootPart_Torso_Head = Instance.new("Pose")
Head_k8_HumanoidRootPart_Torso_Head.Name = "Head"
Head_k8_HumanoidRootPart_Torso_Head.CFrame = cf(0.000000, 0.000000, -0.000000, 0.809070, -0.573643, 0.127826, 0.568892, 0.819013, 0.074693, -0.147539, 0.012287, 0.988980)
Head_k8_HumanoidRootPart_Torso_Head.Parent = Torso_k8_HumanoidRootPart_Torso



-- Keyframe 9 (Time: 0.1354166716337204)
 keyframe9 = Instance.new("Keyframe")
keyframe9.Time = 0.1354166716337204
keyframe9.Parent = KeyframeSequence

--HumanoidRootPart
 HumanoidRootPart_k9_HumanoidRootPart = Instance.new("Pose")
HumanoidRootPart_k9_HumanoidRootPart.Name = "HumanoidRootPart"
HumanoidRootPart_k9_HumanoidRootPart.CFrame = cf(0.000000, 0.000000, 0.000000, 1.000000, 0.000000, 0.000000, 0.000000, 1.000000, 0.000000, 0.000000, 0.000000, 1.000000)
HumanoidRootPart_k9_HumanoidRootPart.Parent = keyframe9



--Torso
 Torso_k9_HumanoidRootPart_Torso = Instance.new("Pose")
Torso_k9_HumanoidRootPart_Torso.Name = "Torso"
Torso_k9_HumanoidRootPart_Torso.CFrame = cf(-0.388525, 0.066128, 0.231306, 0.830256, 0.550422, 0.087810, -0.548981, 0.834780, -0.041983, -0.096410, -0.013349, 0.995252)
Torso_k9_HumanoidRootPart_Torso.Parent = HumanoidRootPart_k9_HumanoidRootPart



--Left Leg
 Left_Leg_k9_HumanoidRootPart_Torso_Replace = Instance.new("Pose")
Left_Leg_k9_HumanoidRootPart_Torso_Replace.Name = "Left Leg"
Left_Leg_k9_HumanoidRootPart_Torso_Replace.CFrame = cf(-0.541550, 0.070572, -0.062603, 0.205261, -0.549139, -0.810132, 0.975767, 0.178934, 0.125939, 0.075802, -0.816351, 0.572560)
Left_Leg_k9_HumanoidRootPart_Torso_Replace.Parent = Torso_k9_HumanoidRootPart_Torso



--Right Arm
 Right_Arm_k9_HumanoidRootPart_Torso_Replace = Instance.new("Pose")
Right_Arm_k9_HumanoidRootPart_Torso_Replace.Name = "Right Arm"
Right_Arm_k9_HumanoidRootPart_Torso_Replace.CFrame = cf(0.535608, -0.341048, -0.542473, -0.830301, -0.122390, 0.543710, 0.553430, -0.296057, 0.778502, 0.065689, 0.947297, 0.313550)
Right_Arm_k9_HumanoidRootPart_Torso_Replace.Parent = Torso_k9_HumanoidRootPart_Torso



--Left Arm
 Left_Arm_k9_HumanoidRootPart_Torso_Replace = Instance.new("Pose")
Left_Arm_k9_HumanoidRootPart_Torso_Replace.Name = "Left Arm"
Left_Arm_k9_HumanoidRootPart_Torso_Replace.CFrame = cf(0.290741, -0.311573, -0.346484, -0.481551, 0.876417, -0.000808, -0.786172, -0.431558, 0.442370, 0.387352, 0.213659, 0.896832)
Left_Arm_k9_HumanoidRootPart_Torso_Replace.Parent = Torso_k9_HumanoidRootPart_Torso



--Right Leg
 Right_Leg_k9_HumanoidRootPart_Torso_Replace = Instance.new("Pose")
Right_Leg_k9_HumanoidRootPart_Torso_Replace.Name = "Right Leg"
Right_Leg_k9_HumanoidRootPart_Torso_Replace.CFrame = cf(0.055284, -0.033331, 0.150175, 0.958306, -0.062044, -0.278927, -0.004453, 0.972781, -0.231683, 0.285710, 0.223265, 0.931946)
Right_Leg_k9_HumanoidRootPart_Torso_Replace.Parent = Torso_k9_HumanoidRootPart_Torso



--Head
 Head_k9_HumanoidRootPart_Torso_Head = Instance.new("Pose")
Head_k9_HumanoidRootPart_Torso_Head.Name = "Head"
Head_k9_HumanoidRootPart_Torso_Head.CFrame = cf(0.000000, -0.000000, -0.000000, 0.838838, -0.529227, 0.127553, 0.524952, 0.848421, 0.067878, -0.144141, 0.010020, 0.989506)
Head_k9_HumanoidRootPart_Torso_Head.Parent = Torso_k9_HumanoidRootPart_Torso



-- Keyframe 10 (Time: 0.1525000035762787)
 keyframe10 = Instance.new("Keyframe")
keyframe10.Time = 0.1525000035762787
keyframe10.Parent = KeyframeSequence

--HumanoidRootPart
 HumanoidRootPart_k10_HumanoidRootPart = Instance.new("Pose")
HumanoidRootPart_k10_HumanoidRootPart.Name = "HumanoidRootPart"
HumanoidRootPart_k10_HumanoidRootPart.CFrame = cf(0.000000, 0.000000, 0.000000, 1.000000, 0.000000, 0.000000, 0.000000, 1.000000, 0.000000, 0.000000, 0.000000, 1.000000)
HumanoidRootPart_k10_HumanoidRootPart.Parent = keyframe10



--Torso
 Torso_k10_HumanoidRootPart_Torso = Instance.new("Pose")
Torso_k10_HumanoidRootPart_Torso.Name = "Torso"
Torso_k10_HumanoidRootPart_Torso.CFrame = cf(-0.439208, 0.079153, 0.254186, 0.862300, 0.497045, 0.096879, -0.495658, 0.867614, -0.039616, -0.103745, -0.013857, 0.994507)
Torso_k10_HumanoidRootPart_Torso.Parent = HumanoidRootPart_k10_HumanoidRootPart



--Left Leg
 Left_Leg_k10_HumanoidRootPart_Torso_Replace = Instance.new("Pose")
Left_Leg_k10_HumanoidRootPart_Torso_Replace.Name = "Left Leg"
Left_Leg_k10_HumanoidRootPart_Torso_Replace.CFrame = cf(-0.568964, 0.043222, -0.101152, 0.100457, -0.489992, -0.865919, 0.994415, 0.077750, 0.071368, 0.032355, -0.868253, 0.495066)
Left_Leg_k10_HumanoidRootPart_Torso_Replace.Parent = Torso_k10_HumanoidRootPart_Torso



--Right Arm
 Right_Arm_k10_HumanoidRootPart_Torso_Replace = Instance.new("Pose")
Right_Arm_k10_HumanoidRootPart_Torso_Replace.Name = "Right Arm"
Right_Arm_k10_HumanoidRootPart_Torso_Replace.CFrame = cf(0.549896, -0.317812, -0.601263, -0.830357, -0.061066, 0.553876, 0.545436, -0.292509, 0.785454, 0.114049, 0.954311, 0.276194)
Right_Arm_k10_HumanoidRootPart_Torso_Replace.Parent = Torso_k10_HumanoidRootPart_Torso



--Left Arm
 Left_Arm_k10_HumanoidRootPart_Torso_Replace = Instance.new("Pose")
Left_Arm_k10_HumanoidRootPart_Torso_Replace.Name = "Left Arm"
Left_Arm_k10_HumanoidRootPart_Torso_Replace.CFrame = cf(0.345627, -0.318322, -0.293402, -0.459919, 0.884581, 0.077403, -0.780134, -0.444166, 0.440577, 0.424105, 0.142245, 0.894372)
Left_Arm_k10_HumanoidRootPart_Torso_Replace.Parent = Torso_k10_HumanoidRootPart_Torso



--Right Leg
 Right_Leg_k10_HumanoidRootPart_Torso_Replace = Instance.new("Pose")
Right_Leg_k10_HumanoidRootPart_Torso_Replace.Name = "Right Leg"
Right_Leg_k10_HumanoidRootPart_Torso_Replace.CFrame = cf(-0.149894, -0.085187, 0.103139, 0.867235, -0.095497, -0.488654, -0.026780, 0.971067, -0.237301, 0.497178, 0.218882, 0.839586)
Right_Leg_k10_HumanoidRootPart_Torso_Replace.Parent = Torso_k10_HumanoidRootPart_Torso



--Head
 Head_k10_HumanoidRootPart_Torso_Head = Instance.new("Pose")
Head_k10_HumanoidRootPart_Torso_Head.Name = "Head"
Head_k10_HumanoidRootPart_Torso_Head.CFrame = cf(0.000000, 0.000000, 0.000000, 0.870525, -0.477107, 0.120644, 0.474378, 0.878767, 0.052288, -0.130965, 0.011712, 0.991318)
Head_k10_HumanoidRootPart_Torso_Head.Parent = Torso_k10_HumanoidRootPart_Torso



-- Keyframe 11 (Time: 0.16958333551883698)
 keyframe11 = Instance.new("Keyframe")
keyframe11.Time = 0.16958333551883698
keyframe11.Parent = KeyframeSequence

--HumanoidRootPart
 HumanoidRootPart_k11_HumanoidRootPart = Instance.new("Pose")
HumanoidRootPart_k11_HumanoidRootPart.Name = "HumanoidRootPart"
HumanoidRootPart_k11_HumanoidRootPart.CFrame = cf(0.000000, 0.000000, 0.000000, 1.000000, 0.000000, 0.000000, 0.000000, 1.000000, 0.000000, 0.000000, 0.000000, 1.000000)
HumanoidRootPart_k11_HumanoidRootPart.Parent = keyframe11



--Torso
 Torso_k11_HumanoidRootPart_Torso = Instance.new("Pose")
Torso_k11_HumanoidRootPart_Torso.Name = "Torso"
Torso_k11_HumanoidRootPart_Torso.CFrame = cf(-0.487120, 0.089422, 0.267662, 0.894137, 0.436245, 0.101041, -0.435231, 0.899712, -0.033046, -0.105324, -0.014428, 0.994333)
Torso_k11_HumanoidRootPart_Torso.Parent = HumanoidRootPart_k11_HumanoidRootPart



--Left Leg
 Left_Leg_k11_HumanoidRootPart_Torso_Replace = Instance.new("Pose")
Left_Leg_k11_HumanoidRootPart_Torso_Replace.Name = "Left Leg"
Left_Leg_k11_HumanoidRootPart_Torso_Replace.CFrame = cf(-0.589044, 0.035069, -0.139177, 0.047741, -0.419365, -0.906562, 0.998473, -0.005234, 0.055002, -0.027811, -0.907803, 0.418474)
Left_Leg_k11_HumanoidRootPart_Torso_Replace.Parent = Torso_k11_HumanoidRootPart_Torso



--Right Arm
 Right_Arm_k11_HumanoidRootPart_Torso_Replace = Instance.new("Pose")
Right_Arm_k11_HumanoidRootPart_Torso_Replace.Name = "Right Arm"
Right_Arm_k11_HumanoidRootPart_Torso_Replace.CFrame = cf(0.564207, -0.304231, -0.666570, -0.830922, -0.013020, 0.556236, 0.537131, -0.279514, 0.795841, 0.145114, 0.960053, 0.239248)
Right_Arm_k11_HumanoidRootPart_Torso_Replace.Parent = Torso_k11_HumanoidRootPart_Torso



--Left Arm
 Left_Arm_k11_HumanoidRootPart_Torso_Replace = Instance.new("Pose")
Left_Arm_k11_HumanoidRootPart_Torso_Replace.Name = "Left Arm"
Left_Arm_k11_HumanoidRootPart_Torso_Replace.CFrame = cf(0.384514, -0.333904, -0.243822, -0.436269, 0.888497, 0.142276, -0.777531, -0.451822, 0.437382, 0.452896, 0.080192, 0.887950)
Left_Arm_k11_HumanoidRootPart_Torso_Replace.Parent = Torso_k11_HumanoidRootPart_Torso



--Right Leg
 Right_Leg_k11_HumanoidRootPart_Torso_Replace = Instance.new("Pose")
Right_Leg_k11_HumanoidRootPart_Torso_Replace.Name = "Right Leg"
Right_Leg_k11_HumanoidRootPart_Torso_Replace.CFrame = cf(-0.417364, -0.110477, -0.092244, 0.734010, -0.169140, -0.657740, 0.035032, 0.976631, -0.212050, 0.678235, 0.132605, 0.722782)
Right_Leg_k11_HumanoidRootPart_Torso_Replace.Parent = Torso_k11_HumanoidRootPart_Torso



--Head
 Head_k11_HumanoidRootPart_Torso_Head = Instance.new("Pose")
Head_k11_HumanoidRootPart_Torso_Head.Name = "Head"
Head_k11_HumanoidRootPart_Torso_Head.CFrame = cf(0.000000, -0.000000, 0.000000, 0.901382, -0.418353, 0.111764, 0.417259, 0.908146, 0.034141, -0.115781, 0.015860, 0.993148)
Head_k11_HumanoidRootPart_Torso_Head.Parent = Torso_k11_HumanoidRootPart_Torso



-- Keyframe 12 (Time: 0.1862500011920929)
 keyframe12 = Instance.new("Keyframe")
keyframe12.Time = 0.1862500011920929
keyframe12.Parent = KeyframeSequence

--HumanoidRootPart
 HumanoidRootPart_k12_HumanoidRootPart = Instance.new("Pose")
HumanoidRootPart_k12_HumanoidRootPart.Name = "HumanoidRootPart"
HumanoidRootPart_k12_HumanoidRootPart.CFrame = cf(0.000000, 0.000000, 0.000000, 1.000000, 0.000000, 0.000000, 0.000000, 1.000000, 0.000000, 0.000000, 0.000000, 1.000000)
HumanoidRootPart_k12_HumanoidRootPart.Parent = keyframe12



--Torso
 Torso_k12_HumanoidRootPart_Torso = Instance.new("Pose")
Torso_k12_HumanoidRootPart_Torso.Name = "Torso"
Torso_k12_HumanoidRootPart_Torso.CFrame = cf(-0.531033, 0.097142, 0.267185, 0.923500, 0.370275, 0.100220, -0.369841, 0.928796, -0.023566, -0.101810, -0.015302, 0.994686)
Torso_k12_HumanoidRootPart_Torso.Parent = HumanoidRootPart_k12_HumanoidRootPart



--Left Leg
 Left_Leg_k12_HumanoidRootPart_Torso_Replace = Instance.new("Pose")
Left_Leg_k12_HumanoidRootPart_Torso_Replace.Name = "Left Leg"
Left_Leg_k12_HumanoidRootPart_Torso_Replace.CFrame = cf(-0.631723, -0.364288, -0.180201, -0.050946, -0.338792, -0.939481, 0.948340, -0.311363, 0.060856, -0.313137, -0.887847, 0.337152)
Left_Leg_k12_HumanoidRootPart_Torso_Replace.Parent = Torso_k12_HumanoidRootPart_Torso



--Right Arm
 Right_Arm_k12_HumanoidRootPart_Torso_Replace = Instance.new("Pose")
Right_Arm_k12_HumanoidRootPart_Torso_Replace.Name = "Right Arm"
Right_Arm_k12_HumanoidRootPart_Torso_Replace.CFrame = cf(0.578005, -0.298462, -0.734237, -0.833136, 0.021270, 0.552659, 0.529217, -0.259624, 0.807790, 0.160665, 0.965476, 0.205045)
Right_Arm_k12_HumanoidRootPart_Torso_Replace.Parent = Torso_k12_HumanoidRootPart_Torso



--Left Arm
 Left_Arm_k12_HumanoidRootPart_Torso_Replace = Instance.new("Pose")
Left_Arm_k12_HumanoidRootPart_Torso_Replace.Name = "Left Arm"
Left_Arm_k12_HumanoidRootPart_Torso_Replace.CFrame = cf(0.407630, -0.354839, -0.198080, -0.412892, 0.890125, 0.192869, -0.777837, -0.454789, 0.433747, 0.473804, 0.029071, 0.880151)
Left_Arm_k12_HumanoidRootPart_Torso_Replace.Parent = Torso_k12_HumanoidRootPart_Torso



--Right Leg
 Right_Leg_k12_HumanoidRootPart_Torso_Replace = Instance.new("Pose")
Right_Leg_k12_HumanoidRootPart_Torso_Replace.Name = "Right Leg"
Right_Leg_k12_HumanoidRootPart_Torso_Replace.CFrame = cf(-0.465496, -0.086840, -0.168627, 0.604276, -0.119802, -0.787717, -0.020972, 0.985898, -0.166030, 0.796499, 0.116848, 0.593242)
Right_Leg_k12_HumanoidRootPart_Torso_Replace.Parent = Torso_k12_HumanoidRootPart_Torso



--Head
 Head_k12_HumanoidRootPart_Torso_Head = Instance.new("Pose")
Head_k12_HumanoidRootPart_Torso_Head.Name = "Head"
Head_k12_HumanoidRootPart_Torso_Head.CFrame = cf(0.000000, -0.000000, 0.000000, 0.929307, -0.354950, 0.101974, 0.355251, 0.934637, 0.015802, -0.100918, 0.021542, 0.994662)
Head_k12_HumanoidRootPart_Torso_Head.Parent = Torso_k12_HumanoidRootPart_Torso



-- Keyframe 13 (Time: 0.20333333313465118)
 keyframe13 = Instance.new("Keyframe")
keyframe13.Time = 0.20333333313465118
keyframe13.Parent = KeyframeSequence

--HumanoidRootPart
 HumanoidRootPart_k13_HumanoidRootPart = Instance.new("Pose")
HumanoidRootPart_k13_HumanoidRootPart.Name = "HumanoidRootPart"
HumanoidRootPart_k13_HumanoidRootPart.CFrame = cf(0.000000, 0.000000, 0.000000, 1.000000, 0.000000, 0.000000, 0.000000, 1.000000, 0.000000, 0.000000, 0.000000, 1.000000)
HumanoidRootPart_k13_HumanoidRootPart.Parent = keyframe13



--Torso
 Torso_k13_HumanoidRootPart_Torso = Instance.new("Pose")
Torso_k13_HumanoidRootPart_Torso.Name = "Torso"
Torso_k13_HumanoidRootPart_Torso.CFrame = cf(-0.569717, 0.102521, 0.244318, 0.948639, 0.301914, 0.094508, -0.302114, 0.953189, -0.012524, -0.093865, -0.016672, 0.995445)
Torso_k13_HumanoidRootPart_Torso.Parent = HumanoidRootPart_k13_HumanoidRootPart



--Left Leg
 Left_Leg_k13_HumanoidRootPart_Torso_Replace = Instance.new("Pose")
Left_Leg_k13_HumanoidRootPart_Torso_Replace.Name = "Left Leg"
Left_Leg_k13_HumanoidRootPart_Torso_Replace.CFrame = cf(-0.666999, -0.574405, -0.221190, -0.061262, -0.254018, -0.965257, 0.863466, -0.498587, 0.076407, -0.500674, -0.828786, 0.249880)
Left_Leg_k13_HumanoidRootPart_Torso_Replace.Parent = Torso_k13_HumanoidRootPart_Torso



--Right Arm
 Right_Arm_k13_HumanoidRootPart_Torso_Replace = Instance.new("Pose")
Right_Arm_k13_HumanoidRootPart_Torso_Replace.Name = "Right Arm"
Right_Arm_k13_HumanoidRootPart_Torso_Replace.CFrame = cf(0.590673, -0.298588, -0.799887, -0.837331, 0.041524, 0.545116, 0.522003, -0.235560, 0.819771, 0.162448, 0.970972, 0.175566)
Right_Arm_k13_HumanoidRootPart_Torso_Replace.Parent = Torso_k13_HumanoidRootPart_Torso



--Left Arm
 Left_Arm_k13_HumanoidRootPart_Torso_Replace = Instance.new("Pose")
Left_Arm_k13_HumanoidRootPart_Torso_Replace.Name = "Left Arm"
Left_Arm_k13_HumanoidRootPart_Torso_Replace.CFrame = cf(0.415269, -0.377618, -0.156470, -0.391790, 0.891257, 0.228389, -0.780532, -0.453396, 0.430351, 0.487104, -0.009658, 0.873290)
Left_Arm_k13_HumanoidRootPart_Torso_Replace.Parent = Torso_k13_HumanoidRootPart_Torso



--Right Leg
 Right_Leg_k13_HumanoidRootPart_Torso_Replace = Instance.new("Pose")
Right_Leg_k13_HumanoidRootPart_Torso_Replace.Name = "Right Leg"
Right_Leg_k13_HumanoidRootPart_Torso_Replace.CFrame = cf(-0.492504, -0.058067, -0.244827, 0.468714, -0.071260, -0.880471, -0.056101, 0.992327, -0.110179, 0.881567, 0.101038, 0.461120)
Right_Leg_k13_HumanoidRootPart_Torso_Replace.Parent = Torso_k13_HumanoidRootPart_Torso



--Head
 Head_k13_HumanoidRootPart_Torso_Head = Instance.new("Pose")
Head_k13_HumanoidRootPart_Torso_Head.Name = "Head"
Head_k13_HumanoidRootPart_Torso_Head.CFrame = cf(0.000000, -0.000000, -0.000000, 0.952720, -0.289324, 0.092825, 0.290657, 0.956827, -0.000872, -0.088565, 0.027811, 0.995682)
Head_k13_HumanoidRootPart_Torso_Head.Parent = Torso_k13_HumanoidRootPart_Torso



-- Keyframe 14 (Time: 0.22041666507720947)
 keyframe14 = Instance.new("Keyframe")
keyframe14.Time = 0.22041666507720947
keyframe14.Parent = KeyframeSequence

--HumanoidRootPart
 HumanoidRootPart_k14_HumanoidRootPart = Instance.new("Pose")
HumanoidRootPart_k14_HumanoidRootPart.Name = "HumanoidRootPart"
HumanoidRootPart_k14_HumanoidRootPart.CFrame = cf(0.000000, 0.000000, 0.000000, 1.000000, 0.000000, 0.000000, 0.000000, 1.000000, 0.000000, 0.000000, 0.000000, 1.000000)
HumanoidRootPart_k14_HumanoidRootPart.Parent = keyframe14



--Torso
 Torso_k14_HumanoidRootPart_Torso = Instance.new("Pose")
Torso_k14_HumanoidRootPart_Torso.Name = "Torso"
Torso_k14_HumanoidRootPart_Torso.CFrame = cf(-0.601944, 0.105767, 0.182909, 0.968501, 0.234333, 0.084228, -0.235068, 0.971978, -0.001231, -0.082157, -0.018607, 0.996446)
Torso_k14_HumanoidRootPart_Torso.Parent = HumanoidRootPart_k14_HumanoidRootPart



--Left Leg
 Left_Leg_k14_HumanoidRootPart_Torso_Replace = Instance.new("Pose")
Left_Leg_k14_HumanoidRootPart_Torso_Replace.Name = "Left Leg"
Left_Leg_k14_HumanoidRootPart_Torso_Replace.CFrame = cf(-0.694121, -0.707535, -0.243499, -0.033560, -0.179379, -0.983207, 0.760135, -0.643302, 0.091420, -0.648898, -0.744302, 0.157941)
Left_Leg_k14_HumanoidRootPart_Torso_Replace.Parent = Torso_k14_HumanoidRootPart_Torso



--Right Arm
 Right_Arm_k14_HumanoidRootPart_Torso_Replace = Instance.new("Pose")
Right_Arm_k14_HumanoidRootPart_Torso_Replace.Name = "Right Arm"
Right_Arm_k14_HumanoidRootPart_Torso_Replace.CFrame = cf(0.601533, -0.302664, -0.858970, -0.843187, 0.047616, 0.535508, 0.515663, -0.210127, 0.830625, 0.152076, 0.976514, 0.152623)
Right_Arm_k14_HumanoidRootPart_Torso_Replace.Parent = Torso_k14_HumanoidRootPart_Torso



--Left Arm
 Left_Arm_k14_HumanoidRootPart_Torso_Replace = Instance.new("Pose")
Left_Arm_k14_HumanoidRootPart_Torso_Replace.Name = "Left Arm"
Left_Arm_k14_HumanoidRootPart_Torso_Replace.CFrame = cf(0.407850, -0.398726, -0.119296, -0.374673, 0.893373, 0.248002, -0.785148, -0.447989, 0.427608, 0.493116, -0.034505, 0.869279)
