-- KeyframeSequence Export: R15ToR6ConvertedAnimation
-- Generated on 2025-09-02 15:02:32

local KeyframeSequence = Instance.new("KeyframeSequence")
KeyframeSequence.Name = "Tenna2"
local cf=CFrame.new

-- Keyframe 1 (Time: 0)
local keyframe1 = Instance.new("Keyframe")
keyframe1.Time = 0
keyframe1.Parent = KeyframeSequence

--HumanoidRootPart
local HumanoidRootPart_k1_HumanoidRootPart = Instance.new("Pose")
HumanoidRootPart_k1_HumanoidRootPart.Name = "HumanoidRootPart"
HumanoidRootPart_k1_HumanoidRootPart.CFrame = cf(0.000000, 0.000000, 0.000000, 1.000000, 0.000000, 0.000000, 0.000000, 1.000000, 0.000000, 0.000000, 0.000000, 1.000000)
HumanoidRootPart_k1_HumanoidRootPart.Parent = keyframe1



--Torso
local Torso_k1_HumanoidRootPart_Torso = Instance.new("Pose")
Torso_k1_HumanoidRootPart_Torso.Name = "Torso"
Torso_k1_HumanoidRootPart_Torso.CFrame = cf(0.048912, -0.185284, -0.355716, 0.999709, -0.015831, -0.018181, 0.010922, 0.969754, -0.243842, 0.021492, 0.243573, 0.969645)
Torso_k1_HumanoidRootPart_Torso.Parent = HumanoidRootPart_k1_HumanoidRootPart



--Left Leg
local Left_Leg_k1_HumanoidRootPart_Torso = Instance.new("Pose")
Left_Leg_k1_HumanoidRootPart_Torso.Name = "Left Leg"
Left_Leg_k1_HumanoidRootPart_Torso.CFrame = cf(-0.684691, 0.412211, 0.037472, 0.963395, -0.229848, 0.137990, 0.159408, 0.904974, 0.394477, -0.215547, -0.358040, 0.908486)
Left_Leg_k1_HumanoidRootPart_Torso.Parent = Torso_k1_HumanoidRootPart_Torso



--Right Arm
local Right_Arm_k1_HumanoidRootPart_Torso = Instance.new("Pose")
Right_Arm_k1_HumanoidRootPart_Torso.Name = "Right Arm"
Right_Arm_k1_HumanoidRootPart_Torso.CFrame = cf(-0.008396, -0.609621, 0.211976, -0.691327, -0.269655, 0.670339, 0.719892, -0.336457, 0.607086, 0.061837, 0.902266, 0.426723)
Right_Arm_k1_HumanoidRootPart_Torso.Parent = Torso_k1_HumanoidRootPart_Torso



--Head
local Head_k1_HumanoidRootPart_Torso_Head = Instance.new("Pose")
Head_k1_HumanoidRootPart_Torso_Head.Name = "Head"
Head_k1_HumanoidRootPart_Torso_Head.CFrame = cf(0.004289, 0.048975, -0.005973, 0.998269, -0.017161, -0.056246, -0.000125, 0.955854, -0.293843, 0.058806, 0.293341, 0.954198)
Head_k1_HumanoidRootPart_Torso_Head.Parent = Torso_k1_HumanoidRootPart_Torso



--Left Arm
local Left_Arm_k1_HumanoidRootPart_Torso = Instance.new("Pose")
Left_Arm_k1_HumanoidRootPart_Torso.Name = "Left Arm"
Left_Arm_k1_HumanoidRootPart_Torso.CFrame = cf(0.534495, -0.593159, 0.241733, -0.564141, 0.779351, -0.272687, -0.763170, -0.366122, 0.532473, 0.315146, 0.508496, 0.801321)
Left_Arm_k1_HumanoidRootPart_Torso.Parent = Torso_k1_HumanoidRootPart_Torso



--Right Leg
local Right_Leg_k1_HumanoidRootPart_Torso = Instance.new("Pose")
Right_Leg_k1_HumanoidRootPart_Torso.Name = "Right Leg"
Right_Leg_k1_HumanoidRootPart_Torso.CFrame = cf(0.764207, 0.431582, 0.022280, 0.967431, 0.252971, -0.009068, -0.241998, 0.934789, 0.260013, 0.074252, -0.249350, 0.965563)
Right_Leg_k1_HumanoidRootPart_Torso.Parent = Torso_k1_HumanoidRootPart_Torso



-- Keyframe 2 (Time: 0.03333333507180214)
 keyframe2 = Instance.new("Keyframe")
keyframe2.Time = 0.03333333507180214
keyframe2.Parent = KeyframeSequence

--HumanoidRootPart
 HumanoidRootPart_k2_HumanoidRootPart = Instance.new("Pose")
HumanoidRootPart_k2_HumanoidRootPart.Name = "HumanoidRootPart"
HumanoidRootPart_k2_HumanoidRootPart.CFrame = cf(0.000000, 0.000000, 0.000000, 1.000000, 0.000000, 0.000000, 0.000000, 1.000000, 0.000000, 0.000000, 0.000000, 1.000000)
HumanoidRootPart_k2_HumanoidRootPart.Parent = keyframe2



--Torso
 Torso_k2_HumanoidRootPart_Torso = Instance.new("Pose")
Torso_k2_HumanoidRootPart_Torso.Name = "Torso"
Torso_k2_HumanoidRootPart_Torso.CFrame = cf(0.113239, -0.147911, -0.329250, 0.998563, 0.053361, -0.004874, -0.053365, 0.982176, -0.180231, -0.004830, 0.180232, 0.983612)
Torso_k2_HumanoidRootPart_Torso.Parent = HumanoidRootPart_k2_HumanoidRootPart



--Left Leg
 Left_Leg_k2_HumanoidRootPart_Torso = Instance.new("Pose")
Left_Leg_k2_HumanoidRootPart_Torso.Name = "Left Leg"
Left_Leg_k2_HumanoidRootPart_Torso.CFrame = cf(-0.690383, 0.343785, 0.055865, 0.930585, -0.345433, 0.121197, 0.274751, 0.877825, 0.392346, -0.241919, -0.331812, 0.911798)
Left_Leg_k2_HumanoidRootPart_Torso.Parent = Torso_k2_HumanoidRootPart_Torso



--Right Arm
 Right_Arm_k2_HumanoidRootPart_Torso = Instance.new("Pose")
Right_Arm_k2_HumanoidRootPart_Torso.Name = "Right Arm"
Right_Arm_k2_HumanoidRootPart_Torso.CFrame = cf(0.199744, -0.522607, 0.064959, -0.732631, -0.382410, 0.563041, 0.673044, -0.283910, 0.682939, -0.101310, 0.879294, 0.465380)
Right_Arm_k2_HumanoidRootPart_Torso.Parent = Torso_k2_HumanoidRootPart_Torso



--Head
 Head_k2_HumanoidRootPart_Torso_Head = Instance.new("Pose")
Head_k2_HumanoidRootPart_Torso_Head.Name = "Head"
Head_k2_HumanoidRootPart_Torso_Head.CFrame = cf(-0.000965, 0.036305, -0.003186, 0.999613, -0.005284, -0.027321, -0.002399, 0.961789, -0.273782, 0.027724, 0.273742, 0.961404)
Head_k2_HumanoidRootPart_Torso_Head.Parent = Torso_k2_HumanoidRootPart_Torso



--Left Arm
 Left_Arm_k2_HumanoidRootPart_Torso = Instance.new("Pose")
Left_Arm_k2_HumanoidRootPart_Torso.Name = "Left Arm"
Left_Arm_k2_HumanoidRootPart_Torso.CFrame = cf(0.112457, -0.619210, 0.304483, -0.665495, 0.743885, -0.061259, -0.585521, -0.469392, 0.660936, 0.462906, 0.475717, 0.747938)
Left_Arm_k2_HumanoidRootPart_Torso.Parent = Torso_k2_HumanoidRootPart_Torso



--Right Leg
 Right_Leg_k2_HumanoidRootPart_Torso = Instance.new("Pose")
Right_Leg_k2_HumanoidRootPart_Torso.Name = "Right Leg"
Right_Leg_k2_HumanoidRootPart_Torso.CFrame = cf(0.727023, 0.373563, 0.056233, 0.968693, 0.247894, 0.013525, -0.244046, 0.940833, 0.235106, 0.045557, -0.231047, 0.971876)
Right_Leg_k2_HumanoidRootPart_Torso.Parent = Torso_k2_HumanoidRootPart_Torso



-- Keyframe 3 (Time: 0.06666667014360428)
 keyframe3 = Instance.new("Keyframe")
keyframe3.Time = 0.06666667014360428
keyframe3.Parent = KeyframeSequence

--HumanoidRootPart
 HumanoidRootPart_k3_HumanoidRootPart = Instance.new("Pose")
HumanoidRootPart_k3_HumanoidRootPart.Name = "HumanoidRootPart"
HumanoidRootPart_k3_HumanoidRootPart.CFrame = cf(0.000000, 0.000000, 0.000000, 1.000000, 0.000000, 0.000000, 0.000000, 1.000000, 0.000000, 0.000000, 0.000000, 1.000000)
HumanoidRootPart_k3_HumanoidRootPart.Parent = keyframe3



--Torso
 Torso_k3_HumanoidRootPart_Torso = Instance.new("Pose")
Torso_k3_HumanoidRootPart_Torso.Name = "Torso"
Torso_k3_HumanoidRootPart_Torso.CFrame = cf(0.242271, -0.135441, -0.247228, 0.990549, 0.122779, 0.061145, -0.115264, 0.986757, -0.114124, -0.074348, 0.105998, 0.991583)
Torso_k3_HumanoidRootPart_Torso.Parent = HumanoidRootPart_k3_HumanoidRootPart



--Left Leg
 Left_Leg_k3_HumanoidRootPart_Torso = Instance.new("Pose")
Left_Leg_k3_HumanoidRootPart_Torso.Name = "Left Leg"
Left_Leg_k3_HumanoidRootPart_Torso.CFrame = cf(-0.594531, 0.280510, 0.052789, 0.894701, -0.424162, 0.139991, 0.331246, 0.840329, 0.429095, -0.299645, -0.337540, 0.892345)
Left_Leg_k3_HumanoidRootPart_Torso.Parent = Torso_k3_HumanoidRootPart_Torso



--Right Arm
 Right_Arm_k3_HumanoidRootPart_Torso = Instance.new("Pose")
Right_Arm_k3_HumanoidRootPart_Torso.Name = "Right Arm"
Right_Arm_k3_HumanoidRootPart_Torso.CFrame = cf(0.343914, -0.289140, -0.221873, -0.572441, -0.686855, 0.447820, 0.714407, -0.149760, 0.683517, -0.402411, 0.711198, 0.576422)
Right_Arm_k3_HumanoidRootPart_Torso.Parent = Torso_k3_HumanoidRootPart_Torso



--Head
 Head_k3_HumanoidRootPart_Torso_Head = Instance.new("Pose")
Head_k3_HumanoidRootPart_Torso_Head.Name = "Head"
Head_k3_HumanoidRootPart_Torso_Head.CFrame = cf(-0.014876, 0.021464, -0.001595, 0.998838, -0.003353, -0.048069, -0.009419, 0.964749, -0.263006, 0.047256, 0.263153, 0.963596)
Head_k3_HumanoidRootPart_Torso_Head.Parent = Torso_k3_HumanoidRootPart_Torso



--Left Arm
 Left_Arm_k3_HumanoidRootPart_Torso = Instance.new("Pose")
Left_Arm_k3_HumanoidRootPart_Torso.Name = "Left Arm"
Left_Arm_k3_HumanoidRootPart_Torso.CFrame = cf(-0.332992, -0.431461, 0.279687, -0.585688, 0.807122, 0.074324, -0.508347, -0.437202, 0.741915, 0.631310, 0.396749, 0.666362)
Left_Arm_k3_HumanoidRootPart_Torso.Parent = Torso_k3_HumanoidRootPart_Torso



--Right Leg
 Right_Leg_k3_HumanoidRootPart_Torso = Instance.new("Pose")
Right_Leg_k3_HumanoidRootPart_Torso.Name = "Right Leg"
Right_Leg_k3_HumanoidRootPart_Torso.CFrame = cf(0.528591, 0.234451, 0.098641, 0.984030, 0.176037, -0.026390, -0.168001, 0.967468, 0.189160, 0.058830, -0.181706, 0.981592)
Right_Leg_k3_HumanoidRootPart_Torso.Parent = Torso_k3_HumanoidRootPart_Torso



-- Keyframe 4 (Time: 0.10000000149011612)
 keyframe4 = Instance.new("Keyframe")
keyframe4.Time = 0.10000000149011612
keyframe4.Parent = KeyframeSequence

--HumanoidRootPart
 HumanoidRootPart_k4_HumanoidRootPart = Instance.new("Pose")
HumanoidRootPart_k4_HumanoidRootPart.Name = "HumanoidRootPart"
HumanoidRootPart_k4_HumanoidRootPart.CFrame = cf(0.000000, 0.000000, 0.000000, 1.000000, 0.000000, 0.000000, 0.000000, 1.000000, 0.000000, 0.000000, 0.000000, 1.000000)
HumanoidRootPart_k4_HumanoidRootPart.Parent = keyframe4



--Torso
 Torso_k4_HumanoidRootPart_Torso = Instance.new("Pose")
Torso_k4_HumanoidRootPart_Torso.Name = "Torso"
Torso_k4_HumanoidRootPart_Torso.CFrame = cf(0.330296, -0.137135, -0.215079, 0.977272, 0.180929, 0.110472, -0.171656, 0.981180, -0.088435, -0.124393, 0.067461, 0.989937)
Torso_k4_HumanoidRootPart_Torso.Parent = HumanoidRootPart_k4_HumanoidRootPart



--Left Leg
 Left_Leg_k4_HumanoidRootPart_Torso = Instance.new("Pose")
Left_Leg_k4_HumanoidRootPart_Torso.Name = "Left Leg"
Left_Leg_k4_HumanoidRootPart_Torso.CFrame = cf(-0.536562, 0.265087, 0.065312, 0.857916, -0.482026, 0.177853, 0.360163, 0.811082, 0.460900, -0.366419, -0.331357, 0.869448)
Left_Leg_k4_HumanoidRootPart_Torso.Parent = Torso_k4_HumanoidRootPart_Torso



--Right Arm
 Right_Arm_k4_HumanoidRootPart_Torso = Instance.new("Pose")
Right_Arm_k4_HumanoidRootPart_Torso.Name = "Right Arm"
Right_Arm_k4_HumanoidRootPart_Torso.CFrame = cf(0.399897, -0.121637, -0.343650, -0.390394, -0.840862, 0.374892, 0.732915, -0.037419, 0.679291, -0.557162, 0.539955, 0.630888)
Right_Arm_k4_HumanoidRootPart_Torso.Parent = Torso_k4_HumanoidRootPart_Torso



--Head
 Head_k4_HumanoidRootPart_Torso_Head = Instance.new("Pose")
Head_k4_HumanoidRootPart_Torso_Head.Name = "Head"
Head_k4_HumanoidRootPart_Torso_Head.CFrame = cf(-0.024887, 0.013749, -0.001923, 0.996327, -0.002537, -0.085595, -0.020276, 0.964148, -0.264592, 0.083198, 0.265356, 0.960555)
Head_k4_HumanoidRootPart_Torso_Head.Parent = Torso_k4_HumanoidRootPart_Torso



--Left Arm
 Left_Arm_k4_HumanoidRootPart_Torso = Instance.new("Pose")
Left_Arm_k4_HumanoidRootPart_Torso.Name = "Left Arm"
Left_Arm_k4_HumanoidRootPart_Torso.CFrame = cf(-0.497960, -0.276016, 0.189839, -0.492833, 0.868906, 0.046025, -0.487857, -0.319731, 0.812261, 0.720494, 0.377856, 0.581476)
Left_Arm_k4_HumanoidRootPart_Torso.Parent = Torso_k4_HumanoidRootPart_Torso



--Right Leg
 Right_Leg_k4_HumanoidRootPart_Torso = Instance.new("Pose")
Right_Leg_k4_HumanoidRootPart_Torso.Name = "Right Leg"
Right_Leg_k4_HumanoidRootPart_Torso.CFrame = cf(0.455213, 0.173919, 0.103308, 0.990357, 0.132115, -0.041705, -0.123544, 0.978410, 0.165683, 0.062694, -0.158933, 0.985297)
Right_Leg_k4_HumanoidRootPart_Torso.Parent = Torso_k4_HumanoidRootPart_Torso



-- Keyframe 5 (Time: 0.13333334028720856)
 keyframe5 = Instance.new("Keyframe")
keyframe5.Time = 0.13333334028720856
keyframe5.Parent = KeyframeSequence

--HumanoidRootPart
 HumanoidRootPart_k5_HumanoidRootPart = Instance.new("Pose")
HumanoidRootPart_k5_HumanoidRootPart.Name = "HumanoidRootPart"
HumanoidRootPart_k5_HumanoidRootPart.CFrame = cf(0.000000, 0.000000, 0.000000, 1.000000, 0.000000, 0.000000, 0.000000, 1.000000, 0.000000, 0.000000, 0.000000, 1.000000)
HumanoidRootPart_k5_HumanoidRootPart.Parent = keyframe5



--Torso
 Torso_k5_HumanoidRootPart_Torso = Instance.new("Pose")
Torso_k5_HumanoidRootPart_Torso.Name = "Torso"
Torso_k5_HumanoidRootPart_Torso.CFrame = cf(0.410351, -0.140598, -0.218700, 0.956966, 0.248703, 0.149544, -0.240567, 0.968067, -0.070523, -0.162308, 0.031513, 0.986237)
Torso_k5_HumanoidRootPart_Torso.Parent = HumanoidRootPart_k5_HumanoidRootPart



--Left Leg
 Left_Leg_k5_HumanoidRootPart_Torso = Instance.new("Pose")
Left_Leg_k5_HumanoidRootPart_Torso.Name = "Left Leg"
Left_Leg_k5_HumanoidRootPart_Torso.CFrame = cf(-0.510348, 0.255406, 0.097020, 0.794878, -0.562548, 0.227397, 0.409019, 0.773590, 0.484007, -0.448189, -0.291717, 0.845002)
Left_Leg_k5_HumanoidRootPart_Torso.Parent = Torso_k5_HumanoidRootPart_Torso



--Right Arm
 Right_Arm_k5_HumanoidRootPart_Torso = Instance.new("Pose")
Right_Arm_k5_HumanoidRootPart_Torso.Name = "Right Arm"
Right_Arm_k5_HumanoidRootPart_Torso.CFrame = cf(0.463488, -0.013370, -0.378668, -0.265774, -0.919403, 0.289936, 0.712667, 0.015156, 0.701339, -0.649207, 0.393026, 0.651200)
Right_Arm_k5_HumanoidRootPart_Torso.Parent = Torso_k5_HumanoidRootPart_Torso



--Head
 Head_k5_HumanoidRootPart_Torso_Head = Instance.new("Pose")
Head_k5_HumanoidRootPart_Torso_Head.Name = "Head"
Head_k5_HumanoidRootPart_Torso_Head.CFrame = cf(-0.032465, 0.006564, -0.002665, 0.993662, 0.000921, -0.112407, -0.030568, 0.964497, -0.262318, 0.108175, 0.264092, 0.958413)
Head_k5_HumanoidRootPart_Torso_Head.Parent = Torso_k5_HumanoidRootPart_Torso



--Left Arm
 Left_Arm_k5_HumanoidRootPart_Torso = Instance.new("Pose")
Left_Arm_k5_HumanoidRootPart_Torso.Name = "Left Arm"
Left_Arm_k5_HumanoidRootPart_Torso.CFrame = cf(-0.594372, -0.158614, 0.074376, -0.431189, 0.902190, 0.011367, -0.428634, -0.215912, 0.877301, 0.793946, 0.373410, 0.479808)
Left_Arm_k5_HumanoidRootPart_Torso.Parent = Torso_k5_HumanoidRootPart_Torso



--Right Leg
 Right_Leg_k5_HumanoidRootPart_Torso = Instance.new("Pose")
Right_Leg_k5_HumanoidRootPart_Torso.Name = "Right Leg"
Right_Leg_k5_HumanoidRootPart_Torso.CFrame = cf(0.475687, 0.143205, 0.100432, 0.990748, 0.129811, -0.039603, -0.122777, 0.981626, 0.146074, 0.057837, -0.139860, 0.988481)
Right_Leg_k5_HumanoidRootPart_Torso.Parent = Torso_k5_HumanoidRootPart_Torso



-- Keyframe 6 (Time: 0.1666666716337204)
 keyframe6 = Instance.new("Keyframe")
keyframe6.Time = 0.1666666716337204
keyframe6.Parent = KeyframeSequence

--HumanoidRootPart
 HumanoidRootPart_k6_HumanoidRootPart = Instance.new("Pose")
HumanoidRootPart_k6_HumanoidRootPart.Name = "HumanoidRootPart"
HumanoidRootPart_k6_HumanoidRootPart.CFrame = cf(0.000000, 0.000000, 0.000000, 1.000000, 0.000000, 0.000000, 0.000000, 1.000000, 0.000000, 0.000000, 0.000000, 1.000000)
HumanoidRootPart_k6_HumanoidRootPart.Parent = keyframe6



--Torso
 Torso_k6_HumanoidRootPart_Torso = Instance.new("Pose")
Torso_k6_HumanoidRootPart_Torso.Name = "Torso"
Torso_k6_HumanoidRootPart_Torso.CFrame = cf(0.500458, -0.151173, -0.252193, 0.929217, 0.317657, 0.188813, -0.314018, 0.948115, -0.049701, -0.194804, -0.013108, 0.980755)
Torso_k6_HumanoidRootPart_Torso.Parent = HumanoidRootPart_k6_HumanoidRootPart



--Left Leg
 Left_Leg_k6_HumanoidRootPart_Torso = Instance.new("Pose")
Left_Leg_k6_HumanoidRootPart_Torso.Name = "Left Leg"
Left_Leg_k6_HumanoidRootPart_Torso.CFrame = cf(-0.500038, 0.239903, 0.148803, 0.696943, -0.661880, 0.276019, 0.482402, 0.717501, 0.502475, -0.530622, -0.217044, 0.819349)
Left_Leg_k6_HumanoidRootPart_Torso.Parent = Torso_k6_HumanoidRootPart_Torso



--Right Arm
 Right_Arm_k6_HumanoidRootPart_Torso = Instance.new("Pose")
Right_Arm_k6_HumanoidRootPart_Torso.Name = "Right Arm"
Right_Arm_k6_HumanoidRootPart_Torso.CFrame = cf(0.532349, 0.018230, -0.337458, -0.181319, -0.961114, 0.208289, 0.687861, 0.027422, 0.725324, -0.702830, 0.274789, 0.656140)
Right_Arm_k6_HumanoidRootPart_Torso.Parent = Torso_k6_HumanoidRootPart_Torso



--Head
 Head_k6_HumanoidRootPart_Torso_Head = Instance.new("Pose")
Head_k6_HumanoidRootPart_Torso_Head.Name = "Head"
Head_k6_HumanoidRootPart_Torso_Head.CFrame = cf(-0.038961, -0.002357, -0.003758, 0.992649, 0.010766, -0.120549, -0.042877, 0.962717, -0.267092, 0.113179, 0.270297, 0.956102)
Head_k6_HumanoidRootPart_Torso_Head.Parent = Torso_k6_HumanoidRootPart_Torso



--Left Arm
 Left_Arm_k6_HumanoidRootPart_Torso = Instance.new("Pose")
Left_Arm_k6_HumanoidRootPart_Torso.Name = "Left Arm"
Left_Arm_k6_HumanoidRootPart_Torso.CFrame = cf(-0.637574, -0.090023, -0.088028, -0.390716, 0.919670, -0.039359, -0.377640, -0.121151, 0.917992, 0.839481, 0.373538, 0.394640)
Left_Arm_k6_HumanoidRootPart_Torso.Parent = Torso_k6_HumanoidRootPart_Torso



--Right Leg
 Right_Leg_k6_HumanoidRootPart_Torso = Instance.new("Pose")
Right_Leg_k6_HumanoidRootPart_Torso.Name = "Right Leg"
Right_Leg_k6_HumanoidRootPart_Torso.CFrame = cf(0.546067, 0.122677, 0.085383, 0.986110, 0.165334, -0.015907, -0.161419, 0.976501, 0.142790, 0.039141, -0.138239, 0.989625)
Right_Leg_k6_HumanoidRootPart_Torso.Parent = Torso_k6_HumanoidRootPart_Torso



-- Keyframe 7 (Time: 0.20000000298023224)
 keyframe7 = Instance.new("Keyframe")
keyframe7.Time = 0.20000000298023224
keyframe7.Parent = KeyframeSequence

--HumanoidRootPart
 HumanoidRootPart_k7_HumanoidRootPart = Instance.new("Pose")
HumanoidRootPart_k7_HumanoidRootPart.Name = "HumanoidRootPart"
HumanoidRootPart_k7_HumanoidRootPart.CFrame = cf(0.000000, 0.000000, 0.000000, 1.000000, 0.000000, 0.000000, 0.000000, 1.000000, 0.000000, 0.000000, 0.000000, 1.000000)
HumanoidRootPart_k7_HumanoidRootPart.Parent = keyframe7



--Torso
 Torso_k7_HumanoidRootPart_Torso = Instance.new("Pose")
Torso_k7_HumanoidRootPart_Torso.Name = "Torso"
Torso_k7_HumanoidRootPart_Torso.CFrame = cf(0.606758, -0.113834, -0.294029, 0.890486, 0.385022, 0.242474, -0.404660, 0.913793, 0.035109, -0.208053, -0.129384, 0.969523)
Torso_k7_HumanoidRootPart_Torso.Parent = HumanoidRootPart_k7_HumanoidRootPart



--Left Leg
 Left_Leg_k7_HumanoidRootPart_Torso = Instance.new("Pose")
Left_Leg_k7_HumanoidRootPart_Torso.Name = "Left Leg"
Left_Leg_k7_HumanoidRootPart_Torso.CFrame = cf(-0.456648, 0.168325, 0.206909, 0.536892, -0.789333, 0.297828, 0.593854, 0.604339, 0.531142, -0.599237, -0.108299, 0.793213)
Left_Leg_k7_HumanoidRootPart_Torso.Parent = Torso_k7_HumanoidRootPart_Torso



--Right Arm
 Right_Arm_k7_HumanoidRootPart_Torso = Instance.new("Pose")
Right_Arm_k7_HumanoidRootPart_Torso.Name = "Right Arm"
Right_Arm_k7_HumanoidRootPart_Torso.CFrame = cf(0.539784, -0.180743, -0.129652, -0.186994, -0.957587, 0.219227, 0.714197, 0.020707, 0.699638, -0.674504, 0.287399, 0.680034)
Right_Arm_k7_HumanoidRootPart_Torso.Parent = Torso_k7_HumanoidRootPart_Torso



--Head
 Head_k7_HumanoidRootPart_Torso_Head = Instance.new("Pose")
Head_k7_HumanoidRootPart_Torso_Head.Name = "Head"
Head_k7_HumanoidRootPart_Torso_Head.CFrame = cf(-0.041612, -0.025619, -0.005992, 0.995408, 0.024099, -0.092640, -0.051799, 0.949458, -0.309591, 0.080497, 0.312968, 0.946346)
Head_k7_HumanoidRootPart_Torso_Head.Parent = Torso_k7_HumanoidRootPart_Torso



--Left Arm
 Left_Arm_k7_HumanoidRootPart_Torso = Instance.new("Pose")
Left_Arm_k7_HumanoidRootPart_Torso.Name = "Left Arm"
Left_Arm_k7_HumanoidRootPart_Torso.CFrame = cf(-0.593359, -0.182534, -0.199641, -0.448724, 0.866662, -0.218046, -0.505268, -0.044786, 0.861800, 0.737124, 0.496881, 0.457993)
Left_Arm_k7_HumanoidRootPart_Torso.Parent = Torso_k7_HumanoidRootPart_Torso



--Right Leg
 Right_Leg_k7_HumanoidRootPart_Torso = Instance.new("Pose")
Right_Leg_k7_HumanoidRootPart_Torso.Name = "Right Leg"
Right_Leg_k7_HumanoidRootPart_Torso.CFrame = cf(0.600746, 0.085351, 0.058493, 0.970863, 0.237256, 0.033701, -0.239583, 0.957999, 0.157602, 0.005107, -0.161084, 0.986928)
Right_Leg_k7_HumanoidRootPart_Torso.Parent = Torso_k7_HumanoidRootPart_Torso



-- Keyframe 8 (Time: 0.23333333432674408)
 keyframe8 = Instance.new("Keyframe")
keyframe8.Time = 0.23333333432674408
keyframe8.Parent = KeyframeSequence

--HumanoidRootPart
 HumanoidRootPart_k8_HumanoidRootPart = Instance.new("Pose")
HumanoidRootPart_k8_HumanoidRootPart.Name = "HumanoidRootPart"
HumanoidRootPart_k8_HumanoidRootPart.CFrame = cf(0.000000, 0.000000, 0.000000, 1.000000, 0.000000, 0.000000, 0.000000, 1.000000, 0.000000, 0.000000, 0.000000, 1.000000)
HumanoidRootPart_k8_HumanoidRootPart.Parent = keyframe8



--Torso
 Torso_k8_HumanoidRootPart_Torso = Instance.new("Pose")
Torso_k8_HumanoidRootPart_Torso.Name = "Torso"
Torso_k8_HumanoidRootPart_Torso.CFrame = cf(0.689350, -0.094517, -0.294570, 0.871199, 0.396075, 0.290064, -0.434438, 0.897163, 0.079766, -0.228642, -0.195507, 0.953677)
Torso_k8_HumanoidRootPart_Torso.Parent = HumanoidRootPart_k8_HumanoidRootPart



--Left Leg
 Left_Leg_k8_HumanoidRootPart_Torso = Instance.new("Pose")
Left_Leg_k8_HumanoidRootPart_Torso.Name = "Left Leg"
Left_Leg_k8_HumanoidRootPart_Torso.CFrame = cf(-0.436762, 0.128242, 0.195379, 0.471496, -0.836606, 0.278896, 0.626175, 0.540295, 0.562126, -0.620964, -0.090402, 0.778609)
Left_Leg_k8_HumanoidRootPart_Torso.Parent = Torso_k8_HumanoidRootPart_Torso



--Right Arm
 Right_Arm_k8_HumanoidRootPart_Torso = Instance.new("Pose")
Right_Arm_k8_HumanoidRootPart_Torso.Name = "Right Arm"
Right_Arm_k8_HumanoidRootPart_Torso.CFrame = cf(0.297436, -0.467565, 0.200952, -0.329400, -0.905620, 0.267109, 0.736528, -0.069447, 0.672832, -0.590781, 0.418365, 0.689891)
Right_Arm_k8_HumanoidRootPart_Torso.Parent = Torso_k8_HumanoidRootPart_Torso



--Head
 Head_k8_HumanoidRootPart_Torso_Head = Instance.new("Pose")
Head_k8_HumanoidRootPart_Torso_Head.Name = "Head"
Head_k8_HumanoidRootPart_Torso_Head.CFrame = cf(-0.045723, -0.038846, -0.009154, 0.996581, 0.028052, -0.077721, -0.052647, 0.940535, -0.335593, 0.063685, 0.338537, 0.938795)
Head_k8_HumanoidRootPart_Torso_Head.Parent = Torso_k8_HumanoidRootPart_Torso



--Left Arm
 Left_Arm_k8_HumanoidRootPart_Torso = Instance.new("Pose")
Left_Arm_k8_HumanoidRootPart_Torso.Name = "Left Arm"
Left_Arm_k8_HumanoidRootPart_Torso.CFrame = cf(-0.423271, -0.420423, -0.107101, -0.593169, 0.666933, -0.450945, -0.675365, -0.107329, 0.729632, 0.438217, 0.737348, 0.514087)
Left_Arm_k8_HumanoidRootPart_Torso.Parent = Torso_k8_HumanoidRootPart_Torso



--Right Leg
 Right_Leg_k8_HumanoidRootPart_Torso = Instance.new("Pose")
Right_Leg_k8_HumanoidRootPart_Torso.Name = "Right Leg"
Right_Leg_k8_HumanoidRootPart_Torso.CFrame = cf(0.545480, 0.052897, 0.075858, 0.974368, 0.219035, 0.051300, -0.224056, 0.965318, 0.134018, -0.020167, -0.142077, 0.989650)
Right_Leg_k8_HumanoidRootPart_Torso.Parent = Torso_k8_HumanoidRootPart_Torso



-- Keyframe 9 (Time: 0.2666666805744171)
 keyframe9 = Instance.new("Keyframe")
keyframe9.Time = 0.2666666805744171
keyframe9.Parent = KeyframeSequence

--HumanoidRootPart
 HumanoidRootPart_k9_HumanoidRootPart = Instance.new("Pose")
HumanoidRootPart_k9_HumanoidRootPart.Name = "HumanoidRootPart"
HumanoidRootPart_k9_HumanoidRootPart.CFrame = cf(0.000000, 0.000000, 0.000000, 1.000000, 0.000000, 0.000000, 0.000000, 1.000000, 0.000000, 0.000000, 0.000000, 1.000000)
HumanoidRootPart_k9_HumanoidRootPart.Parent = keyframe9



--Torso
 Torso_k9_HumanoidRootPart_Torso = Instance.new("Pose")
Torso_k9_HumanoidRootPart_Torso.Name = "Torso"
Torso_k9_HumanoidRootPart_Torso.CFrame = cf(0.698132, -0.122524, -0.284751, 0.878221, 0.381986, 0.287774, -0.411795, 0.909968, 0.048829, -0.243213, -0.161386, 0.956453)
Torso_k9_HumanoidRootPart_Torso.Parent = HumanoidRootPart_k9_HumanoidRootPart



--Left Leg
 Left_Leg_k9_HumanoidRootPart_Torso = Instance.new("Pose")
Left_Leg_k9_HumanoidRootPart_Torso.Name = "Left Leg"
Left_Leg_k9_HumanoidRootPart_Torso.CFrame = cf(-0.470153, 0.144022, 0.182074, 0.503266, -0.818848, 0.276065, 0.605926, 0.562168, 0.562869, -0.616098, -0.115998, 0.779081)
Left_Leg_k9_HumanoidRootPart_Torso.Parent = Torso_k9_HumanoidRootPart_Torso



--Right Arm
 Right_Arm_k9_HumanoidRootPart_Torso = Instance.new("Pose")
Right_Arm_k9_HumanoidRootPart_Torso.Name = "Right Arm"
Right_Arm_k9_HumanoidRootPart_Torso.CFrame = cf(-0.008390, -0.572685, 0.358312, -0.460558, -0.821807, 0.335438, 0.759807, -0.169632, 0.627628, -0.458889, 0.543928, 0.702541)
Right_Arm_k9_HumanoidRootPart_Torso.Parent = Torso_k9_HumanoidRootPart_Torso



--Head
 Head_k9_HumanoidRootPart_Torso_Head = Instance.new("Pose")
Head_k9_HumanoidRootPart_Torso_Head.Name = "Head"
Head_k9_HumanoidRootPart_Torso_Head.CFrame = cf(-0.048637, -0.032017, -0.008603, 0.996564, 0.033757, -0.075646, -0.056724, 0.943595, -0.326209, 0.060367, 0.329378, 0.942266)
Head_k9_HumanoidRootPart_Torso_Head.Parent = Torso_k9_HumanoidRootPart_Torso



--Left Arm
 Left_Arm_k9_HumanoidRootPart_Torso = Instance.new("Pose")
Left_Arm_k9_HumanoidRootPart_Torso.Name = "Left Arm"
Left_Arm_k9_HumanoidRootPart_Torso.CFrame = cf(-0.230519, -0.560135, 0.071365, -0.669437, 0.462553, -0.581292, -0.721034, -0.216252, 0.658289, 0.178788, 0.859814, 0.478283)
Left_Arm_k9_HumanoidRootPart_Torso.Parent = Torso_k9_HumanoidRootPart_Torso



--Right Leg
 Right_Leg_k9_HumanoidRootPart_Torso = Instance.new("Pose")
Right_Leg_k9_HumanoidRootPart_Torso.Name = "Right Leg"
Right_Leg_k9_HumanoidRootPart_Torso.CFrame = cf(0.519844, 0.059659, 0.083221, 0.983067, 0.172477, 0.061892, -0.179040, 0.976007, 0.123916, -0.039034, -0.132899, 0.990361)
Right_Leg_k9_HumanoidRootPart_Torso.Parent = Torso_k9_HumanoidRootPart_Torso



-- Keyframe 10 (Time: 0.30000001192092896)
 keyframe10 = Instance.new("Keyframe")
keyframe10.Time = 0.30000001192092896
keyframe10.Parent = KeyframeSequence

--HumanoidRootPart
 HumanoidRootPart_k10_HumanoidRootPart = Instance.new("Pose")
HumanoidRootPart_k10_HumanoidRootPart.Name = "HumanoidRootPart"
HumanoidRootPart_k10_HumanoidRootPart.CFrame = cf(0.000000, 0.000000, 0.000000, 1.000000, 0.000000, 0.000000, 0.000000, 1.000000, 0.000000, 0.000000, 0.000000, 1.000000)
HumanoidRootPart_k10_HumanoidRootPart.Parent = keyframe10



--Torso
 Torso_k10_HumanoidRootPart_Torso = Instance.new("Pose")
Torso_k10_HumanoidRootPart_Torso.Name = "Torso"
Torso_k10_HumanoidRootPart_Torso.CFrame = cf(0.681725, -0.161346, -0.311251, 0.899082, 0.351607, 0.260815, -0.359424, 0.932986, -0.018759, -0.249932, -0.076877, 0.965207)
Torso_k10_HumanoidRootPart_Torso.Parent = HumanoidRootPart_k10_HumanoidRootPart



--Left Leg
 Left_Leg_k10_HumanoidRootPart_Torso = Instance.new("Pose")
Left_Leg_k10_HumanoidRootPart_Torso.Name = "Left Leg"
Left_Leg_k10_HumanoidRootPart_Torso.CFrame = cf(-0.588971, 0.179292, 0.175477, 0.552585, -0.787960, 0.271605, 0.587866, 0.599488, 0.543165, -0.590816, -0.140477, 0.794483)
Left_Leg_k10_HumanoidRootPart_Torso.Parent = Torso_k10_HumanoidRootPart_Torso



--Right Arm
 Right_Arm_k10_HumanoidRootPart_Torso = Instance.new("Pose")
Right_Arm_k10_HumanoidRootPart_Torso.Name = "Right Arm"
Right_Arm_k10_HumanoidRootPart_Torso.CFrame = cf(-0.291893, -0.597807, 0.351910, -0.533493, -0.714147, 0.453188, 0.815523, -0.292236, 0.499521, -0.224293, 0.636076, 0.738309)
Right_Arm_k10_HumanoidRootPart_Torso.Parent = Torso_k10_HumanoidRootPart_Torso



--Head
 Head_k10_HumanoidRootPart_Torso_Head = Instance.new("Pose")
Head_k10_HumanoidRootPart_Torso_Head.Name = "Head"
Head_k10_HumanoidRootPart_Torso_Head.CFrame = cf(-0.049973, -0.015113, -0.006850, 0.997296, 0.033674, -0.065314, -0.053542, 0.941758, -0.332003, 0.050330, 0.334603, 0.941015)
Head_k10_HumanoidRootPart_Torso_Head.Parent = Torso_k10_HumanoidRootPart_Torso



--Left Arm
 Left_Arm_k10_HumanoidRootPart_Torso = Instance.new("Pose")
Left_Arm_k10_HumanoidRootPart_Torso.Name = "Left Arm"
Left_Arm_k10_HumanoidRootPart_Torso.CFrame = cf(0.011193, -0.605610, 0.246102, -0.660943, 0.345867, -0.665982, -0.750437, -0.304166, 0.586795, 0.000384, 0.887614, 0.460588)
Left_Arm_k10_HumanoidRootPart_Torso.Parent = Torso_k10_HumanoidRootPart_Torso



--Right Leg
 Right_Leg_k10_HumanoidRootPart_Torso = Instance.new("Pose")
Right_Leg_k10_HumanoidRootPart_Torso.Name = "Right Leg"
Right_Leg_k10_HumanoidRootPart_Torso.CFrame = cf(0.598007, 0.103920, 0.075854, 0.982322, 0.169358, 0.079762, -0.179199, 0.973948, 0.138973, -0.054148, -0.150809, 0.987079)
Right_Leg_k10_HumanoidRootPart_Torso.Parent = Torso_k10_HumanoidRootPart_Torso



-- Keyframe 11 (Time: 0.3333333432674408)
 keyframe11 = Instance.new("Keyframe")
keyframe11.Time = 0.3333333432674408
keyframe11.Parent = KeyframeSequence

--HumanoidRootPart
 HumanoidRootPart_k11_HumanoidRootPart = Instance.new("Pose")
HumanoidRootPart_k11_HumanoidRootPart.Name = "HumanoidRootPart"
HumanoidRootPart_k11_HumanoidRootPart.CFrame = cf(0.000000, 0.000000, 0.000000, 1.000000, 0.000000, 0.000000, 0.000000, 1.000000, 0.000000, 0.000000, 0.000000, 1.000000)
HumanoidRootPart_k11_HumanoidRootPart.Parent = keyframe11



--Torso
 Torso_k11_HumanoidRootPart_Torso = Instance.new("Pose")
Torso_k11_HumanoidRootPart_Torso.Name = "Torso"
Torso_k11_HumanoidRootPart_Torso.CFrame = cf(0.671902, -0.175343, -0.379620, 0.922853, 0.301735, 0.239373, -0.290009, 0.953360, -0.083662, -0.253452, 0.007787, 0.967317)
Torso_k11_HumanoidRootPart_Torso.Parent = HumanoidRootPart_k11_HumanoidRootPart



--Left Leg
 Left_Leg_k11_HumanoidRootPart_Torso = Instance.new("Pose")
Left_Leg_k11_HumanoidRootPart_Torso.Name = "Left Leg"
Left_Leg_k11_HumanoidRootPart_Torso.CFrame = cf(-0.761024, 0.247062, 0.155188, 0.596461, -0.764070, 0.245828, 0.580253, 0.622088, 0.525655, -0.554564, -0.170891, 0.814405)
Left_Leg_k11_HumanoidRootPart_Torso.Parent = Torso_k11_HumanoidRootPart_Torso



--Right Arm
 Right_Arm_k11_HumanoidRootPart_Torso = Instance.new("Pose")
Right_Arm_k11_HumanoidRootPart_Torso.Name = "Right Arm"
Right_Arm_k11_HumanoidRootPart_Torso.CFrame = cf(-0.428411, -0.590302, 0.333554, -0.533302, -0.610919, 0.585122, 0.845635, -0.366880, 0.387688, -0.022176, 0.701553, 0.712272)
Right_Arm_k11_HumanoidRootPart_Torso.Parent = Torso_k11_HumanoidRootPart_Torso



--Head
 Head_k11_HumanoidRootPart_Torso_Head = Instance.new("Pose")
Head_k11_HumanoidRootPart_Torso_Head.Name = "Head"
Head_k11_HumanoidRootPart_Torso_Head.CFrame = cf(-0.050689, 0.001812, -0.006421, 0.998652, 0.012211, -0.050455, -0.029777, 0.930894, -0.364075, 0.042523, 0.365087, 0.930002)
Head_k11_HumanoidRootPart_Torso_Head.Parent = Torso_k11_HumanoidRootPart_Torso



--Left Arm
 Left_Arm_k11_HumanoidRootPart_Torso = Instance.new("Pose")
Left_Arm_k11_HumanoidRootPart_Torso.Name = "Left Arm"
Left_Arm_k11_HumanoidRootPart_Torso.CFrame = cf(0.252098, -0.579222, 0.349343, -0.623523, 0.363459, -0.692183, -0.780623, -0.338104, 0.525656, -0.042975, 0.868092, 0.494540)
Left_Arm_k11_HumanoidRootPart_Torso.Parent = Torso_k11_HumanoidRootPart_Torso



--Right Leg
 Right_Leg_k11_HumanoidRootPart_Torso = Instance.new("Pose")
Right_Leg_k11_HumanoidRootPart_Torso.Name = "Right Leg"
Right_Leg_k11_HumanoidRootPart_Torso.CFrame = cf(0.686731, 0.162393, 0.065503, 0.976902, 0.194235, 0.089079, -0.206706, 0.964648, 0.163483, -0.054176, -0.178120, 0.982516)
Right_Leg_k11_HumanoidRootPart_Torso.Parent = Torso_k11_HumanoidRootPart_Torso



-- Keyframe 12 (Time: 0.36666667461395264)
 keyframe12 = Instance.new("Keyframe")
keyframe12.Time = 0.36666667461395264
keyframe12.Parent = KeyframeSequence

--HumanoidRootPart
 HumanoidRootPart_k12_HumanoidRootPart = Instance.new("Pose")
HumanoidRootPart_k12_HumanoidRootPart.Name = "HumanoidRootPart"
HumanoidRootPart_k12_HumanoidRootPart.CFrame = cf(0.000000, 0.000000, 0.000000, 1.000000, 0.000000, 0.000000, 0.000000, 1.000000, 0.000000, 0.000000, 0.000000, 1.000000)
HumanoidRootPart_k12_HumanoidRootPart.Parent = keyframe12



--Torso
 Torso_k12_HumanoidRootPart_Torso = Instance.new("Pose")
Torso_k12_HumanoidRootPart_Torso.Name = "Torso"
Torso_k12_HumanoidRootPart_Torso.CFrame = cf(0.655930, -0.224697, -0.420646, 0.963419, 0.160824, 0.214383, -0.111709, 0.968111, -0.224239, -0.243610, 0.192087, 0.950661)
Torso_k12_HumanoidRootPart_Torso.Parent = HumanoidRootPart_k12_HumanoidRootPart



--Left Leg
 Left_Leg_k12_HumanoidRootPart_Torso = Instance.new("Pose")
Left_Leg_k12_HumanoidRootPart_Torso.Name = "Left Leg"
Left_Leg_k12_HumanoidRootPart_Torso.CFrame = cf(-0.930395, 0.459236, -0.024606, 0.793667, -0.582049, 0.176950, 0.438083, 0.748641, 0.497615, -0.422108, -0.317422, 0.849158)
Left_Leg_k12_HumanoidRootPart_Torso.Parent = Torso_k12_HumanoidRootPart_Torso



--Right Arm
 Right_Arm_k12_HumanoidRootPart_Torso = Instance.new("Pose")
Right_Arm_k12_HumanoidRootPart_Torso.Name = "Right Arm"
Right_Arm_k12_HumanoidRootPart_Torso.CFrame = cf(-0.288922, -0.615677, 0.470031, -0.617387, -0.382646, 0.687325, 0.785007, -0.356283, 0.506781, 0.050965, 0.852435, 0.520344)
Right_Arm_k12_HumanoidRootPart_Torso.Parent = Torso_k12_HumanoidRootPart_Torso



--Head
 Head_k12_HumanoidRootPart_Torso_Head = Instance.new("Pose")
Head_k12_HumanoidRootPart_Torso_Head.Name = "Head"
Head_k12_HumanoidRootPart_Torso_Head.CFrame = cf(-0.048728, 0.038673, -0.009756, 0.998893, -0.031952, -0.034509, 0.017955, 0.937281, -0.348114, 0.043467, 0.347109, 0.936817)
Head_k12_HumanoidRootPart_Torso_Head.Parent = Torso_k12_HumanoidRootPart_Torso



--Left Arm
 Left_Arm_k12_HumanoidRootPart_Torso = Instance.new("Pose")
Left_Arm_k12_HumanoidRootPart_Torso.Name = "Left Arm"
Left_Arm_k12_HumanoidRootPart_Torso.CFrame = cf(0.316928, -0.586833, 0.403766, -0.744765, 0.410202, -0.526365, -0.665520, -0.398543, 0.631069, 0.049087, 0.820304, 0.569818)
Left_Arm_k12_HumanoidRootPart_Torso.Parent = Torso_k12_HumanoidRootPart_Torso



--Right Leg
 Right_Leg_k12_HumanoidRootPart_Torso = Instance.new("Pose")
Right_Leg_k12_HumanoidRootPart_Torso.Name = "Right Leg"
Right_Leg_k12_HumanoidRootPart_Torso.CFrame = cf(0.579576, 0.245178, 0.103363, 0.994840, 0.100546, -0.013562, -0.096383, 0.978353, 0.183127, 0.031681, -0.180875, 0.982996)
Right_Leg_k12_HumanoidRootPart_Torso.Parent = Torso_k12_HumanoidRootPart_Torso



-- Keyframe 13 (Time: 0.4000000059604645)
 keyframe13 = Instance.new("Keyframe")
keyframe13.Time = 0.4000000059604645
keyframe13.Parent = KeyframeSequence

--HumanoidRootPart
 HumanoidRootPart_k13_HumanoidRootPart = Instance.new("Pose")
HumanoidRootPart_k13_HumanoidRootPart.Name = "HumanoidRootPart"
HumanoidRootPart_k13_HumanoidRootPart.CFrame = cf(0.000000, 0.000000, 0.000000, 1.000000, 0.000000, 0.000000, 0.000000, 1.000000, 0.000000, 0.000000, 0.000000, 1.000000)
HumanoidRootPart_k13_HumanoidRootPart.Parent = keyframe13



--Torso
 Torso_k13_HumanoidRootPart_Torso = Instance.new("Pose")
Torso_k13_HumanoidRootPart_Torso.Name = "Torso"
Torso_k13_HumanoidRootPart_Torso.CFrame = cf(0.659695, -0.272869, -0.352014, 0.970366, 0.086077, 0.225792, -0.011928, 0.950328, -0.311022, -0.241348, 0.299111, 0.923192)
Torso_k13_HumanoidRootPart_Torso.Parent = HumanoidRootPart_k13_HumanoidRootPart



--Left Leg
 Left_Leg_k13_HumanoidRootPart_Torso = Instance.new("Pose")
Left_Leg_k13_HumanoidRootPart_Torso.Name = "Left Leg"
Left_Leg_k13_HumanoidRootPart_Torso.CFrame = cf(-0.849673, 0.560683, -0.145044, 0.921125, -0.358998, 0.150500, 0.243959, 0.833666, 0.495464, -0.303338, -0.419668, 0.855492)
Left_Leg_k13_HumanoidRootPart_Torso.Parent = Torso_k13_HumanoidRootPart_Torso



--Right Arm
 Right_Arm_k13_HumanoidRootPart_Torso = Instance.new("Pose")
Right_Arm_k13_HumanoidRootPart_Torso.Name = "Right Arm"
Right_Arm_k13_HumanoidRootPart_Torso.CFrame = cf(0.102685, -0.608779, 0.421889, -0.803321, -0.180502, 0.567535, 0.589630, -0.375057, 0.715310, 0.083743, 0.909259, 0.407721)
Right_Arm_k13_HumanoidRootPart_Torso.Parent = Torso_k13_HumanoidRootPart_Torso



--Head
 Head_k13_HumanoidRootPart_Torso_Head = Instance.new("Pose")
Head_k13_HumanoidRootPart_Torso_Head.Name = "Head"
Head_k13_HumanoidRootPart_Torso_Head.CFrame = cf(-0.048286, 0.060088, -0.015278, 0.998325, -0.050797, -0.027695, 0.042471, 0.968486, -0.245420, 0.039289, 0.243832, 0.969021)
Head_k13_HumanoidRootPart_Torso_Head.Parent = Torso_k13_HumanoidRootPart_Torso



--Left Arm
 Left_Arm_k13_HumanoidRootPart_Torso = Instance.new("Pose")
Left_Arm_k13_HumanoidRootPart_Torso.Name = "Left Arm"
Left_Arm_k13_HumanoidRootPart_Torso.CFrame = cf(0.031106, -0.575736, 0.476651, -0.901494, 0.415084, -0.122531, -0.330191, -0.476612, 0.814748, 0.279789, 0.774950, 0.566720)
Left_Arm_k13_HumanoidRootPart_Torso.Parent = Torso_k13_HumanoidRootPart_Torso



--Right Leg
 Right_Leg_k13_HumanoidRootPart_Torso = Instance.new("Pose")
Right_Leg_k13_HumanoidRootPart_Torso.Name = "Right Leg"
Right_Leg_k13_HumanoidRootPart_Torso.CFrame = cf(0.322032, 0.207269, 0.132297, 0.987593, -0.114945, -0.106997, 0.130054, 0.980545, 0.147028, 0.088015, -0.159119, 0.983329)
Right_Leg_k13_HumanoidRootPart_Torso.Parent = Torso_k13_HumanoidRootPart_Torso



-- Keyframe 14 (Time: 0.4333333373069763)
 keyframe14 = Instance.new("Keyframe")
keyframe14.Time = 0.4333333373069763
keyframe14.Parent = KeyframeSequence

--HumanoidRootPart
 HumanoidRootPart_k14_HumanoidRootPart = Instance.new("Pose")
HumanoidRootPart_k14_HumanoidRootPart.Name = "HumanoidRootPart"
HumanoidRootPart_k14_HumanoidRootPart.CFrame = cf(0.000000, 0.000000, 0.000000, 1.000000, 0.000000, 0.000000, 0.000000, 1.000000, 0.000000, 0.000000, 0.000000, 1.000000)
HumanoidRootPart_k14_HumanoidRootPart.Parent = keyframe14



--Torso
 Torso_k14_HumanoidRootPart_Torso = Instance.new("Pose")
Torso_k14_HumanoidRootPart_Torso.Name = "Torso"
Torso_k14_HumanoidRootPart_Torso.CFrame = cf(0.658447, -0.260502, -0.273070, 0.964175, 0.123475, 0.234779, -0.056456, 0.960302, -0.273190, -0.259190, 0.250149, 0.932870)
Torso_k14_HumanoidRootPart_Torso.Parent = HumanoidRootPart_k14_HumanoidRootPart



--Left Leg
 Left_Leg_k14_HumanoidRootPart_Torso = Instance.new("Pose")
Left_Leg_k14_HumanoidRootPart_Torso.Name = "Left Leg"
Left_Leg_k14_HumanoidRootPart_Torso.CFrame = cf(-0.752175, 0.481720, -0.112724, 0.913061, -0.368089, 0.175586, 0.235095, 0.826871, 0.510896, -0.333242, -0.425200, 0.841519)
Left_Leg_k14_HumanoidRootPart_Torso.Parent = Torso_k14_HumanoidRootPart_Torso



--Right Arm
 Right_Arm_k14_HumanoidRootPart_Torso = Instance.new("Pose")
Right_Arm_k14_HumanoidRootPart_Torso.Name = "Right Arm"
Right_Arm_k14_HumanoidRootPart_Torso.CFrame = cf(0.282176, -0.529620, 0.151322, -0.824572, -0.307609, 0.474824, 0.565266, -0.412963, 0.714098, -0.023578, 0.857227, 0.514399)
Right_Arm_k14_HumanoidRootPart_Torso.Parent = Torso_k14_HumanoidRootPart_Torso



--Head
 Head_k14_HumanoidRootPart_Torso_Head = Instance.new("Pose")
Head_k14_HumanoidRootPart_Torso_Head.Name = "Head"
Head_k14_HumanoidRootPart_Torso_Head.CFrame = cf(-0.051853, 0.050293, -0.013351, 0.997590, -0.057153, -0.039352, 0.047494, 0.975840, -0.213264, 0.050590, 0.210881, 0.976202)
Head_k14_HumanoidRootPart_Torso_Head.Parent = Torso_k14_HumanoidRootPart_Torso



--Left Arm
 Left_Arm_k14_HumanoidRootPart_Torso = Instance.new("Pose")
Left_Arm_k14_HumanoidRootPart_Torso.Name = "Left Arm"
Left_Arm_k14_HumanoidRootPart_Torso.CFrame = cf(-0.191761, -0.457538, 0.503071, -0.822704, 0.557611, 0.110581, -0.210556, -0.479590, 0.851857, 0.528038, 0.677543, 0.511969)
Left_Arm_k14_HumanoidRootPart_Torso.Parent = Torso_k14_HumanoidRootPart_Torso



--Right Leg
 Right_Leg_k14_HumanoidRootPart_Torso = Instance.new("Pose")
Right_Leg_k14_HumanoidRootPart_Torso.Name = "Right Leg"
Right_Leg_k14_HumanoidRootPart_Torso.CFrame = cf(0.147441, 0.109288, 0.118449, 0.964613, -0.235953, -0.117672, 0.249419, 0.961297, 0.117037, 0.085502, -0.142245, 0.986132)
Right_Leg_k14_HumanoidRootPart_Torso.Parent = Torso_k14_HumanoidRootPart_Torso



-- Keyframe 15 (Time: 0.46666666865348816)
 keyframe15 = Instance.new("Keyframe")
keyframe15.Time = 0.46666666865348816
keyframe15.Parent = KeyframeSequence

--HumanoidRootPart
 HumanoidRootPart_k15_HumanoidRootPart = Instance.new("Pose")
HumanoidRootPart_k15_HumanoidRootPart.Name = "HumanoidRootPart"
HumanoidRootPart_k15_HumanoidRootPart.CFrame = cf(0.000000, 0.000000, 0.000000, 1.000000, 0.000000, 0.000000, 0.000000, 1.000000, 0.000000, 0.000000, 0.000000, 1.000000)
HumanoidRootPart_k15_HumanoidRootPart.Parent = keyframe15



--Torso
 Torso_k15_HumanoidRootPart_Torso = Instance.new("Pose")
Torso_k15_HumanoidRootPart_Torso.Name = "Torso"
Torso_k15_HumanoidRootPart_Torso.CFrame = cf(0.677765, -0.226383, -0.240386, 0.949248, 0.169722, 0.264806, -0.117947, 0.972560, -0.200539, -0.291576, 0.159129, 0.943219)
Torso_k15_HumanoidRootPart_Torso.Parent = HumanoidRootPart_k15_HumanoidRootPart



--Left Leg
