-- KeyframeSequence Export: Out of touch
-- Generated on 2025-09-10 21:09:32

local KeyframeSequence = Instance.new("KeyframeSequence")
KeyframeSequence.Name = "Touch"
local cf=CFrame.new

-- Keyframe 1 (Time: 0)
local keyframe1 = Instance.new("Keyframe")
keyframe1.Time = 0
keyframe1.Parent = KeyframeSequence

--HumanoidRootPart
local HumanoidRootPart_k1_HumanoidRootPart = Instance.new("Pose")
HumanoidRootPart_k1_HumanoidRootPart.Name = "HumanoidRootPart"
HumanoidRootPart_k1_HumanoidRootPart.CFrame = cf(0.000000, 0.000000, 0.000000, 1.000000, 0.000000, 0.000000, 0.000000, 1.000000, 0.000000, 0.000000, 0.000000, 1.000000)
HumanoidRootPart_k1_HumanoidRootPart.Parent = keyframe1



--Torso
local Torso_k1_HumanoidRootPart_Torso = Instance.new("Pose")
Torso_k1_HumanoidRootPart_Torso.Name = "Torso"
Torso_k1_HumanoidRootPart_Torso.CFrame = cf(0.000000, 0.000000, -0.158726, 0.997455, 0.019997, -0.068430, -0.021315, 0.999600, -0.018586, 0.068031, 0.019997, 0.997483)
Torso_k1_HumanoidRootPart_Torso.Parent = HumanoidRootPart_k1_HumanoidRootPart



--Right Arm
local Right_Arm_k1_HumanoidRootPart_Torso = Instance.new("Pose")
Right_Arm_k1_HumanoidRootPart_Torso.Name = "Right Arm"
Right_Arm_k1_HumanoidRootPart_Torso.CFrame = cf(0.067283, -0.416691, -0.208763, -0.485317, -0.821728, 0.298715, 0.789914, -0.265605, 0.552712, -0.374838, 0.504200, 0.777997)
Right_Arm_k1_HumanoidRootPart_Torso.Parent = Torso_k1_HumanoidRootPart_Torso



--Left Arm
local Left_Arm_k1_HumanoidRootPart_Torso = Instance.new("Pose")
Left_Arm_k1_HumanoidRootPart_Torso.Name = "Left Arm"
Left_Arm_k1_HumanoidRootPart_Torso.CFrame = cf(-0.171252, -0.464576, 0.023242, -0.389201, 0.663438, -0.639040, -0.878372, -0.476256, 0.040525, -0.277461, 0.577087, 0.768105)
Left_Arm_k1_HumanoidRootPart_Torso.Parent = Torso_k1_HumanoidRootPart_Torso



--Right Leg
local Right_Leg_k1_HumanoidRootPart_Torso = Instance.new("Pose")
Right_Leg_k1_HumanoidRootPart_Torso.Name = "Right Leg"
Right_Leg_k1_HumanoidRootPart_Torso.CFrame = cf(0.563077, 0.168452, -0.009337, 0.954904, 0.296687, -0.011611, -0.293546, 0.949225, 0.113146, 0.044590, -0.104635, 0.993511)
Right_Leg_k1_HumanoidRootPart_Torso.Parent = Torso_k1_HumanoidRootPart_Torso



--Left Leg
local Left_Leg_k1_HumanoidRootPart_Torso = Instance.new("Pose")
Left_Leg_k1_HumanoidRootPart_Torso.Name = "Left Leg"
Left_Leg_k1_HumanoidRootPart_Torso.CFrame = cf(-0.894245, 0.239545, 0.067556, 0.780827, -0.619970, 0.077113, 0.620973, 0.783722, 0.013113, -0.068565, 0.037646, 0.996936)
Left_Leg_k1_HumanoidRootPart_Torso.Parent = Torso_k1_HumanoidRootPart_Torso



--Head
local Head_k1_HumanoidRootPart_Torso_Head = Instance.new("Pose")
Head_k1_HumanoidRootPart_Torso_Head.Name = "Head"
Head_k1_HumanoidRootPart_Torso_Head.CFrame = cf(0.000000, -0.000000, -0.000001, 0.997649, -0.021325, 0.065127, 0.010023, 0.985536, 0.169168, -0.067793, -0.168117, 0.983433)
Head_k1_HumanoidRootPart_Torso_Head.Parent = Torso_k1_HumanoidRootPart_Torso



-- Keyframe 2 (Time: 0.03333333507180214)
 keyframe2 = Instance.new("Keyframe")
keyframe2.Time = 0.03333333507180214
keyframe2.Parent = KeyframeSequence

--HumanoidRootPart
 HumanoidRootPart_k2_HumanoidRootPart = Instance.new("Pose")
HumanoidRootPart_k2_HumanoidRootPart.Name = "HumanoidRootPart"
HumanoidRootPart_k2_HumanoidRootPart.CFrame = cf(0.000000, 0.000000, 0.000000, 1.000000, 0.000000, 0.000000, 0.000000, 1.000000, 0.000000, 0.000000, 0.000000, 1.000000)
HumanoidRootPart_k2_HumanoidRootPart.Parent = keyframe2



--Torso
 Torso_k2_HumanoidRootPart_Torso = Instance.new("Pose")
Torso_k2_HumanoidRootPart_Torso.Name = "Torso"
Torso_k2_HumanoidRootPart_Torso.CFrame = cf(0.014941, -0.000006, -0.282984, 0.997197, 0.023948, -0.070878, -0.025246, 0.999529, -0.017466, 0.070427, 0.019207, 0.997332)
Torso_k2_HumanoidRootPart_Torso.Parent = HumanoidRootPart_k2_HumanoidRootPart



--Right Arm
 Right_Arm_k2_HumanoidRootPart_Torso = Instance.new("Pose")
Right_Arm_k2_HumanoidRootPart_Torso.Name = "Right Arm"
Right_Arm_k2_HumanoidRootPart_Torso.CFrame = cf(0.068295, -0.489856, -0.287799, -0.486537, -0.801914, 0.346722, 0.795324, -0.242289, 0.555659, -0.361584, 0.546104, 0.755663)
Right_Arm_k2_HumanoidRootPart_Torso.Parent = Torso_k2_HumanoidRootPart_Torso



--Left Arm
 Left_Arm_k2_HumanoidRootPart_Torso = Instance.new("Pose")
Left_Arm_k2_HumanoidRootPart_Torso.Name = "Left Arm"
Left_Arm_k2_HumanoidRootPart_Torso.CFrame = cf(-0.172532, -0.504317, 0.023239, -0.402021, 0.713264, -0.574138, -0.869364, -0.494146, -0.005145, -0.287377, 0.497067, 0.818742)
Left_Arm_k2_HumanoidRootPart_Torso.Parent = Torso_k2_HumanoidRootPart_Torso



--Right Leg
 Right_Leg_k2_HumanoidRootPart_Torso = Instance.new("Pose")
Right_Leg_k2_HumanoidRootPart_Torso.Name = "Right Leg"
Right_Leg_k2_HumanoidRootPart_Torso.CFrame = cf(0.698958, 0.250615, -0.015392, 0.924756, 0.380085, -0.019035, -0.374522, 0.917817, 0.131702, 0.067529, -0.114664, 0.991107)
Right_Leg_k2_HumanoidRootPart_Torso.Parent = Torso_k2_HumanoidRootPart_Torso



--Left Leg
 Left_Leg_k2_HumanoidRootPart_Torso = Instance.new("Pose")
Left_Leg_k2_HumanoidRootPart_Torso.Name = "Left Leg"
Left_Leg_k2_HumanoidRootPart_Torso.CFrame = cf(-0.834518, 0.171163, 0.030514, 0.852701, -0.522079, 0.018289, 0.521768, 0.849429, -0.078921, 0.025668, 0.076838, 0.996713)
Left_Leg_k2_HumanoidRootPart_Torso.Parent = Torso_k2_HumanoidRootPart_Torso



--Head
 Head_k2_HumanoidRootPart_Torso_Head = Instance.new("Pose")
Head_k2_HumanoidRootPart_Torso_Head.Name = "Head"
Head_k2_HumanoidRootPart_Torso_Head.CFrame = cf(0.000000, -0.000000, 0.000000, 0.997449, -0.018218, 0.069026, 0.014183, 0.998187, 0.058495, -0.069966, -0.057367, 0.995899)
Head_k2_HumanoidRootPart_Torso_Head.Parent = Torso_k2_HumanoidRootPart_Torso



-- Keyframe 3 (Time: 0.06666667014360428)
 keyframe3 = Instance.new("Keyframe")
keyframe3.Time = 0.06666667014360428
keyframe3.Parent = KeyframeSequence

--HumanoidRootPart
 HumanoidRootPart_k3_HumanoidRootPart = Instance.new("Pose")
HumanoidRootPart_k3_HumanoidRootPart.Name = "HumanoidRootPart"
HumanoidRootPart_k3_HumanoidRootPart.CFrame = cf(0.000000, 0.000000, 0.000000, 1.000000, 0.000000, 0.000000, 0.000000, 1.000000, 0.000000, 0.000000, 0.000000, 1.000000)
HumanoidRootPart_k3_HumanoidRootPart.Parent = keyframe3



--Torso
 Torso_k3_HumanoidRootPart_Torso = Instance.new("Pose")
Torso_k3_HumanoidRootPart_Torso.Name = "Torso"
Torso_k3_HumanoidRootPart_Torso.CFrame = cf(0.052295, -0.000025, -0.405737, 0.996388, 0.030992, -0.079062, -0.032299, 0.999361, -0.015312, 0.078537, 0.017810, 0.996752)
Torso_k3_HumanoidRootPart_Torso.Parent = HumanoidRootPart_k3_HumanoidRootPart



--Right Arm
 Right_Arm_k3_HumanoidRootPart_Torso = Instance.new("Pose")
Right_Arm_k3_HumanoidRootPart_Torso.Name = "Right Arm"
Right_Arm_k3_HumanoidRootPart_Torso.CFrame = cf(0.080540, -0.551870, -0.423638, -0.500005, -0.754605, 0.424931, 0.804488, -0.223068, 0.550490, -0.320614, 0.617099, 0.718606)
Right_Arm_k3_HumanoidRootPart_Torso.Parent = Torso_k3_HumanoidRootPart_Torso



--Left Arm
 Left_Arm_k3_HumanoidRootPart_Torso = Instance.new("Pose")
Left_Arm_k3_HumanoidRootPart_Torso.Name = "Left Arm"
Left_Arm_k3_HumanoidRootPart_Torso.CFrame = cf(-0.174996, -0.537765, 0.017906, -0.445009, 0.777298, -0.444719, -0.857726, -0.512712, -0.037854, -0.257437, 0.364602, 0.894870)
Left_Arm_k3_HumanoidRootPart_Torso.Parent = Torso_k3_HumanoidRootPart_Torso



--Right Leg
 Right_Leg_k3_HumanoidRootPart_Torso = Instance.new("Pose")
Right_Leg_k3_HumanoidRootPart_Torso.Name = "Right Leg"
Right_Leg_k3_HumanoidRootPart_Torso.CFrame = cf(0.783155, 0.354905, -0.023938, 0.898782, 0.436505, -0.040673, -0.423092, 0.887964, 0.180314, 0.114824, -0.144854, 0.982768)
Right_Leg_k3_HumanoidRootPart_Torso.Parent = Torso_k3_HumanoidRootPart_Torso



--Left Leg
 Left_Leg_k3_HumanoidRootPart_Torso = Instance.new("Pose")
Left_Leg_k3_HumanoidRootPart_Torso.Name = "Left Leg"
Left_Leg_k3_HumanoidRootPart_Torso.CFrame = cf(-0.769616, 0.109741, -0.000625, 0.904934, -0.424041, -0.035820, 0.412237, 0.894400, -0.173519, 0.105617, 0.142257, 0.984179)
Left_Leg_k3_HumanoidRootPart_Torso.Parent = Torso_k3_HumanoidRootPart_Torso



--Head
 Head_k3_HumanoidRootPart_Torso_Head = Instance.new("Pose")
Head_k3_HumanoidRootPart_Torso_Head.Name = "Head"
Head_k3_HumanoidRootPart_Torso_Head.CFrame = cf(0.000000, -0.000000, -0.000000, 0.996819, -0.016440, 0.077983, 0.021771, 0.997447, -0.068008, -0.076666, 0.069489, 0.994632)
Head_k3_HumanoidRootPart_Torso_Head.Parent = Torso_k3_HumanoidRootPart_Torso



-- Keyframe 4 (Time: 0.10000000149011612)
 keyframe4 = Instance.new("Keyframe")
keyframe4.Time = 0.10000000149011612
keyframe4.Parent = KeyframeSequence

--HumanoidRootPart
 HumanoidRootPart_k4_HumanoidRootPart = Instance.new("Pose")
HumanoidRootPart_k4_HumanoidRootPart.Name = "HumanoidRootPart"
HumanoidRootPart_k4_HumanoidRootPart.CFrame = cf(0.000000, 0.000000, 0.000000, 1.000000, 0.000000, 0.000000, 0.000000, 1.000000, 0.000000, 0.000000, 0.000000, 1.000000)
HumanoidRootPart_k4_HumanoidRootPart.Parent = keyframe4



--Torso
 Torso_k4_HumanoidRootPart_Torso = Instance.new("Pose")
Torso_k4_HumanoidRootPart_Torso.Name = "Torso"
Torso_k4_HumanoidRootPart_Torso.CFrame = cf(0.100855, -0.000056, -0.461260, 0.994470, 0.045110, -0.094835, -0.046588, 0.998824, -0.013422, 0.094118, 0.017766, 0.995403)
Torso_k4_HumanoidRootPart_Torso.Parent = HumanoidRootPart_k4_HumanoidRootPart



--Right Arm
 Right_Arm_k4_HumanoidRootPart_Torso = Instance.new("Pose")
Right_Arm_k4_HumanoidRootPart_Torso.Name = "Right Arm"
Right_Arm_k4_HumanoidRootPart_Torso.CFrame = cf(0.117129, -0.577760, -0.565890, -0.520891, -0.685547, 0.508625, 0.814137, -0.219853, 0.537444, -0.256620, 0.694039, 0.672648)
Right_Arm_k4_HumanoidRootPart_Torso.Parent = Torso_k4_HumanoidRootPart_Torso



--Left Arm
 Left_Arm_k4_HumanoidRootPart_Torso = Instance.new("Pose")
Left_Arm_k4_HumanoidRootPart_Torso.Name = "Left Arm"
Left_Arm_k4_HumanoidRootPart_Torso.CFrame = cf(-0.176636, -0.565674, 0.006466, -0.491373, 0.822074, -0.287659, -0.847151, -0.527806, -0.061283, -0.202207, 0.213578, 0.955770)
Left_Arm_k4_HumanoidRootPart_Torso.Parent = Torso_k4_HumanoidRootPart_Torso



--Right Leg
 Right_Leg_k4_HumanoidRootPart_Torso = Instance.new("Pose")
Right_Leg_k4_HumanoidRootPart_Torso.Name = "Right Leg"
Right_Leg_k4_HumanoidRootPart_Torso.CFrame = cf(0.798577, 0.435297, -0.040635, 0.891686, 0.447820, -0.065981, -0.419642, 0.872472, 0.250387, 0.169695, -0.195578, 0.965895)
Right_Leg_k4_HumanoidRootPart_Torso.Parent = Torso_k4_HumanoidRootPart_Torso



--Left Leg
 Left_Leg_k4_HumanoidRootPart_Torso = Instance.new("Pose")
Left_Leg_k4_HumanoidRootPart_Torso.Name = "Left Leg"
Left_Leg_k4_HumanoidRootPart_Torso.CFrame = cf(-0.811004, 0.100233, -0.007792, 0.893646, -0.445030, -0.057829, 0.420393, 0.875252, -0.239175, 0.157055, 0.189427, 0.969253)
Left_Leg_k4_HumanoidRootPart_Torso.Parent = Torso_k4_HumanoidRootPart_Torso



--Head
 Head_k4_HumanoidRootPart_Torso_Head = Instance.new("Pose")
Head_k4_HumanoidRootPart_Torso_Head.Name = "Head"
Head_k4_HumanoidRootPart_Torso_Head.CFrame = cf(0.000000, 0.000000, 0.000000, 0.995295, -0.020645, 0.094666, 0.036542, 0.984869, -0.169404, -0.089736, 0.172066, 0.980990)
Head_k4_HumanoidRootPart_Torso_Head.Parent = Torso_k4_HumanoidRootPart_Torso



-- Keyframe 5 (Time: 0.13333334028720856)
 keyframe5 = Instance.new("Keyframe")
keyframe5.Time = 0.13333334028720856
keyframe5.Parent = KeyframeSequence

--HumanoidRootPart
 HumanoidRootPart_k5_HumanoidRootPart = Instance.new("Pose")
HumanoidRootPart_k5_HumanoidRootPart.Name = "HumanoidRootPart"
HumanoidRootPart_k5_HumanoidRootPart.CFrame = cf(0.000000, 0.000000, 0.000000, 1.000000, 0.000000, 0.000000, 0.000000, 1.000000, 0.000000, 0.000000, 0.000000, 1.000000)
HumanoidRootPart_k5_HumanoidRootPart.Parent = keyframe5



--Torso
 Torso_k5_HumanoidRootPart_Torso = Instance.new("Pose")
Torso_k5_HumanoidRootPart_Torso.Name = "Torso"
Torso_k5_HumanoidRootPart_Torso.CFrame = cf(0.149415, -0.000099, -0.413595, 0.990310, 0.067148, -0.121564, -0.070192, 0.997314, -0.020932, 0.119832, 0.029262, 0.992363)
Torso_k5_HumanoidRootPart_Torso.Parent = HumanoidRootPart_k5_HumanoidRootPart



--Right Arm
 Right_Arm_k5_HumanoidRootPart_Torso = Instance.new("Pose")
Right_Arm_k5_HumanoidRootPart_Torso.Name = "Right Arm"
Right_Arm_k5_HumanoidRootPart_Torso.CFrame = cf(0.218207, -0.561992, -0.672776, -0.544174, -0.606770, 0.579401, 0.819782, -0.237695, 0.521017, -0.178417, 0.758506, 0.626766)
Right_Arm_k5_HumanoidRootPart_Torso.Parent = Torso_k5_HumanoidRootPart_Torso



--Left Arm
 Left_Arm_k5_HumanoidRootPart_Torso = Instance.new("Pose")
Left_Arm_k5_HumanoidRootPart_Torso.Name = "Left Arm"
Left_Arm_k5_HumanoidRootPart_Torso.CFrame = cf(-0.176812, -0.588670, -0.012569, -0.522652, 0.838350, -0.154930, -0.839784, -0.537582, -0.075949, -0.146960, 0.090413, 0.985002)
Left_Arm_k5_HumanoidRootPart_Torso.Parent = Torso_k5_HumanoidRootPart_Torso



--Right Leg
 Right_Leg_k5_HumanoidRootPart_Torso = Instance.new("Pose")
Right_Leg_k5_HumanoidRootPart_Torso.Name = "Right Leg"
Right_Leg_k5_HumanoidRootPart_Torso.CFrame = cf(0.748549, 0.462994, -0.062932, 0.913913, 0.397487, -0.082262, -0.352892, 0.878197, 0.322857, 0.200574, -0.266034, 0.942866)
Right_Leg_k5_HumanoidRootPart_Torso.Parent = Torso_k5_HumanoidRootPart_Torso



--Left Leg
 Left_Leg_k5_HumanoidRootPart_Torso = Instance.new("Pose")
Left_Leg_k5_HumanoidRootPart_Torso.Name = "Left Leg"
Left_Leg_k5_HumanoidRootPart_Torso.CFrame = cf(-0.750798, 0.034622, -0.017307, 0.916733, -0.393356, -0.069802, 0.355515, 0.882951, -0.306606, 0.182237, 0.256261, 0.949274)
Left_Leg_k5_HumanoidRootPart_Torso.Parent = Torso_k5_HumanoidRootPart_Torso



--Head
 Head_k5_HumanoidRootPart_Torso_Head = Instance.new("Pose")
Head_k5_HumanoidRootPart_Torso_Head.Name = "Head"
Head_k5_HumanoidRootPart_Torso_Head.CFrame = cf(0.000000, -0.000000, 0.000000, 0.991865, -0.035349, 0.122291, 0.059460, 0.978085, -0.199537, -0.112558, 0.205185, 0.972229)
Head_k5_HumanoidRootPart_Torso_Head.Parent = Torso_k5_HumanoidRootPart_Torso



-- Keyframe 6 (Time: 0.1666666716337204)
 keyframe6 = Instance.new("Keyframe")
keyframe6.Time = 0.1666666716337204
keyframe6.Parent = KeyframeSequence

--HumanoidRootPart
 HumanoidRootPart_k6_HumanoidRootPart = Instance.new("Pose")
HumanoidRootPart_k6_HumanoidRootPart.Name = "HumanoidRootPart"
HumanoidRootPart_k6_HumanoidRootPart.CFrame = cf(0.000000, 0.000000, 0.000000, 1.000000, 0.000000, 0.000000, 0.000000, 1.000000, 0.000000, 0.000000, 0.000000, 1.000000)
HumanoidRootPart_k6_HumanoidRootPart.Parent = keyframe6



--Torso
 Torso_k6_HumanoidRootPart_Torso = Instance.new("Pose")
Torso_k6_HumanoidRootPart_Torso.Name = "Torso"
Torso_k6_HumanoidRootPart_Torso.CFrame = cf(0.186768, -0.000153, -0.321728, 0.982619, 0.087168, -0.163897, -0.094673, 0.994762, -0.038536, 0.159680, 0.053383, 0.985724)
Torso_k6_HumanoidRootPart_Torso.Parent = HumanoidRootPart_k6_HumanoidRootPart



--Right Arm
 Right_Arm_k6_HumanoidRootPart_Torso = Instance.new("Pose")
Right_Arm_k6_HumanoidRootPart_Torso.Name = "Right Arm"
Right_Arm_k6_HumanoidRootPart_Torso.CFrame = cf(0.349880, -0.532804, -0.736378, -0.568214, -0.535404, 0.624880, 0.816065, -0.269105, 0.511489, -0.105695, 0.800578, 0.589834)
Right_Arm_k6_HumanoidRootPart_Torso.Parent = Torso_k6_HumanoidRootPart_Torso



--Left Arm
 Left_Arm_k6_HumanoidRootPart_Torso = Instance.new("Pose")
Left_Arm_k6_HumanoidRootPart_Torso.Name = "Left Arm"
Left_Arm_k6_HumanoidRootPart_Torso.CFrame = cf(-0.176186, -0.607323, -0.040621, -0.533402, 0.839950, -0.099830, -0.837009, -0.541161, -0.080997, -0.122057, 0.040355, 0.991702)
Left_Arm_k6_HumanoidRootPart_Torso.Parent = Torso_k6_HumanoidRootPart_Torso



--Right Leg
 Right_Leg_k6_HumanoidRootPart_Torso = Instance.new("Pose")
Right_Leg_k6_HumanoidRootPart_Torso.Name = "Right Leg"
Right_Leg_k6_HumanoidRootPart_Torso.CFrame = cf(0.700512, 0.496521, -0.094338, 0.935982, 0.339353, -0.093690, -0.278830, 0.877052, 0.391195, 0.214924, -0.340028, 0.915527)
Right_Leg_k6_HumanoidRootPart_Torso.Parent = Torso_k6_HumanoidRootPart_Torso



--Left Leg
 Left_Leg_k6_HumanoidRootPart_Torso = Instance.new("Pose")
Left_Leg_k6_HumanoidRootPart_Torso.Name = "Left Leg"
Left_Leg_k6_HumanoidRootPart_Torso.CFrame = cf(-0.603496, -0.052614, -0.031697, 0.959384, -0.270917, -0.078650, 0.223655, 0.900372, -0.373240, 0.171931, 0.340490, 0.924395)
Left_Leg_k6_HumanoidRootPart_Torso.Parent = Torso_k6_HumanoidRootPart_Torso



--Head
 Head_k6_HumanoidRootPart_Torso_Head = Instance.new("Pose")
Head_k6_HumanoidRootPart_Torso_Head.Name = "Head"
Head_k6_HumanoidRootPart_Torso_Head.CFrame = cf(0.000000, -0.000000, 0.000000, 0.985346, -0.052083, 0.162420, 0.080879, 0.981049, -0.176073, -0.150172, 0.186629, 0.970885)
Head_k6_HumanoidRootPart_Torso_Head.Parent = Torso_k6_HumanoidRootPart_Torso



-- Keyframe 7 (Time: 0.20000000298023224)
 keyframe7 = Instance.new("Keyframe")
keyframe7.Time = 0.20000000298023224
keyframe7.Parent = KeyframeSequence

--HumanoidRootPart
 HumanoidRootPart_k7_HumanoidRootPart = Instance.new("Pose")
HumanoidRootPart_k7_HumanoidRootPart.Name = "HumanoidRootPart"
HumanoidRootPart_k7_HumanoidRootPart.CFrame = cf(0.000000, 0.000000, 0.000000, 1.000000, 0.000000, 0.000000, 0.000000, 1.000000, 0.000000, 0.000000, 0.000000, 1.000000)
HumanoidRootPart_k7_HumanoidRootPart.Parent = keyframe7



--Torso
 Torso_k7_HumanoidRootPart_Torso = Instance.new("Pose")
Torso_k7_HumanoidRootPart_Torso.Name = "Torso"
Torso_k7_HumanoidRootPart_Torso.CFrame = cf(0.201710, -0.000218, -0.262342, 0.971044, 0.093200, -0.219973, -0.107829, 0.992623, -0.055437, 0.213183, 0.077551, 0.973930)
Torso_k7_HumanoidRootPart_Torso.Parent = HumanoidRootPart_k7_HumanoidRootPart



--Right Arm
 Right_Arm_k7_HumanoidRootPart_Torso = Instance.new("Pose")
Right_Arm_k7_HumanoidRootPart_Torso.Name = "Right Arm"
Right_Arm_k7_HumanoidRootPart_Torso.CFrame = cf(0.414533, -0.515988, -0.757433, -0.598552, -0.490865, 0.633077, 0.798757, -0.305516, 0.518312, -0.061006, 0.815912, 0.574949)
Right_Arm_k7_HumanoidRootPart_Torso.Parent = Torso_k7_HumanoidRootPart_Torso



--Left Arm
 Left_Arm_k7_HumanoidRootPart_Torso = Instance.new("Pose")
Left_Arm_k7_HumanoidRootPart_Torso.Name = "Left Arm"
Left_Arm_k7_HumanoidRootPart_Torso.CFrame = cf(-0.175397, -0.622136, -0.076327, -0.528409, 0.840270, -0.121371, -0.838537, -0.538906, -0.080221, -0.132815, 0.059384, 0.989360)
Left_Arm_k7_HumanoidRootPart_Torso.Parent = Torso_k7_HumanoidRootPart_Torso



--Right Leg
 Right_Leg_k7_HumanoidRootPart_Torso = Instance.new("Pose")
Right_Leg_k7_HumanoidRootPart_Torso.Name = "Right Leg"
Right_Leg_k7_HumanoidRootPart_Torso.CFrame = cf(0.713590, 0.584304, -0.144830, 0.932491, 0.341997, -0.116183, -0.253573, 0.848924, 0.463712, 0.257218, -0.402946, 0.878336)
Right_Leg_k7_HumanoidRootPart_Torso.Parent = Torso_k7_HumanoidRootPart_Torso



--Left Leg
 Left_Leg_k7_HumanoidRootPart_Torso = Instance.new("Pose")
Left_Leg_k7_HumanoidRootPart_Torso.Name = "Left Leg"
Left_Leg_k7_HumanoidRootPart_Torso.CFrame = cf(-0.418004, -0.139768, -0.053582, 0.988082, -0.120502, -0.095782, 0.066309, 0.894746, -0.441626, 0.138918, 0.430011, 0.892072)
Left_Leg_k7_HumanoidRootPart_Torso.Parent = Torso_k7_HumanoidRootPart_Torso



--Head
 Head_k7_HumanoidRootPart_Torso_Head = Instance.new("Pose")
Head_k7_HumanoidRootPart_Torso_Head.Name = "Head"
Head_k7_HumanoidRootPart_Torso_Head.CFrame = cf(0.000000, -0.000000, -0.000000, 0.975509, -0.054834, 0.213014, 0.088650, 0.984304, -0.152601, -0.201303, 0.167747, 0.965059)
Head_k7_HumanoidRootPart_Torso_Head.Parent = Torso_k7_HumanoidRootPart_Torso



-- Keyframe 8 (Time: 0.23333333432674408)
 keyframe8 = Instance.new("Keyframe")
keyframe8.Time = 0.23333333432674408
keyframe8.Parent = KeyframeSequence

--HumanoidRootPart
 HumanoidRootPart_k8_HumanoidRootPart = Instance.new("Pose")
HumanoidRootPart_k8_HumanoidRootPart.Name = "HumanoidRootPart"
HumanoidRootPart_k8_HumanoidRootPart.CFrame = cf(0.000000, 0.000000, 0.000000, 1.000000, 0.000000, 0.000000, 0.000000, 1.000000, 0.000000, 0.000000, 0.000000, 1.000000)
HumanoidRootPart_k8_HumanoidRootPart.Parent = keyframe8



--Torso
 Torso_k8_HumanoidRootPart_Torso = Instance.new("Pose")
Torso_k8_HumanoidRootPart_Torso.Name = "Torso"
Torso_k8_HumanoidRootPart_Torso.CFrame = cf(0.189651, -0.000294, -0.250700, 0.963789, 0.088831, -0.251436, -0.108546, 0.991922, -0.065633, 0.243575, 0.090548, 0.965646)
Torso_k8_HumanoidRootPart_Torso.Parent = HumanoidRootPart_k8_HumanoidRootPart



--Right Arm
 Right_Arm_k8_HumanoidRootPart_Torso = Instance.new("Pose")
Right_Arm_k8_HumanoidRootPart_Torso.Name = "Right Arm"
Right_Arm_k8_HumanoidRootPart_Torso.CFrame = cf(0.395442, -0.546950, -0.696670, -0.639608, -0.498647, 0.585023, 0.766175, -0.351888, 0.537728, -0.062274, 0.792165, 0.607121)
Right_Arm_k8_HumanoidRootPart_Torso.Parent = Torso_k8_HumanoidRootPart_Torso



--Left Arm
 Left_Arm_k8_HumanoidRootPart_Torso = Instance.new("Pose")
Left_Arm_k8_HumanoidRootPart_Torso.Name = "Left Arm"
Left_Arm_k8_HumanoidRootPart_Torso.CFrame = cf(-0.174244, -0.633507, -0.116885, -0.513420, 0.837875, -0.185381, -0.842854, -0.532959, -0.074518, -0.161237, 0.117989, 0.979837)
Left_Arm_k8_HumanoidRootPart_Torso.Parent = Torso_k8_HumanoidRootPart_Torso



--Right Leg
 Right_Leg_k8_HumanoidRootPart_Torso = Instance.new("Pose")
Right_Leg_k8_HumanoidRootPart_Torso.Name = "Right Leg"
Right_Leg_k8_HumanoidRootPart_Torso.CFrame = cf(0.758881, 0.667954, -0.189673, 0.914693, 0.383857, -0.126456, -0.278160, 0.824929, 0.492056, 0.293196, -0.414905, 0.861330)
Right_Leg_k8_HumanoidRootPart_Torso.Parent = Torso_k8_HumanoidRootPart_Torso



--Left Leg
 Left_Leg_k8_HumanoidRootPart_Torso = Instance.new("Pose")
Left_Leg_k8_HumanoidRootPart_Torso.Name = "Left Leg"
Left_Leg_k8_HumanoidRootPart_Torso.CFrame = cf(-0.319054, -0.177947, -0.063184, 0.993642, -0.040174, -0.105172, -0.014080, 0.882492, -0.470116, 0.111700, 0.468608, 0.876316)
Left_Leg_k8_HumanoidRootPart_Torso.Parent = Torso_k8_HumanoidRootPart_Torso



--Head
 Head_k8_HumanoidRootPart_Torso_Head = Instance.new("Pose")
Head_k8_HumanoidRootPart_Torso_Head.Name = "Head"
Head_k8_HumanoidRootPart_Torso_Head.CFrame = cf(0.000000, 0.000000, -0.000000, 0.969917, -0.050788, 0.238081, 0.086054, 0.986383, -0.140157, -0.227721, 0.156429, 0.961079)
Head_k8_HumanoidRootPart_Torso_Head.Parent = Torso_k8_HumanoidRootPart_Torso



-- Keyframe 9 (Time: 0.2666666805744171)
 keyframe9 = Instance.new("Keyframe")
keyframe9.Time = 0.2666666805744171
keyframe9.Parent = KeyframeSequence

--HumanoidRootPart
 HumanoidRootPart_k9_HumanoidRootPart = Instance.new("Pose")
HumanoidRootPart_k9_HumanoidRootPart.Name = "HumanoidRootPart"
HumanoidRootPart_k9_HumanoidRootPart.CFrame = cf(0.000000, 0.000000, 0.000000, 1.000000, 0.000000, 0.000000, 0.000000, 1.000000, 0.000000, 0.000000, 0.000000, 1.000000)
HumanoidRootPart_k9_HumanoidRootPart.Parent = keyframe9



--Torso
 Torso_k9_HumanoidRootPart_Torso = Instance.new("Pose")
Torso_k9_HumanoidRootPart_Torso.Name = "Torso"
Torso_k9_HumanoidRootPart_Torso.CFrame = cf(0.157860, -0.000381, -0.254850, 0.963812, 0.081715, -0.253749, -0.102734, 0.992194, -0.070695, 0.245991, 0.094206, 0.964683)
Torso_k9_HumanoidRootPart_Torso.Parent = HumanoidRootPart_k9_HumanoidRootPart



--Right Arm
 Right_Arm_k9_HumanoidRootPart_Torso = Instance.new("Pose")
Right_Arm_k9_HumanoidRootPart_Torso.Name = "Right Arm"
Right_Arm_k9_HumanoidRootPart_Torso.CFrame = cf(0.348782, -0.627353, -0.544310, -0.683031, -0.550172, 0.480395, 0.722821, -0.414734, 0.552743, -0.104868, 0.724781, 0.680952)
Right_Arm_k9_HumanoidRootPart_Torso.Parent = Torso_k9_HumanoidRootPart_Torso



--Left Arm
 Left_Arm_k9_HumanoidRootPart_Torso = Instance.new("Pose")
Left_Arm_k9_HumanoidRootPart_Torso.Name = "Left Arm"
Left_Arm_k9_HumanoidRootPart_Torso.CFrame = cf(-0.172091, -0.641944, -0.161271, -0.487184, 0.823583, -0.290452, -0.849937, -0.523573, -0.058978, -0.200646, 0.218133, 0.955070)
Left_Arm_k9_HumanoidRootPart_Torso.Parent = Torso_k9_HumanoidRootPart_Torso



--Right Leg
 Right_Leg_k9_HumanoidRootPart_Torso = Instance.new("Pose")
Right_Leg_k9_HumanoidRootPart_Torso.Name = "Right Leg"
Right_Leg_k9_HumanoidRootPart_Torso.CFrame = cf(0.793274, 0.692748, -0.199549, 0.904300, 0.411993, -0.111814, -0.317136, 0.823676, 0.470089, 0.285772, -0.389641, 0.875508)
Right_Leg_k9_HumanoidRootPart_Torso.Parent = Torso_k9_HumanoidRootPart_Torso



--Left Leg
 Left_Leg_k9_HumanoidRootPart_Torso = Instance.new("Pose")
Left_Leg_k9_HumanoidRootPart_Torso.Name = "Left Leg"
Left_Leg_k9_HumanoidRootPart_Torso.CFrame = cf(-0.344330, -0.162999, -0.057429, 0.993648, -0.051836, -0.099885, 0.000373, 0.889109, -0.457695, 0.112533, 0.454750, 0.883481)
Left_Leg_k9_HumanoidRootPart_Torso.Parent = Torso_k9_HumanoidRootPart_Torso



--Head
 Head_k9_HumanoidRootPart_Torso_Head = Instance.new("Pose")
Head_k9_HumanoidRootPart_Torso_Head.Name = "Head"
Head_k9_HumanoidRootPart_Torso_Head.CFrame = cf(0.000000, 0.000000, 0.000000, 0.971043, -0.046755, 0.234287, 0.080569, 0.987302, -0.136905, -0.224911, 0.151817, 0.962479)
Head_k9_HumanoidRootPart_Torso_Head.Parent = Torso_k9_HumanoidRootPart_Torso



-- Keyframe 10 (Time: 0.30000001192092896)
 keyframe10 = Instance.new("Keyframe")
keyframe10.Time = 0.30000001192092896
keyframe10.Parent = KeyframeSequence

--HumanoidRootPart
 HumanoidRootPart_k10_HumanoidRootPart = Instance.new("Pose")
HumanoidRootPart_k10_HumanoidRootPart.Name = "HumanoidRootPart"
HumanoidRootPart_k10_HumanoidRootPart.CFrame = cf(0.000000, 0.000000, 0.000000, 1.000000, 0.000000, 0.000000, 0.000000, 1.000000, 0.000000, 0.000000, 0.000000, 1.000000)
HumanoidRootPart_k10_HumanoidRootPart.Parent = keyframe10



--Torso
 Torso_k10_HumanoidRootPart_Torso = Instance.new("Pose")
Torso_k10_HumanoidRootPart_Torso.Name = "Torso"
Torso_k10_HumanoidRootPart_Torso.CFrame = cf(0.112914, -0.000478, -0.284825, 0.971611, 0.068329, -0.226503, -0.087248, 0.993391, -0.074581, 0.219910, 0.092225, 0.971151)
Torso_k10_HumanoidRootPart_Torso.Parent = HumanoidRootPart_k10_HumanoidRootPart



--Right Arm
 Right_Arm_k10_HumanoidRootPart_Torso = Instance.new("Pose")
Right_Arm_k10_HumanoidRootPart_Torso.Name = "Right Arm"
Right_Arm_k10_HumanoidRootPart_Torso.CFrame = cf(0.286228, -0.732505, -0.345487, -0.714740, -0.612607, 0.337430, 0.677118, -0.485332, 0.553140, -0.175091, 0.623831, 0.761694)
Right_Arm_k10_HumanoidRootPart_Torso.Parent = Torso_k10_HumanoidRootPart_Torso



--Left Arm
 Left_Arm_k10_HumanoidRootPart_Torso = Instance.new("Pose")
Left_Arm_k10_HumanoidRootPart_Torso.Name = "Left Arm"
Left_Arm_k10_HumanoidRootPart_Torso.CFrame = cf(-0.167986, -0.648075, -0.208277, -0.448336, 0.782631, -0.431838, -0.860343, -0.508886, -0.029055, -0.242496, 0.358502, 0.901483)
Left_Arm_k10_HumanoidRootPart_Torso.Parent = Torso_k10_HumanoidRootPart_Torso



--Right Leg
 Right_Leg_k10_HumanoidRootPart_Torso = Instance.new("Pose")
Right_Leg_k10_HumanoidRootPart_Torso.Name = "Right Leg"
Right_Leg_k10_HumanoidRootPart_Torso.CFrame = cf(0.805145, 0.638150, -0.161234, 0.911889, 0.403327, -0.076065, -0.344332, 0.852626, 0.393020, 0.223371, -0.332199, 0.916378)
Right_Leg_k10_HumanoidRootPart_Torso.Parent = Torso_k10_HumanoidRootPart_Torso



--Left Leg
 Left_Leg_k10_HumanoidRootPart_Torso = Instance.new("Pose")
Left_Leg_k10_HumanoidRootPart_Torso.Name = "Left Leg"
Left_Leg_k10_HumanoidRootPart_Torso.CFrame = cf(-0.481317, -0.089155, -0.036137, 0.986367, -0.140037, -0.086425, 0.093736, 0.909788, -0.404352, 0.135252, 0.390738, 0.910511)
Left_Leg_k10_HumanoidRootPart_Torso.Parent = Torso_k10_HumanoidRootPart_Torso



--Head
 Head_k10_HumanoidRootPart_Torso_Head = Instance.new("Pose")
Head_k10_HumanoidRootPart_Torso_Head.Name = "Head"
Head_k10_HumanoidRootPart_Torso_Head.CFrame = cf(0.000000, 0.000000, 0.000000, 0.978889, -0.039749, 0.200491, 0.068596, 0.987906, -0.139053, -0.192539, 0.149870, 0.969777)
Head_k10_HumanoidRootPart_Torso_Head.Parent = Torso_k10_HumanoidRootPart_Torso



-- Keyframe 11 (Time: 0.3333333432674408)
 keyframe11 = Instance.new("Keyframe")
keyframe11.Time = 0.3333333432674408
keyframe11.Parent = KeyframeSequence

--HumanoidRootPart
 HumanoidRootPart_k11_HumanoidRootPart = Instance.new("Pose")
HumanoidRootPart_k11_HumanoidRootPart.Name = "HumanoidRootPart"
HumanoidRootPart_k11_HumanoidRootPart.CFrame = cf(0.000000, 0.000000, 0.000000, 1.000000, 0.000000, 0.000000, 0.000000, 1.000000, 0.000000, 0.000000, 0.000000, 1.000000)
HumanoidRootPart_k11_HumanoidRootPart.Parent = keyframe11



--Torso
 Torso_k11_HumanoidRootPart_Torso = Instance.new("Pose")
Torso_k11_HumanoidRootPart_Torso.Name = "Torso"
Torso_k11_HumanoidRootPart_Torso.CFrame = cf(0.061390, -0.000584, -0.358598, 0.986345, 0.047316, -0.157752, -0.059418, 0.995568, -0.072898, 0.153603, 0.081275, 0.984784)
Torso_k11_HumanoidRootPart_Torso.Parent = HumanoidRootPart_k11_HumanoidRootPart



--Right Arm
 Right_Arm_k11_HumanoidRootPart_Torso = Instance.new("Pose")
Right_Arm_k11_HumanoidRootPart_Torso.Name = "Right Arm"
Right_Arm_k11_HumanoidRootPart_Torso.CFrame = cf(0.219894, -0.837933, -0.145912, -0.726956, -0.660830, 0.186652, 0.638791, -0.551058, 0.536918, -0.251956, 0.509547, 0.822727)
Right_Arm_k11_HumanoidRootPart_Torso.Parent = Torso_k11_HumanoidRootPart_Torso



--Left Arm
 Left_Arm_k11_HumanoidRootPart_Torso = Instance.new("Pose")
Left_Arm_k11_HumanoidRootPart_Torso.Name = "Left Arm"
Left_Arm_k11_HumanoidRootPart_Torso.CFrame = cf(-0.161004, -0.652644, -0.255874, -0.398701, 0.700735, -0.591615, -0.874429, -0.484924, 0.014930, -0.276426, 0.523277, 0.806083)
Left_Arm_k11_HumanoidRootPart_Torso.Parent = Torso_k11_HumanoidRootPart_Torso



--Right Leg
 Right_Leg_k11_HumanoidRootPart_Torso = Instance.new("Pose")
Right_Leg_k11_HumanoidRootPart_Torso.Name = "Right Leg"
Right_Leg_k11_HumanoidRootPart_Torso.CFrame = cf(0.807823, 0.516451, -0.094959, 0.923831, 0.382100, -0.023137, -0.365429, 0.898297, 0.243974, 0.114007, -0.216936, 0.969506)
Right_Leg_k11_HumanoidRootPart_Torso.Parent = Torso_k11_HumanoidRootPart_Torso



--Left Leg
 Left_Leg_k11_HumanoidRootPart_Torso = Instance.new("Pose")
Left_Leg_k11_HumanoidRootPart_Torso.Name = "Left Leg"
Left_Leg_k11_HumanoidRootPart_Torso.CFrame = cf(-0.661632, 0.054133, -0.002493, 0.961083, -0.269435, -0.061028, 0.241332, 0.926346, -0.289210, 0.134456, 0.263227, 0.955318)
Left_Leg_k11_HumanoidRootPart_Torso.Parent = Torso_k11_HumanoidRootPart_Torso



--Head
 Head_k11_HumanoidRootPart_Torso_Head = Instance.new("Pose")
Head_k11_HumanoidRootPart_Torso_Head.Name = "Head"
Head_k11_HumanoidRootPart_Torso_Head.CFrame = cf(0.000000, 0.000000, -0.000000, 0.991733, -0.029791, 0.124815, 0.048506, 0.987540, -0.149707, -0.118800, 0.154523, 0.980821)
Head_k11_HumanoidRootPart_Torso_Head.Parent = Torso_k11_HumanoidRootPart_Torso



-- Keyframe 12 (Time: 0.36666667461395264)
 keyframe12 = Instance.new("Keyframe")
keyframe12.Time = 0.36666667461395264
keyframe12.Parent = KeyframeSequence

--HumanoidRootPart
 HumanoidRootPart_k12_HumanoidRootPart = Instance.new("Pose")
HumanoidRootPart_k12_HumanoidRootPart.Name = "HumanoidRootPart"
HumanoidRootPart_k12_HumanoidRootPart.CFrame = cf(0.000000, 0.000000, 0.000000, 1.000000, 0.000000, 0.000000, 0.000000, 1.000000, 0.000000, 0.000000, 0.000000, 1.000000)
HumanoidRootPart_k12_HumanoidRootPart.Parent = keyframe12



--Torso
 Torso_k12_HumanoidRootPart_Torso = Instance.new("Pose")
Torso_k12_HumanoidRootPart_Torso.Name = "Torso"
Torso_k12_HumanoidRootPart_Torso.CFrame = cf(0.009866, -0.000700, -0.457447, 0.997577, 0.021097, -0.066289, -0.025098, 0.997876, -0.060116, 0.064880, 0.061634, 0.995988)
Torso_k12_HumanoidRootPart_Torso.Parent = HumanoidRootPart_k12_HumanoidRootPart



--Right Arm
 Right_Arm_k12_HumanoidRootPart_Torso = Instance.new("Pose")
Right_Arm_k12_HumanoidRootPart_Torso.Name = "Right Arm"
Right_Arm_k12_HumanoidRootPart_Torso.CFrame = cf(0.162823, -0.919152, 0.008154, -0.724306, -0.686233, 0.066817, 0.615196, -0.599474, 0.512020, -0.311310, 0.411965, 0.856371)
Right_Arm_k12_HumanoidRootPart_Torso.Parent = Torso_k12_HumanoidRootPart_Torso



--Left Arm
 Left_Arm_k12_HumanoidRootPart_Torso = Instance.new("Pose")
Left_Arm_k12_HumanoidRootPart_Torso.Name = "Left Arm"
Left_Arm_k12_HumanoidRootPart_Torso.CFrame = cf(-0.151733, -0.656120, -0.300429, -0.347969, 0.590413, -0.728238, -0.889802, -0.452618, 0.058211, -0.295245, 0.668244, 0.682848)
Left_Arm_k12_HumanoidRootPart_Torso.Parent = Torso_k12_HumanoidRootPart_Torso



--Right Leg
 Right_Leg_k12_HumanoidRootPart_Torso = Instance.new("Pose")
Right_Leg_k12_HumanoidRootPart_Torso.Name = "Right Leg"
Right_Leg_k12_HumanoidRootPart_Torso.CFrame = cf(0.820242, 0.390255, -0.043470, 0.923370, 0.383082, 0.025224, -0.383912, 0.921358, 0.060918, 0.000097, -0.065934, 0.997824)
Right_Leg_k12_HumanoidRootPart_Torso.Parent = Torso_k12_HumanoidRootPart_Torso



--Left Leg
 Left_Leg_k12_HumanoidRootPart_Torso = Instance.new("Pose")
Left_Leg_k12_HumanoidRootPart_Torso.Name = "Left Leg"
Left_Leg_k12_HumanoidRootPart_Torso.CFrame = cf(-0.788665, 0.234088, 0.015674, 0.924485, -0.380648, -0.020851, 0.375622, 0.918888, -0.120638, 0.065081, 0.103696, 0.992478)
Left_Leg_k12_HumanoidRootPart_Torso.Parent = Torso_k12_HumanoidRootPart_Torso



--Head
 Head_k12_HumanoidRootPart_Torso_Head = Instance.new("Pose")
Head_k12_HumanoidRootPart_Torso_Head.Name = "Head"
Head_k12_HumanoidRootPart_Torso_Head.CFrame = cf(0.000000, 0.000000, -0.000000, 0.999480, -0.018361, 0.026513, 0.022571, 0.985457, -0.168422, -0.023035, 0.168932, 0.985358)
Head_k12_HumanoidRootPart_Torso_Head.Parent = Torso_k12_HumanoidRootPart_Torso



-- Keyframe 13 (Time: 0.4000000059604645)
 keyframe13 = Instance.new("Keyframe")
keyframe13.Time = 0.4000000059604645
keyframe13.Parent = KeyframeSequence

--HumanoidRootPart
 HumanoidRootPart_k13_HumanoidRootPart = Instance.new("Pose")
HumanoidRootPart_k13_HumanoidRootPart.Name = "HumanoidRootPart"
HumanoidRootPart_k13_HumanoidRootPart.CFrame = cf(0.000000, 0.000000, 0.000000, 1.000000, 0.000000, 0.000000, 0.000000, 1.000000, 0.000000, 0.000000, 0.000000, 1.000000)
HumanoidRootPart_k13_HumanoidRootPart.Parent = keyframe13



--Torso
 Torso_k13_HumanoidRootPart_Torso = Instance.new("Pose")
Torso_k13_HumanoidRootPart_Torso.Name = "Torso"
Torso_k13_HumanoidRootPart_Torso.CFrame = cf(-0.035080, -0.000825, -0.490494, 0.999607, -0.005998, 0.027381, 0.007118, 0.999135, -0.040961, -0.027111, 0.041140, 0.998785)
Torso_k13_HumanoidRootPart_Torso.Parent = HumanoidRootPart_k13_HumanoidRootPart



--Right Arm
 Right_Arm_k13_HumanoidRootPart_Torso = Instance.new("Pose")
Right_Arm_k13_HumanoidRootPart_Torso.Name = "Right Arm"
Right_Arm_k13_HumanoidRootPart_Torso.CFrame = cf(0.128844, -0.951466, 0.070363, -0.719763, -0.694062, 0.014815, 0.609822, -0.621917, 0.491260, -0.331751, 0.362625, 0.870887)
Right_Arm_k13_HumanoidRootPart_Torso.Parent = Torso_k13_HumanoidRootPart_Torso



--Left Arm
 Left_Arm_k13_HumanoidRootPart_Torso = Instance.new("Pose")
Left_Arm_k13_HumanoidRootPart_Torso.Name = "Left Arm"
Left_Arm_k13_HumanoidRootPart_Torso.CFrame = cf(-0.142274, -0.658468, -0.339048, -0.308707, 0.490945, -0.814662, -0.902431, -0.421800, 0.087774, -0.300532, 0.762272, 0.573256)
Left_Arm_k13_HumanoidRootPart_Torso.Parent = Torso_k13_HumanoidRootPart_Torso



--Right Leg
 Right_Leg_k13_HumanoidRootPart_Torso = Instance.new("Pose")
Right_Leg_k13_HumanoidRootPart_Torso.Name = "Right Leg"
Right_Leg_k13_HumanoidRootPart_Torso.CFrame = cf(0.843190, 0.262525, -0.019239, 0.910850, 0.406885, 0.069256, -0.396223, 0.908999, -0.129339, -0.115580, 0.090367, 0.989179)
Right_Leg_k13_HumanoidRootPart_Torso.Parent = Torso_k13_HumanoidRootPart_Torso



--Left Leg
 Left_Leg_k13_HumanoidRootPart_Torso = Instance.new("Pose")
Left_Leg_k13_HumanoidRootPart_Torso.Name = "Left Leg"
Left_Leg_k13_HumanoidRootPart_Torso.CFrame = cf(-0.837264, 0.405819, -0.002757, 0.893005, -0.448769, 0.033888, 0.445063, 0.891784, 0.081492, -0.066792, -0.057691, 0.996098)
Left_Leg_k13_HumanoidRootPart_Torso.Parent = Torso_k13_HumanoidRootPart_Torso



--Head
 Head_k13_HumanoidRootPart_Torso_Head = Instance.new("Pose")
Head_k13_HumanoidRootPart_Torso_Head.Name = "Head"
Head_k13_HumanoidRootPart_Torso_Head.CFrame = cf(0.000000, -0.000000, 0.000000, 0.997266, -0.009288, -0.073305, -0.004634, 0.982256, -0.187489, 0.073745, 0.187317, 0.979527)
Head_k13_HumanoidRootPart_Torso_Head.Parent = Torso_k13_HumanoidRootPart_Torso



-- Keyframe 14 (Time: 0.4333333373069763)
 keyframe14 = Instance.new("Keyframe")
keyframe14.Time = 0.4333333373069763
keyframe14.Parent = KeyframeSequence

--HumanoidRootPart
 HumanoidRootPart_k14_HumanoidRootPart = Instance.new("Pose")
HumanoidRootPart_k14_HumanoidRootPart.Name = "HumanoidRootPart"
HumanoidRootPart_k14_HumanoidRootPart.CFrame = cf(0.000000, 0.000000, 0.000000, 1.000000, 0.000000, 0.000000, 0.000000, 1.000000, 0.000000, 0.000000, 0.000000, 1.000000)
HumanoidRootPart_k14_HumanoidRootPart.Parent = keyframe14



--Torso
 Torso_k14_HumanoidRootPart_Torso = Instance.new("Pose")
Torso_k14_HumanoidRootPart_Torso.Name = "Torso"
Torso_k14_HumanoidRootPart_Torso.CFrame = cf(-0.066871, -0.000959, -0.435251, 0.993902, -0.027585, 0.106758, 0.030182, 0.999285, -0.022789, -0.106053, 0.025873, 0.994024)
Torso_k14_HumanoidRootPart_Torso.Parent = HumanoidRootPart_k14_HumanoidRootPart



--Right Arm
 Right_Arm_k14_HumanoidRootPart_Torso = Instance.new("Pose")
Right_Arm_k14_HumanoidRootPart_Torso.Name = "Right Arm"
Right_Arm_k14_HumanoidRootPart_Torso.CFrame = cf(0.113578, -0.941195, 0.070529, -0.716911, -0.697097, 0.009710, 0.615593, -0.626430, 0.478152, -0.327236, 0.348770, 0.878223)
Right_Arm_k14_HumanoidRootPart_Torso.Parent = Torso_k14_HumanoidRootPart_Torso



--Left Arm
 Left_Arm_k14_HumanoidRootPart_Torso = Instance.new("Pose")
Left_Arm_k14_HumanoidRootPart_Torso.Name = "Left Arm"
Left_Arm_k14_HumanoidRootPart_Torso.CFrame = cf(-0.135081, -0.659448, -0.370102, -0.290668, 0.447893, -0.845520, -0.908679, -0.405996, 0.097314, -0.299691, 0.796592, 0.525001)
Left_Arm_k14_HumanoidRootPart_Torso.Parent = Torso_k14_HumanoidRootPart_Torso



--Right Leg
 Right_Leg_k14_HumanoidRootPart_Torso = Instance.new("Pose")
Right_Leg_k14_HumanoidRootPart_Torso.Name = "Right Leg"
Right_Leg_k14_HumanoidRootPart_Torso.CFrame = cf(0.787114, 0.091631, -0.029813, 0.915985, 0.389479, 0.096317, -0.351223, 0.894455, -0.276753, -0.193941, 0.219673, 0.956102)
Right_Leg_k14_HumanoidRootPart_Torso.Parent = Torso_k14_HumanoidRootPart_Torso



--Left Leg
 Left_Leg_k14_HumanoidRootPart_Torso = Instance.new("Pose")
Left_Leg_k14_HumanoidRootPart_Torso.Name = "Left Leg"
Left_Leg_k14_HumanoidRootPart_Torso.CFrame = cf(-0.840693, 0.536704, -0.049527, 0.869150, -0.486081, 0.091128, 0.448315, 0.852196, 0.269768, -0.208788, -0.193615, 0.958604)
Left_Leg_k14_HumanoidRootPart_Torso.Parent = Torso_k14_HumanoidRootPart_Torso



--Head
 Head_k14_HumanoidRootPart_Torso_Head = Instance.new("Pose")
Head_k14_HumanoidRootPart_Torso_Head.Name = "Head"
Head_k14_HumanoidRootPart_Torso_Head.CFrame = cf(0.000000, -0.000000, -0.000000, 0.987590, -0.005604, -0.156955, -0.026444, 0.979163, -0.201349, 0.154813, 0.203000, 0.966863)
Head_k14_HumanoidRootPart_Torso_Head.Parent = Torso_k14_HumanoidRootPart_Torso



-- Keyframe 15 (Time: 0.46666666865348816)
 keyframe15 = Instance.new("Keyframe")
keyframe15.Time = 0.46666666865348816
keyframe15.Parent = KeyframeSequence

--HumanoidRootPart
 HumanoidRootPart_k15_HumanoidRootPart = Instance.new("Pose")
HumanoidRootPart_k15_HumanoidRootPart.Name = "HumanoidRootPart"
HumanoidRootPart_k15_HumanoidRootPart.CFrame = cf(0.000000, 0.000000, 0.000000, 1.000000, 0.000000, 0.000000, 0.000000, 1.000000, 0.000000, 0.000000, 0.000000, 1.000000)
HumanoidRootPart_k15_HumanoidRootPart.Parent = keyframe15



--Torso
 Torso_k15_HumanoidRootPart_Torso = Instance.new("Pose")
Torso_k15_HumanoidRootPart_Torso.Name = "Torso"
Torso_k15_HumanoidRootPart_Torso.CFrame = cf(-0.078930, -0.001102, -0.329308, 0.987059, -0.036210, 0.156219, 0.038927, 0.999139, -0.014362, -0.155564, 0.020257, 0.987618)
