-- KeyframeSequence Export: KeyframeSequence_1
-- Generated on 2025-11-10 21:34:28

 KeyframeSequence = Instance.new("KeyframeSequence")
KeyframeSequence.Name = "Wait"
 cf=CFrame.new

-- Keyframe 1 (Time: 0)
 keyframe1 = Instance.new("Keyframe")
keyframe1.Time = 0
keyframe1.Parent = KeyframeSequence

--HumanoidRootPart
 HumanoidRootPart_k1_HumanoidRootPart = Instance.new("Pose")
HumanoidRootPart_k1_HumanoidRootPart.Name = "HumanoidRootPart"
HumanoidRootPart_k1_HumanoidRootPart.CFrame = cf(0.000000, 0.000000, 0.000000, 1.000000, 0.000000, 0.000000, 0.000000, 1.000000, 0.000000, 0.000000, 0.000000, 1.000000)
HumanoidRootPart_k1_HumanoidRootPart.Parent = keyframe1



--Torso
 Torso_k1_HumanoidRootPart_Torso = Instance.new("Pose")
Torso_k1_HumanoidRootPart_Torso.Name = "Torso"
Torso_k1_HumanoidRootPart_Torso.CFrame = cf(0.000000, -0.133980, -0.240728, 0.983113, 0.137109, -0.121205, -0.156041, 0.974078, -0.163776, 0.095608, 0.179924, 0.979023)
Torso_k1_HumanoidRootPart_Torso.Parent = HumanoidRootPart_k1_HumanoidRootPart



--Right Arm
 Right_Arm_k1_HumanoidRootPart_Torso = Instance.new("Pose")
Right_Arm_k1_HumanoidRootPart_Torso.Name = "Right Arm"
Right_Arm_k1_HumanoidRootPart_Torso.CFrame = cf(-0.151660, -0.162513, -0.326862, 0.586197, 0.324165, -0.742489, 0.057414, 0.897536, 0.437187, 0.808131, -0.298907, 0.507522)
Right_Arm_k1_HumanoidRootPart_Torso.Parent = Torso_k1_HumanoidRootPart_Torso



--Left Arm
 Left_Arm_k1_HumanoidRootPart_Torso = Instance.new("Pose")
Left_Arm_k1_HumanoidRootPart_Torso.Name = "Left Arm"
Left_Arm_k1_HumanoidRootPart_Torso.CFrame = cf(-0.065320, 0.107424, -0.209618, -0.180611, 0.821106, 0.541448, -0.746694, -0.472780, 0.467896, 0.640177, -0.319789, 0.698504)
Left_Arm_k1_HumanoidRootPart_Torso.Parent = Torso_k1_HumanoidRootPart_Torso



--Right Leg
 Right_Leg_k1_HumanoidRootPart_Torso = Instance.new("Pose")
Right_Leg_k1_HumanoidRootPart_Torso.Name = "Right Leg"
Right_Leg_k1_HumanoidRootPart_Torso.CFrame = cf(0.591446, 0.407598, -0.136384, 0.848394, -0.262774, 0.459540, 0.201787, 0.963086, 0.178177, -0.489397, -0.058435, 0.870101)
Right_Leg_k1_HumanoidRootPart_Torso.Parent = Torso_k1_HumanoidRootPart_Torso



--Left Leg
 Left_Leg_k1_HumanoidRootPart_Torso = Instance.new("Pose")
Left_Leg_k1_HumanoidRootPart_Torso.Name = "Left Leg"
Left_Leg_k1_HumanoidRootPart_Torso.CFrame = cf(0.376861, -0.030491, -0.162428, 0.641585, -0.358357, 0.678195, 0.523663, 0.850689, -0.045892, -0.560488, 0.384589, 0.733447)
Left_Leg_k1_HumanoidRootPart_Torso.Parent = Torso_k1_HumanoidRootPart_Torso



--Head
 Head_k1_HumanoidRootPart_Torso_Head = Instance.new("Pose")
Head_k1_HumanoidRootPart_Torso_Head.Name = "Head"
Head_k1_HumanoidRootPart_Torso_Head.CFrame = cf(0.000000, 0.000000, -0.000000, 0.998291, 0.016601, 0.056034, -0.017455, 0.999738, 0.014791, -0.055774, -0.015744, 0.998319)
Head_k1_HumanoidRootPart_Torso_Head.Parent = Torso_k1_HumanoidRootPart_Torso



--Hat
 Hat_k1_HumanoidRootPart_Torso_Head_Hat = Instance.new("Pose")
Hat_k1_HumanoidRootPart_Torso_Head_Hat.Name = "Hat"
Hat_k1_HumanoidRootPart_Torso_Head_Hat.CFrame = cf(0.000000, 0.000000, 0.000000, 1.000000, 0.000000, 0.000000, 0.000000, 1.000000, 0.000000, 0.000000, 0.000000, 1.000000)
Hat_k1_HumanoidRootPart_Torso_Head_Hat.Parent = Head_k1_HumanoidRootPart_Torso_Head



--Flintlock
 Flintlock_k1_HumanoidRootPart_Flintlock = Instance.new("Pose")
Flintlock_k1_HumanoidRootPart_Flintlock.Name = "Flintlock"
Flintlock_k1_HumanoidRootPart_Flintlock.CFrame = cf(0.000000, 0.000000, 0.000000, 1.000000, 0.000000, 0.000000, 0.000000, 1.000000, 0.000000, 0.000000, 0.000000, 1.000000)
Flintlock_k1_HumanoidRootPart_Flintlock.Parent = HumanoidRootPart_k1_HumanoidRootPart



--Coin
 Coin_k1_HumanoidRootPart_Coin = Instance.new("Pose")
Coin_k1_HumanoidRootPart_Coin.Name = "Coin"
Coin_k1_HumanoidRootPart_Coin.CFrame = cf(0.000000, 0.000000, 0.000000, 1.000000, 0.000000, 0.000000, 0.000000, 1.000000, 0.000000, 0.000000, 0.000000, 1.000000)
Coin_k1_HumanoidRootPart_Coin.Parent = HumanoidRootPart_k1_HumanoidRootPart



-- Keyframe 2 (Time: 0.01666666753590107)
 keyframe2 = Instance.new("Keyframe")
keyframe2.Time = 0.01666666753590107
keyframe2.Parent = KeyframeSequence

--HumanoidRootPart
 HumanoidRootPart_k2_HumanoidRootPart = Instance.new("Pose")
HumanoidRootPart_k2_HumanoidRootPart.Name = "HumanoidRootPart"
HumanoidRootPart_k2_HumanoidRootPart.CFrame = cf(0.000000, 0.000000, 0.000000, 1.000000, 0.000000, 0.000000, 0.000000, 1.000000, 0.000000, 0.000000, 0.000000, 1.000000)
HumanoidRootPart_k2_HumanoidRootPart.Parent = keyframe2



--Torso
 Torso_k2_HumanoidRootPart_Torso = Instance.new("Pose")
Torso_k2_HumanoidRootPart_Torso.Name = "Torso"
Torso_k2_HumanoidRootPart_Torso.CFrame = cf(0.000000, -0.170591, -0.251186, 0.976972, 0.160760, -0.140294, -0.186427, 0.962966, -0.194788, 0.103784, 0.216457, 0.970760)
Torso_k2_HumanoidRootPart_Torso.Parent = HumanoidRootPart_k2_HumanoidRootPart



--Right Arm
 Right_Arm_k2_HumanoidRootPart_Torso = Instance.new("Pose")
Right_Arm_k2_HumanoidRootPart_Torso.Name = "Right Arm"
Right_Arm_k2_HumanoidRootPart_Torso.CFrame = cf(-0.168729, -0.153687, -0.326676, 0.537250, 0.380567, -0.752683, 0.017107, 0.887313, 0.460850, 0.843249, -0.260468, 0.470199)
Right_Arm_k2_HumanoidRootPart_Torso.Parent = Torso_k2_HumanoidRootPart_Torso



--Left Arm
 Left_Arm_k2_HumanoidRootPart_Torso = Instance.new("Pose")
Left_Arm_k2_HumanoidRootPart_Torso.Name = "Left Arm"
Left_Arm_k2_HumanoidRootPart_Torso.CFrame = cf(-0.141726, 0.133676, -0.220151, -0.298527, 0.776147, 0.555408, -0.601471, -0.604833, 0.521929, 0.741023, -0.178252, 0.647388)
Left_Arm_k2_HumanoidRootPart_Torso.Parent = Torso_k2_HumanoidRootPart_Torso



--Right Leg
 Right_Leg_k2_HumanoidRootPart_Torso = Instance.new("Pose")
Right_Leg_k2_HumanoidRootPart_Torso.Name = "Right Leg"
Right_Leg_k2_HumanoidRootPart_Torso.CFrame = cf(0.628399, 0.446625, -0.147399, 0.811568, -0.293610, 0.505124, 0.216956, 0.954186, 0.206057, -0.542482, -0.057640, 0.838088)
Right_Leg_k2_HumanoidRootPart_Torso.Parent = Torso_k2_HumanoidRootPart_Torso



--Left Leg
 Left_Leg_k2_HumanoidRootPart_Torso = Instance.new("Pose")
Left_Leg_k2_HumanoidRootPart_Torso.Name = "Left Leg"
Left_Leg_k2_HumanoidRootPart_Torso.CFrame = cf(0.394903, -0.066540, -0.194566, 0.608360, -0.339086, 0.717579, 0.535994, 0.842338, -0.056373, -0.585329, 0.418912, 0.694192)
Left_Leg_k2_HumanoidRootPart_Torso.Parent = Torso_k2_HumanoidRootPart_Torso



--Head
 Head_k2_HumanoidRootPart_Torso_Head = Instance.new("Pose")
Head_k2_HumanoidRootPart_Torso_Head.Name = "Head"
Head_k2_HumanoidRootPart_Torso_Head.CFrame = cf(0.000000, -0.000000, 0.000000, 0.998291, 0.016601, 0.056034, -0.017455, 0.999738, 0.014791, -0.055774, -0.015744, 0.998319)
Head_k2_HumanoidRootPart_Torso_Head.Parent = Torso_k2_HumanoidRootPart_Torso



--Hat
 Hat_k2_HumanoidRootPart_Torso_Head_Hat = Instance.new("Pose")
Hat_k2_HumanoidRootPart_Torso_Head_Hat.Name = "Hat"
Hat_k2_HumanoidRootPart_Torso_Head_Hat.CFrame = cf(0.000000, 0.000000, 0.000000, 1.000000, 0.000000, 0.000000, 0.000000, 1.000000, 0.000000, 0.000000, 0.000000, 1.000000)
Hat_k2_HumanoidRootPart_Torso_Head_Hat.Parent = Head_k2_HumanoidRootPart_Torso_Head



--Flintlock
 Flintlock_k2_HumanoidRootPart_Flintlock = Instance.new("Pose")
Flintlock_k2_HumanoidRootPart_Flintlock.Name = "Flintlock"
Flintlock_k2_HumanoidRootPart_Flintlock.CFrame = cf(0.000000, 0.000000, 0.000000, 1.000000, 0.000000, 0.000000, 0.000000, 1.000000, 0.000000, 0.000000, 0.000000, 1.000000)
Flintlock_k2_HumanoidRootPart_Flintlock.Parent = HumanoidRootPart_k2_HumanoidRootPart



--Coin
 Coin_k2_HumanoidRootPart_Coin = Instance.new("Pose")
Coin_k2_HumanoidRootPart_Coin.Name = "Coin"
Coin_k2_HumanoidRootPart_Coin.CFrame = cf(0.000000, 0.000000, 0.000000, 1.000000, 0.000000, 0.000000, 0.000000, 1.000000, 0.000000, 0.000000, 0.000000, 1.000000)
Coin_k2_HumanoidRootPart_Coin.Parent = HumanoidRootPart_k2_HumanoidRootPart



-- Keyframe 3 (Time: 0.03333333507180214)
 keyframe3 = Instance.new("Keyframe")
keyframe3.Time = 0.03333333507180214
keyframe3.Parent = KeyframeSequence

--HumanoidRootPart
 HumanoidRootPart_k3_HumanoidRootPart = Instance.new("Pose")
HumanoidRootPart_k3_HumanoidRootPart.Name = "HumanoidRootPart"
HumanoidRootPart_k3_HumanoidRootPart.CFrame = cf(0.000000, 0.000000, 0.000000, 1.000000, 0.000000, 0.000000, 0.000000, 1.000000, 0.000000, 0.000000, 0.000000, 1.000000)
HumanoidRootPart_k3_HumanoidRootPart.Parent = keyframe3



--Torso
 Torso_k3_HumanoidRootPart_Torso = Instance.new("Pose")
Torso_k3_HumanoidRootPart_Torso.Name = "Torso"
Torso_k3_HumanoidRootPart_Torso.CFrame = cf(0.000000, -0.205204, -0.264543, 0.970831, 0.181763, -0.156362, -0.213985, 0.951022, -0.223088, 0.108155, 0.250040, 0.962176)
Torso_k3_HumanoidRootPart_Torso.Parent = HumanoidRootPart_k3_HumanoidRootPart



--Right Arm
 Right_Arm_k3_HumanoidRootPart_Torso = Instance.new("Pose")
Right_Arm_k3_HumanoidRootPart_Torso.Name = "Right Arm"
Right_Arm_k3_HumanoidRootPart_Torso.CFrame = cf(-0.182409, -0.144195, -0.326170, 0.492308, 0.423193, -0.760619, -0.007204, 0.875802, 0.482616, 0.870391, -0.232117, 0.434213)
Right_Arm_k3_HumanoidRootPart_Torso.Parent = Torso_k3_HumanoidRootPart_Torso



--Left Arm
 Left_Arm_k3_HumanoidRootPart_Torso = Instance.new("Pose")
Left_Arm_k3_HumanoidRootPart_Torso.Name = "Left Arm"
Left_Arm_k3_HumanoidRootPart_Torso.CFrame = cf(-0.233946, 0.147071, -0.224931, -0.357761, 0.746882, 0.560513, -0.483676, -0.661660, 0.572942, 0.798789, -0.066130, 0.597966)
Left_Arm_k3_HumanoidRootPart_Torso.Parent = Torso_k3_HumanoidRootPart_Torso



--Right Leg
 Right_Leg_k3_HumanoidRootPart_Torso = Instance.new("Pose")
Right_Leg_k3_HumanoidRootPart_Torso.Name = "Right Leg"
Right_Leg_k3_HumanoidRootPart_Torso.CFrame = cf(0.658695, 0.484123, -0.159778, 0.777502, -0.318935, 0.542006, 0.226647, 0.946049, 0.231564, -0.586618, -0.057197, 0.807841)
Right_Leg_k3_HumanoidRootPart_Torso.Parent = Torso_k3_HumanoidRootPart_Torso



--Left Leg
 Left_Leg_k3_HumanoidRootPart_Torso = Instance.new("Pose")
Left_Leg_k3_HumanoidRootPart_Torso.Name = "Left Leg"
Left_Leg_k3_HumanoidRootPart_Torso.CFrame = cf(0.404604, -0.092204, -0.221617, 0.580431, -0.316555, 0.750262, 0.542172, 0.837671, -0.066009, -0.607577, 0.445085, 0.657837)
Left_Leg_k3_HumanoidRootPart_Torso.Parent = Torso_k3_HumanoidRootPart_Torso



--Head
 Head_k3_HumanoidRootPart_Torso_Head = Instance.new("Pose")
Head_k3_HumanoidRootPart_Torso_Head.Name = "Head"
Head_k3_HumanoidRootPart_Torso_Head.CFrame = cf(0.000000, -0.000000, 0.000000, 0.998291, 0.016601, 0.056034, -0.017455, 0.999738, 0.014791, -0.055774, -0.015744, 0.998319)
Head_k3_HumanoidRootPart_Torso_Head.Parent = Torso_k3_HumanoidRootPart_Torso



--Hat
 Hat_k3_HumanoidRootPart_Torso_Head_Hat = Instance.new("Pose")
Hat_k3_HumanoidRootPart_Torso_Head_Hat.Name = "Hat"
Hat_k3_HumanoidRootPart_Torso_Head_Hat.CFrame = cf(0.000000, 0.000000, 0.000000, 1.000000, 0.000000, 0.000000, 0.000000, 1.000000, 0.000000, 0.000000, 0.000000, 1.000000)
Hat_k3_HumanoidRootPart_Torso_Head_Hat.Parent = Head_k3_HumanoidRootPart_Torso_Head



--Flintlock
 Flintlock_k3_HumanoidRootPart_Flintlock = Instance.new("Pose")
Flintlock_k3_HumanoidRootPart_Flintlock.Name = "Flintlock"
Flintlock_k3_HumanoidRootPart_Flintlock.CFrame = cf(0.000000, 0.000000, 0.000000, 1.000000, 0.000000, 0.000000, 0.000000, 1.000000, 0.000000, 0.000000, 0.000000, 1.000000)
Flintlock_k3_HumanoidRootPart_Flintlock.Parent = HumanoidRootPart_k3_HumanoidRootPart



--Coin
 Coin_k3_HumanoidRootPart_Coin = Instance.new("Pose")
Coin_k3_HumanoidRootPart_Coin.Name = "Coin"
Coin_k3_HumanoidRootPart_Coin.CFrame = cf(0.000000, 0.000000, 0.000000, 1.000000, 0.000000, 0.000000, 0.000000, 1.000000, 0.000000, 0.000000, 0.000000, 1.000000)
Coin_k3_HumanoidRootPart_Coin.Parent = HumanoidRootPart_k3_HumanoidRootPart



-- Keyframe 4 (Time: 0.05000000074505806)
 keyframe4 = Instance.new("Keyframe")
keyframe4.Time = 0.05000000074505806
keyframe4.Parent = KeyframeSequence

--HumanoidRootPart
 HumanoidRootPart_k4_HumanoidRootPart = Instance.new("Pose")
HumanoidRootPart_k4_HumanoidRootPart.Name = "HumanoidRootPart"
HumanoidRootPart_k4_HumanoidRootPart.CFrame = cf(0.000000, 0.000000, 0.000000, 1.000000, 0.000000, 0.000000, 0.000000, 1.000000, 0.000000, 0.000000, 0.000000, 1.000000)
HumanoidRootPart_k4_HumanoidRootPart.Parent = keyframe4



--Torso
 Torso_k4_HumanoidRootPart_Torso = Instance.new("Pose")
Torso_k4_HumanoidRootPart_Torso.Name = "Torso"
Torso_k4_HumanoidRootPart_Torso.CFrame = cf(0.000000, -0.235772, -0.281173, 0.965134, 0.199673, -0.169255, -0.237775, 0.939146, -0.247928, 0.109450, 0.279529, 0.953879)
Torso_k4_HumanoidRootPart_Torso.Parent = HumanoidRootPart_k4_HumanoidRootPart



--Right Arm
 Right_Arm_k4_HumanoidRootPart_Torso = Instance.new("Pose")
Right_Arm_k4_HumanoidRootPart_Torso.Name = "Right Arm"
Right_Arm_k4_HumanoidRootPart_Torso.CFrame = cf(-0.193219, -0.134413, -0.325423, 0.452977, 0.455054, -0.766641, -0.018488, 0.864533, 0.502236, 0.891331, -0.213328, 0.400026)
Right_Arm_k4_HumanoidRootPart_Torso.Parent = Torso_k4_HumanoidRootPart_Torso



--Left Arm
 Left_Arm_k4_HumanoidRootPart_Torso = Instance.new("Pose")
Left_Arm_k4_HumanoidRootPart_Torso.Name = "Left Arm"
Left_Arm_k4_HumanoidRootPart_Torso.CFrame = cf(-0.340876, 0.150822, -0.226058, -0.374779, 0.737937, 0.561240, -0.403890, -0.674853, 0.617613, 0.834514, 0.004789, 0.550966)
Left_Arm_k4_HumanoidRootPart_Torso.Parent = Torso_k4_HumanoidRootPart_Torso



--Right Leg
 Right_Leg_k4_HumanoidRootPart_Torso = Instance.new("Pose")
Right_Leg_k4_HumanoidRootPart_Torso.Name = "Right Leg"
Right_Leg_k4_HumanoidRootPart_Torso.CFrame = cf(0.683006, 0.520208, -0.172780, 0.747816, -0.338815, 0.570942, 0.231738, 0.939097, 0.253762, -0.622148, -0.057458, 0.780788)
Right_Leg_k4_HumanoidRootPart_Torso.Parent = Torso_k4_HumanoidRootPart_Torso



--Left Leg
 Left_Leg_k4_HumanoidRootPart_Torso = Instance.new("Pose")
Left_Leg_k4_HumanoidRootPart_Torso.Name = "Left Leg"
Left_Leg_k4_HumanoidRootPart_Torso.CFrame = cf(0.407444, -0.106599, -0.242232, 0.557247, -0.293733, 0.776658, 0.543596, 0.836095, -0.073814, -0.627678, 0.463321, 0.625583)
Left_Leg_k4_HumanoidRootPart_Torso.Parent = Torso_k4_HumanoidRootPart_Torso



--Head
 Head_k4_HumanoidRootPart_Torso_Head = Instance.new("Pose")
Head_k4_HumanoidRootPart_Torso_Head.Name = "Head"
Head_k4_HumanoidRootPart_Torso_Head.CFrame = cf(0.000000, 0.000000, 0.000000, 0.998291, 0.016601, 0.056034, -0.017455, 0.999738, 0.014791, -0.055774, -0.015744, 0.998319)
Head_k4_HumanoidRootPart_Torso_Head.Parent = Torso_k4_HumanoidRootPart_Torso



--Hat
 Hat_k4_HumanoidRootPart_Torso_Head_Hat = Instance.new("Pose")
Hat_k4_HumanoidRootPart_Torso_Head_Hat.Name = "Hat"
Hat_k4_HumanoidRootPart_Torso_Head_Hat.CFrame = cf(0.000000, 0.000000, 0.000000, 1.000000, 0.000000, 0.000000, 0.000000, 1.000000, 0.000000, 0.000000, 0.000000, 1.000000)
Hat_k4_HumanoidRootPart_Torso_Head_Hat.Parent = Head_k4_HumanoidRootPart_Torso_Head



--Flintlock
 Flintlock_k4_HumanoidRootPart_Flintlock = Instance.new("Pose")
Flintlock_k4_HumanoidRootPart_Flintlock.Name = "Flintlock"
Flintlock_k4_HumanoidRootPart_Flintlock.CFrame = cf(0.000000, 0.000000, 0.000000, 1.000000, 0.000000, 0.000000, 0.000000, 1.000000, 0.000000, 0.000000, 0.000000, 1.000000)
Flintlock_k4_HumanoidRootPart_Flintlock.Parent = HumanoidRootPart_k4_HumanoidRootPart



--Coin
 Coin_k4_HumanoidRootPart_Coin = Instance.new("Pose")
Coin_k4_HumanoidRootPart_Coin.Name = "Coin"
Coin_k4_HumanoidRootPart_Coin.CFrame = cf(0.000000, 0.000000, 0.000000, 1.000000, 0.000000, 0.000000, 0.000000, 1.000000, 0.000000, 0.000000, 0.000000, 1.000000)
Coin_k4_HumanoidRootPart_Coin.Parent = HumanoidRootPart_k4_HumanoidRootPart



-- Keyframe 5 (Time: 0.06666667014360428)
 keyframe5 = Instance.new("Keyframe")
keyframe5.Time = 0.06666667014360428
keyframe5.Parent = KeyframeSequence

--HumanoidRootPart
 HumanoidRootPart_k5_HumanoidRootPart = Instance.new("Pose")
HumanoidRootPart_k5_HumanoidRootPart.Name = "HumanoidRootPart"
HumanoidRootPart_k5_HumanoidRootPart.CFrame = cf(0.000000, 0.000000, 0.000000, 1.000000, 0.000000, 0.000000, 0.000000, 1.000000, 0.000000, 0.000000, 0.000000, 1.000000)
HumanoidRootPart_k5_HumanoidRootPart.Parent = keyframe5



--Torso
 Torso_k5_HumanoidRootPart_Torso = Instance.new("Pose")
Torso_k5_HumanoidRootPart_Torso.Name = "Torso"
Torso_k5_HumanoidRootPart_Torso.CFrame = cf(0.000000, -0.260690, -0.301089, 0.960326, 0.214344, -0.178411, -0.257130, 0.928221, -0.268870, 0.107974, 0.304078, 0.946509)
Torso_k5_HumanoidRootPart_Torso.Parent = HumanoidRootPart_k5_HumanoidRootPart



--Right Arm
 Right_Arm_k5_HumanoidRootPart_Torso = Instance.new("Pose")
Right_Arm_k5_HumanoidRootPart_Torso.Name = "Right Arm"
Right_Arm_k5_HumanoidRootPart_Torso.CFrame = cf(-0.201681, -0.124718, -0.324517, 0.419970, 0.478630, -0.771063, -0.019686, 0.854225, 0.519531, 0.907324, -0.203009, 0.368171)
Right_Arm_k5_HumanoidRootPart_Torso.Parent = Torso_k5_HumanoidRootPart_Torso



--Left Arm
 Left_Arm_k5_HumanoidRootPart_Torso = Instance.new("Pose")
Left_Arm_k5_HumanoidRootPart_Torso.Name = "Left Arm"
Left_Arm_k5_HumanoidRootPart_Torso.CFrame = cf(-0.460175, 0.143040, -0.219565, -0.357834, 0.759818, 0.542800, -0.372590, -0.649191, 0.663120, 0.856231, 0.035045, 0.515403)
Left_Arm_k5_HumanoidRootPart_Torso.Parent = Torso_k5_HumanoidRootPart_Torso



--Right Leg
 Right_Leg_k5_HumanoidRootPart_Torso = Instance.new("Pose")
Right_Leg_k5_HumanoidRootPart_Torso.Name = "Right Leg"
Right_Leg_k5_HumanoidRootPart_Torso.CFrame = cf(0.702108, 0.554473, -0.186089, 0.723553, -0.353353, 0.592969, 0.233433, 0.933687, 0.271547, -0.649600, -0.058060, 0.758056)
Right_Leg_k5_HumanoidRootPart_Torso.Parent = Torso_k5_HumanoidRootPart_Torso



--Left Leg
 Left_Leg_k5_HumanoidRootPart_Torso = Instance.new("Pose")
Left_Leg_k5_HumanoidRootPart_Torso.Name = "Left Leg"
Left_Leg_k5_HumanoidRootPart_Torso.CFrame = cf(0.405155, -0.109148, -0.255177, 0.538208, -0.272927, 0.797398, 0.541191, 0.837206, -0.078728, -0.646099, 0.473917, 0.598296)
Left_Leg_k5_HumanoidRootPart_Torso.Parent = Torso_k5_HumanoidRootPart_Torso



--Head
 Head_k5_HumanoidRootPart_Torso_Head = Instance.new("Pose")
Head_k5_HumanoidRootPart_Torso_Head.Name = "Head"
Head_k5_HumanoidRootPart_Torso_Head.CFrame = cf(0.000000, -0.000000, -0.000000, 0.998291, 0.016601, 0.056034, -0.017455, 0.999738, 0.014791, -0.055774, -0.015744, 0.998319)
Head_k5_HumanoidRootPart_Torso_Head.Parent = Torso_k5_HumanoidRootPart_Torso



--Hat
 Hat_k5_HumanoidRootPart_Torso_Head_Hat = Instance.new("Pose")
Hat_k5_HumanoidRootPart_Torso_Head_Hat.Name = "Hat"
Hat_k5_HumanoidRootPart_Torso_Head_Hat.CFrame = cf(0.000000, 0.000000, 0.000000, 1.000000, 0.000000, 0.000000, 0.000000, 1.000000, 0.000000, 0.000000, 0.000000, 1.000000)
Hat_k5_HumanoidRootPart_Torso_Head_Hat.Parent = Head_k5_HumanoidRootPart_Torso_Head



--Flintlock
 Flintlock_k5_HumanoidRootPart_Flintlock = Instance.new("Pose")
Flintlock_k5_HumanoidRootPart_Flintlock.Name = "Flintlock"
Flintlock_k5_HumanoidRootPart_Flintlock.CFrame = cf(0.000000, 0.000000, 0.000000, 1.000000, 0.000000, 0.000000, 0.000000, 1.000000, 0.000000, 0.000000, 0.000000, 1.000000)
Flintlock_k5_HumanoidRootPart_Flintlock.Parent = HumanoidRootPart_k5_HumanoidRootPart



--Coin
 Coin_k5_HumanoidRootPart_Coin = Instance.new("Pose")
Coin_k5_HumanoidRootPart_Coin.Name = "Coin"
Coin_k5_HumanoidRootPart_Coin.CFrame = cf(0.000000, 0.000000, 0.000000, 1.000000, 0.000000, 0.000000, 0.000000, 1.000000, 0.000000, 0.000000, 0.000000, 1.000000)
Coin_k5_HumanoidRootPart_Coin.Parent = HumanoidRootPart_k5_HumanoidRootPart



-- Keyframe 6 (Time: 0.0833333358168602)
 keyframe6 = Instance.new("Keyframe")
keyframe6.Time = 0.0833333358168602
keyframe6.Parent = KeyframeSequence

--HumanoidRootPart
 HumanoidRootPart_k6_HumanoidRootPart = Instance.new("Pose")
HumanoidRootPart_k6_HumanoidRootPart.Name = "HumanoidRootPart"
HumanoidRootPart_k6_HumanoidRootPart.CFrame = cf(0.000000, 0.000000, 0.000000, 1.000000, 0.000000, 0.000000, 0.000000, 1.000000, 0.000000, 0.000000, 0.000000, 1.000000)
HumanoidRootPart_k6_HumanoidRootPart.Parent = keyframe6



--Torso
 Torso_k6_HumanoidRootPart_Torso = Instance.new("Pose")
Torso_k6_HumanoidRootPart_Torso.Name = "Torso"
Torso_k6_HumanoidRootPart_Torso.CFrame = cf(0.000000, -0.280119, -0.322859, 0.956570, 0.226387, -0.183638, -0.272366, 0.918614, -0.286294, 0.103879, 0.323877, 0.940379)
Torso_k6_HumanoidRootPart_Torso.Parent = HumanoidRootPart_k6_HumanoidRootPart



--Right Arm
 Right_Arm_k6_HumanoidRootPart_Torso = Instance.new("Pose")
Right_Arm_k6_HumanoidRootPart_Torso.Name = "Right Arm"
Right_Arm_k6_HumanoidRootPart_Torso.CFrame = cf(-0.208315, -0.115484, -0.323531, 0.393412, 0.495861, -0.774176, -0.013640, 0.845135, 0.534379, 0.919261, -0.199671, 0.339250)
Right_Arm_k6_HumanoidRootPart_Torso.Parent = Torso_k6_HumanoidRootPart_Torso



--Left Arm
 Left_Arm_k6_HumanoidRootPart_Torso = Instance.new("Pose")
Left_Arm_k6_HumanoidRootPart_Torso.Name = "Left Arm"
Left_Arm_k6_HumanoidRootPart_Torso.CFrame = cf(-0.584541, 0.122682, -0.202384, -0.308654, 0.812808, 0.494041, -0.385960, -0.581743, 0.715968, 0.869349, 0.030306, 0.493268)
Left_Arm_k6_HumanoidRootPart_Torso.Parent = Torso_k6_HumanoidRootPart_Torso



--Right Leg
 Right_Leg_k6_HumanoidRootPart_Torso = Instance.new("Pose")
Right_Leg_k6_HumanoidRootPart_Torso.Name = "Right Leg"
Right_Leg_k6_HumanoidRootPart_Torso.CFrame = cf(0.716876, 0.585589, -0.199458, 0.704545, -0.363397, 0.609556, 0.233358, 0.929810, 0.284600, -0.670194, -0.058269, 0.739895)
Right_Leg_k6_HumanoidRootPart_Torso.Parent = Torso_k6_HumanoidRootPart_Torso



--Left Leg
 Left_Leg_k6_HumanoidRootPart_Torso = Instance.new("Pose")
Left_Leg_k6_HumanoidRootPart_Torso.Name = "Left Leg"
Left_Leg_k6_HumanoidRootPart_Torso.CFrame = cf(0.400027, -0.101754, -0.260780, 0.522668, -0.254879, 0.813545, 0.535471, 0.840696, -0.080632, -0.663392, 0.477773, 0.575885)
Left_Leg_k6_HumanoidRootPart_Torso.Parent = Torso_k6_HumanoidRootPart_Torso



--Head
 Head_k6_HumanoidRootPart_Torso_Head = Instance.new("Pose")
Head_k6_HumanoidRootPart_Torso_Head.Name = "Head"
Head_k6_HumanoidRootPart_Torso_Head.CFrame = cf(0.000000, 0.000000, -0.000000, 0.998291, 0.016601, 0.056034, -0.017455, 0.999738, 0.014791, -0.055774, -0.015744, 0.998319)
Head_k6_HumanoidRootPart_Torso_Head.Parent = Torso_k6_HumanoidRootPart_Torso



--Hat
 Hat_k6_HumanoidRootPart_Torso_Head_Hat = Instance.new("Pose")
Hat_k6_HumanoidRootPart_Torso_Head_Hat.Name = "Hat"
Hat_k6_HumanoidRootPart_Torso_Head_Hat.CFrame = cf(0.000000, 0.000000, 0.000000, 1.000000, 0.000000, 0.000000, 0.000000, 1.000000, 0.000000, 0.000000, 0.000000, 1.000000)
Hat_k6_HumanoidRootPart_Torso_Head_Hat.Parent = Head_k6_HumanoidRootPart_Torso_Head



--Flintlock
 Flintlock_k6_HumanoidRootPart_Flintlock = Instance.new("Pose")
Flintlock_k6_HumanoidRootPart_Flintlock.Name = "Flintlock"
Flintlock_k6_HumanoidRootPart_Flintlock.CFrame = cf(0.000000, 0.000000, 0.000000, 1.000000, 0.000000, 0.000000, 0.000000, 1.000000, 0.000000, 0.000000, 0.000000, 1.000000)
Flintlock_k6_HumanoidRootPart_Flintlock.Parent = HumanoidRootPart_k6_HumanoidRootPart



--Coin
 Coin_k6_HumanoidRootPart_Coin = Instance.new("Pose")
Coin_k6_HumanoidRootPart_Coin.Name = "Coin"
Coin_k6_HumanoidRootPart_Coin.CFrame = cf(0.000000, 0.000000, 0.000000, 1.000000, 0.000000, 0.000000, 0.000000, 1.000000, 0.000000, 0.000000, 0.000000, 1.000000)
Coin_k6_HumanoidRootPart_Coin.Parent = HumanoidRootPart_k6_HumanoidRootPart



-- Keyframe 7 (Time: 0.10000000149011612)
 keyframe7 = Instance.new("Keyframe")
keyframe7.Time = 0.10000000149011612
keyframe7.Parent = KeyframeSequence

--HumanoidRootPart
 HumanoidRootPart_k7_HumanoidRootPart = Instance.new("Pose")
HumanoidRootPart_k7_HumanoidRootPart.Name = "HumanoidRootPart"
HumanoidRootPart_k7_HumanoidRootPart.CFrame = cf(0.000000, 0.000000, 0.000000, 1.000000, 0.000000, 0.000000, 0.000000, 1.000000, 0.000000, 0.000000, 0.000000, 1.000000)
HumanoidRootPart_k7_HumanoidRootPart.Parent = keyframe7



--Torso
 Torso_k7_HumanoidRootPart_Torso = Instance.new("Pose")
Torso_k7_HumanoidRootPart_Torso.Name = "Torso"
Torso_k7_HumanoidRootPart_Torso.CFrame = cf(0.000000, -0.294663, -0.344690, 0.953833, 0.236363, -0.185299, -0.284015, 0.910488, -0.300579, 0.097666, 0.339330, 0.935584)
Torso_k7_HumanoidRootPart_Torso.Parent = HumanoidRootPart_k7_HumanoidRootPart



--Right Arm
 Right_Arm_k7_HumanoidRootPart_Torso = Instance.new("Pose")
Right_Arm_k7_HumanoidRootPart_Torso.Name = "Right Arm"
Right_Arm_k7_HumanoidRootPart_Torso.CFrame = cf(-0.213642, -0.107086, -0.322545, 0.373046, 0.508197, -0.776256, -0.003075, 0.837324, 0.546699, 0.927808, -0.201557, 0.313923)
Right_Arm_k7_HumanoidRootPart_Torso.Parent = Torso_k7_HumanoidRootPart_Torso



--Left Arm
 Left_Arm_k7_HumanoidRootPart_Torso = Instance.new("Pose")
Left_Arm_k7_HumanoidRootPart_Torso.Name = "Left Arm"
Left_Arm_k7_HumanoidRootPart_Torso.CFrame = cf(-0.705440, 0.094224, -0.177961, -0.229670, 0.875668, 0.424803, -0.417974, -0.482913, 0.769475, 0.878948, -0.000831, 0.476917)
Left_Arm_k7_HumanoidRootPart_Torso.Parent = Torso_k7_HumanoidRootPart_Torso



--Right Leg
 Right_Leg_k7_HumanoidRootPart_Torso = Instance.new("Pose")
Right_Leg_k7_HumanoidRootPart_Torso.Name = "Right Leg"
Right_Leg_k7_HumanoidRootPart_Torso.CFrame = cf(0.728117, 0.612367, -0.212389, 0.690202, -0.369866, 0.621949, 0.232715, 0.927296, 0.293200, -0.685175, -0.057630, 0.726095)
Right_Leg_k7_HumanoidRootPart_Torso.Parent = Torso_k7_HumanoidRootPart_Torso



--Left Leg
 Left_Leg_k7_HumanoidRootPart_Torso = Instance.new("Pose")
Left_Leg_k7_HumanoidRootPart_Torso.Name = "Left Leg"
Left_Leg_k7_HumanoidRootPart_Torso.CFrame = cf(0.393917, -0.087373, -0.260453, 0.510115, -0.239833, 0.825992, 0.527229, 0.845951, -0.079976, -0.679568, 0.476284, 0.557979)
Left_Leg_k7_HumanoidRootPart_Torso.Parent = Torso_k7_HumanoidRootPart_Torso



--Head
 Head_k7_HumanoidRootPart_Torso_Head = Instance.new("Pose")
Head_k7_HumanoidRootPart_Torso_Head.Name = "Head"
Head_k7_HumanoidRootPart_Torso_Head.CFrame = cf(0.000000, 0.000000, -0.000000, 0.998291, 0.016601, 0.056034, -0.017455, 0.999738, 0.014791, -0.055774, -0.015744, 0.998319)
Head_k7_HumanoidRootPart_Torso_Head.Parent = Torso_k7_HumanoidRootPart_Torso



--Hat
 Hat_k7_HumanoidRootPart_Torso_Head_Hat = Instance.new("Pose")
Hat_k7_HumanoidRootPart_Torso_Head_Hat.Name = "Hat"
Hat_k7_HumanoidRootPart_Torso_Head_Hat.CFrame = cf(0.000000, 0.000000, 0.000000, 1.000000, 0.000000, 0.000000, 0.000000, 1.000000, 0.000000, 0.000000, 0.000000, 1.000000)
Hat_k7_HumanoidRootPart_Torso_Head_Hat.Parent = Head_k7_HumanoidRootPart_Torso_Head



--Flintlock
 Flintlock_k7_HumanoidRootPart_Flintlock = Instance.new("Pose")
Flintlock_k7_HumanoidRootPart_Flintlock.Name = "Flintlock"
Flintlock_k7_HumanoidRootPart_Flintlock.CFrame = cf(0.000000, 0.000000, 0.000000, 1.000000, 0.000000, 0.000000, 0.000000, 1.000000, 0.000000, 0.000000, 0.000000, 1.000000)
Flintlock_k7_HumanoidRootPart_Flintlock.Parent = HumanoidRootPart_k7_HumanoidRootPart



--Coin
 Coin_k7_HumanoidRootPart_Coin = Instance.new("Pose")
Coin_k7_HumanoidRootPart_Coin.Name = "Coin"
Coin_k7_HumanoidRootPart_Coin.CFrame = cf(0.000000, 0.000000, 0.000000, 1.000000, 0.000000, 0.000000, 0.000000, 1.000000, 0.000000, 0.000000, 0.000000, 1.000000)
Coin_k7_HumanoidRootPart_Coin.Parent = HumanoidRootPart_k7_HumanoidRootPart



-- Keyframe 8 (Time: 0.11666666716337204)
 keyframe8 = Instance.new("Keyframe")
keyframe8.Time = 0.11666666716337204
keyframe8.Parent = KeyframeSequence

--HumanoidRootPart
 HumanoidRootPart_k8_HumanoidRootPart = Instance.new("Pose")
HumanoidRootPart_k8_HumanoidRootPart.Name = "HumanoidRootPart"
HumanoidRootPart_k8_HumanoidRootPart.CFrame = cf(0.000000, 0.000000, 0.000000, 1.000000, 0.000000, 0.000000, 0.000000, 1.000000, 0.000000, 0.000000, 0.000000, 1.000000)
HumanoidRootPart_k8_HumanoidRootPart.Parent = keyframe8



--Torso
 Torso_k8_HumanoidRootPart_Torso = Instance.new("Pose")
Torso_k8_HumanoidRootPart_Torso.Name = "Torso"
Torso_k8_HumanoidRootPart_Torso.CFrame = cf(0.000000, -0.304925, -0.364790, 0.952011, 0.244695, -0.183844, -0.292582, 0.903912, -0.311992, 0.089836, 0.350809, 0.932128)
Torso_k8_HumanoidRootPart_Torso.Parent = HumanoidRootPart_k8_HumanoidRootPart



--Right Arm
 Right_Arm_k8_HumanoidRootPart_Torso = Instance.new("Pose")
Right_Arm_k8_HumanoidRootPart_Torso.Name = "Right Arm"
Right_Arm_k8_HumanoidRootPart_Torso.CFrame = cf(-0.218182, -0.099901, -0.321639, 0.358376, 0.516682, -0.777564, 0.009399, 0.830848, 0.556420, 0.933530, -0.206716, 0.292899)
Right_Arm_k8_HumanoidRootPart_Torso.Parent = Torso_k8_HumanoidRootPart_Torso



--Left Arm
 Left_Arm_k8_HumanoidRootPart_Torso = Instance.new("Pose")
Left_Arm_k8_HumanoidRootPart_Torso.Name = "Left Arm"
Left_Arm_k8_HumanoidRootPart_Torso.CFrame = cf(-0.814334, 0.062144, -0.149739, -0.130086, 0.929009, 0.346439, -0.445215, -0.366933, 0.816789, 0.885924, -0.047987, 0.461341)
Left_Arm_k8_HumanoidRootPart_Torso.Parent = Torso_k8_HumanoidRootPart_Torso



--Right Leg
 Right_Leg_k8_HumanoidRootPart_Torso = Instance.new("Pose")
Right_Leg_k8_HumanoidRootPart_Torso.Name = "Right Leg"
Right_Leg_k8_HumanoidRootPart_Torso.CFrame = cf(0.736598, 0.633679, -0.224425, 0.679775, -0.373574, 0.631148, 0.232427, 0.925927, 0.297719, -0.695617, -0.055686, 0.716251)
Right_Leg_k8_HumanoidRootPart_Torso.Parent = Torso_k8_HumanoidRootPart_Torso



--Left Leg
 Left_Leg_k8_HumanoidRootPart_Torso = Instance.new("Pose")
Left_Leg_k8_HumanoidRootPart_Torso.Name = "Left Leg"
Left_Leg_k8_HumanoidRootPart_Torso.CFrame = cf(0.388232, -0.069092, -0.255834, 0.500132, -0.227866, 0.835431, 0.517416, 0.852236, -0.077302, -0.694370, 0.470927, 0.544131)
Left_Leg_k8_HumanoidRootPart_Torso.Parent = Torso_k8_HumanoidRootPart_Torso



--Head
 Head_k8_HumanoidRootPart_Torso_Head = Instance.new("Pose")
Head_k8_HumanoidRootPart_Torso_Head.Name = "Head"
Head_k8_HumanoidRootPart_Torso_Head.CFrame = cf(0.000000, -0.000000, 0.000000, 0.998291, 0.016601, 0.056034, -0.017455, 0.999738, 0.014791, -0.055774, -0.015744, 0.998319)
Head_k8_HumanoidRootPart_Torso_Head.Parent = Torso_k8_HumanoidRootPart_Torso



--Hat
 Hat_k8_HumanoidRootPart_Torso_Head_Hat = Instance.new("Pose")
Hat_k8_HumanoidRootPart_Torso_Head_Hat.Name = "Hat"
Hat_k8_HumanoidRootPart_Torso_Head_Hat.CFrame = cf(0.000000, 0.000000, 0.000000, 1.000000, 0.000000, 0.000000, 0.000000, 1.000000, 0.000000, 0.000000, 0.000000, 1.000000)
Hat_k8_HumanoidRootPart_Torso_Head_Hat.Parent = Head_k8_HumanoidRootPart_Torso_Head



--Flintlock
 Flintlock_k8_HumanoidRootPart_Flintlock = Instance.new("Pose")
Flintlock_k8_HumanoidRootPart_Flintlock.Name = "Flintlock"
Flintlock_k8_HumanoidRootPart_Flintlock.CFrame = cf(0.000000, 0.000000, 0.000000, 1.000000, 0.000000, 0.000000, 0.000000, 1.000000, 0.000000, 0.000000, 0.000000, 1.000000)
Flintlock_k8_HumanoidRootPart_Flintlock.Parent = HumanoidRootPart_k8_HumanoidRootPart



--Coin
 Coin_k8_HumanoidRootPart_Coin = Instance.new("Pose")
Coin_k8_HumanoidRootPart_Coin.Name = "Coin"
Coin_k8_HumanoidRootPart_Coin.CFrame = cf(0.000000, 0.000000, 0.000000, 1.000000, 0.000000, 0.000000, 0.000000, 1.000000, 0.000000, 0.000000, 0.000000, 1.000000)
Coin_k8_HumanoidRootPart_Coin.Parent = HumanoidRootPart_k8_HumanoidRootPart



-- Keyframe 9 (Time: 0.13333334028720856)
 keyframe9 = Instance.new("Keyframe")
keyframe9.Time = 0.13333334028720856
keyframe9.Parent = KeyframeSequence

--HumanoidRootPart
 HumanoidRootPart_k9_HumanoidRootPart = Instance.new("Pose")
HumanoidRootPart_k9_HumanoidRootPart.Name = "HumanoidRootPart"
HumanoidRootPart_k9_HumanoidRootPart.CFrame = cf(0.000000, 0.000000, 0.000000, 1.000000, 0.000000, 0.000000, 0.000000, 1.000000, 0.000000, 0.000000, 0.000000, 1.000000)
HumanoidRootPart_k9_HumanoidRootPart.Parent = keyframe9



--Torso
 Torso_k9_HumanoidRootPart_Torso = Instance.new("Pose")
Torso_k9_HumanoidRootPart_Torso.Name = "Torso"
Torso_k9_HumanoidRootPart_Torso.CFrame = cf(0.000000, -0.311508, -0.381367, 0.950957, 0.251703, -0.179794, -0.298558, 0.898892, -0.320713, 0.080891, 0.358663, 0.929956)
Torso_k9_HumanoidRootPart_Torso.Parent = HumanoidRootPart_k9_HumanoidRootPart



--Right Arm
 Right_Arm_k9_HumanoidRootPart_Torso = Instance.new("Pose")
Right_Arm_k9_HumanoidRootPart_Torso.Name = "Right Arm"
Right_Arm_k9_HumanoidRootPart_Torso.CFrame = cf(-0.222456, -0.094304, -0.320893, 0.348751, 0.522044, -0.778359, 0.021289, 0.825875, 0.563451, 0.936974, -0.213074, 0.276911)
Right_Arm_k9_HumanoidRootPart_Torso.Parent = Torso_k9_HumanoidRootPart_Torso



--Left Arm
 Left_Arm_k9_HumanoidRootPart_Torso = Instance.new("Pose")
Left_Arm_k9_HumanoidRootPart_Torso.Name = "Left Arm"
Left_Arm_k9_HumanoidRootPart_Torso.CFrame = cf(-0.902684, 0.030920, -0.121165, -0.027906, 0.961807, 0.272303, -0.454499, -0.254831, 0.853517, 0.890310, -0.099943, 0.444252)
Left_Arm_k9_HumanoidRootPart_Torso.Parent = Torso_k9_HumanoidRootPart_Torso



--Right Leg
 Right_Leg_k9_HumanoidRootPart_Torso = Instance.new("Pose")
Right_Leg_k9_HumanoidRootPart_Torso.Name = "Right Leg"
Right_Leg_k9_HumanoidRootPart_Torso.CFrame = cf(0.743019, 0.648431, -0.235187, 0.672433, -0.375291, 0.637958, 0.233213, 0.925447, 0.298597, -0.702457, -0.052006, 0.709823)
Right_Leg_k9_HumanoidRootPart_Torso.Parent = Torso_k9_HumanoidRootPart_Torso



--Left Leg
 Left_Leg_k9_HumanoidRootPart_Torso = Instance.new("Pose")
Left_Leg_k9_HumanoidRootPart_Torso.Name = "Left Leg"
Left_Leg_k9_HumanoidRootPart_Torso.CFrame = cf(0.384087, -0.050101, -0.248628, 0.492372, -0.218928, 0.842402, 0.507125, 0.858756, -0.073229, -0.707386, 0.463259, 0.533851)
Left_Leg_k9_HumanoidRootPart_Torso.Parent = Torso_k9_HumanoidRootPart_Torso



--Head
 Head_k9_HumanoidRootPart_Torso_Head = Instance.new("Pose")
Head_k9_HumanoidRootPart_Torso_Head.Name = "Head"
Head_k9_HumanoidRootPart_Torso_Head.CFrame = cf(0.000000, -0.000000, 0.000000, 0.998291, 0.016601, 0.056034, -0.017455, 0.999738, 0.014791, -0.055774, -0.015744, 0.998319)
Head_k9_HumanoidRootPart_Torso_Head.Parent = Torso_k9_HumanoidRootPart_Torso



--Hat
 Hat_k9_HumanoidRootPart_Torso_Head_Hat = Instance.new("Pose")
Hat_k9_HumanoidRootPart_Torso_Head_Hat.Name = "Hat"
Hat_k9_HumanoidRootPart_Torso_Head_Hat.CFrame = cf(0.000000, 0.000000, 0.000000, 1.000000, 0.000000, 0.000000, 0.000000, 1.000000, 0.000000, 0.000000, 0.000000, 1.000000)
Hat_k9_HumanoidRootPart_Torso_Head_Hat.Parent = Head_k9_HumanoidRootPart_Torso_Head



--Flintlock
 Flintlock_k9_HumanoidRootPart_Flintlock = Instance.new("Pose")
Flintlock_k9_HumanoidRootPart_Flintlock.Name = "Flintlock"
Flintlock_k9_HumanoidRootPart_Flintlock.CFrame = cf(0.000000, 0.000000, 0.000000, 1.000000, 0.000000, 0.000000, 0.000000, 1.000000, 0.000000, 0.000000, 0.000000, 1.000000)
Flintlock_k9_HumanoidRootPart_Flintlock.Parent = HumanoidRootPart_k9_HumanoidRootPart



--Coin
 Coin_k9_HumanoidRootPart_Coin = Instance.new("Pose")
Coin_k9_HumanoidRootPart_Coin.Name = "Coin"
Coin_k9_HumanoidRootPart_Coin.CFrame = cf(0.000000, 0.000000, 0.000000, 1.000000, 0.000000, 0.000000, 0.000000, 1.000000, 0.000000, 0.000000, 0.000000, 1.000000)
Coin_k9_HumanoidRootPart_Coin.Parent = HumanoidRootPart_k9_HumanoidRootPart



-- Keyframe 10 (Time: 0.15000000596046448)
 keyframe10 = Instance.new("Keyframe")
keyframe10.Time = 0.15000000596046448
keyframe10.Parent = KeyframeSequence

--HumanoidRootPart
 HumanoidRootPart_k10_HumanoidRootPart = Instance.new("Pose")
HumanoidRootPart_k10_HumanoidRootPart.Name = "HumanoidRootPart"
HumanoidRootPart_k10_HumanoidRootPart.CFrame = cf(0.000000, 0.000000, 0.000000, 1.000000, 0.000000, 0.000000, 0.000000, 1.000000, 0.000000, 0.000000, 0.000000, 1.000000)
HumanoidRootPart_k10_HumanoidRootPart.Parent = keyframe10



--Torso
 Torso_k10_HumanoidRootPart_Torso = Instance.new("Pose")
Torso_k10_HumanoidRootPart_Torso.Name = "Torso"
Torso_k10_HumanoidRootPart_Torso.CFrame = cf(0.000000, -0.315016, -0.392627, 0.950500, 0.257629, -0.173719, -0.302427, 0.895374, -0.326868, 0.071333, 0.363225, 0.928967)
Torso_k10_HumanoidRootPart_Torso.Parent = HumanoidRootPart_k10_HumanoidRootPart



--Right Arm
 Right_Arm_k10_HumanoidRootPart_Torso = Instance.new("Pose")
Right_Arm_k10_HumanoidRootPart_Torso.Name = "Right Arm"
Right_Arm_k10_HumanoidRootPart_Torso.CFrame = cf(-0.226984, -0.090670, -0.320386, 0.343419, 0.524775, -0.778893, 0.030206, 0.822731, 0.567628, 0.938696, -0.218462, 0.266690)
Right_Arm_k10_HumanoidRootPart_Torso.Parent = Torso_k10_HumanoidRootPart_Torso



--Left Arm
 Left_Arm_k10_HumanoidRootPart_Torso = Instance.new("Pose")
Left_Arm_k10_HumanoidRootPart_Torso.Name = "Left Arm"
Left_Arm_k10_HumanoidRootPart_Torso.CFrame = cf(-0.961955, 0.005029, -0.095684, 0.054260, 0.974660, 0.217009, -0.445906, -0.170804, 0.878632, 0.893434, -0.144440, 0.425339)
Left_Arm_k10_HumanoidRootPart_Torso.Parent = Torso_k10_HumanoidRootPart_Torso



--Right Leg
 Right_Leg_k10_HumanoidRootPart_Torso = Instance.new("Pose")
Right_Leg_k10_HumanoidRootPart_Torso.Name = "Right Leg"
Right_Leg_k10_HumanoidRootPart_Torso.CFrame = cf(0.747980, 0.655543, -0.244396, 0.667303, -0.375784, 0.643035, 0.235660, 0.925555, 0.296333, -0.706521, -0.046206, 0.706182)
Right_Leg_k10_HumanoidRootPart_Torso.Parent = Torso_k10_HumanoidRootPart_Torso



--Left Leg
 Left_Leg_k10_HumanoidRootPart_Torso = Instance.new("Pose")
Left_Leg_k10_HumanoidRootPart_Torso.Name = "Left Leg"
Left_Leg_k10_HumanoidRootPart_Torso.CFrame = cf(0.382443, -0.033672, -0.240501, 0.486520, -0.212881, 0.847337, 0.497571, 0.864719, -0.068445, -0.718138, 0.454910, 0.526626)
Left_Leg_k10_HumanoidRootPart_Torso.Parent = Torso_k10_HumanoidRootPart_Torso



--Head
 Head_k10_HumanoidRootPart_Torso_Head = Instance.new("Pose")
Head_k10_HumanoidRootPart_Torso_Head.Name = "Head"
Head_k10_HumanoidRootPart_Torso_Head.CFrame = cf(0.000000, 0.000000, 0.000000, 0.998291, 0.016601, 0.056034, -0.017455, 0.999738, 0.014791, -0.055774, -0.015744, 0.998319)
Head_k10_HumanoidRootPart_Torso_Head.Parent = Torso_k10_HumanoidRootPart_Torso



--Hat
 Hat_k10_HumanoidRootPart_Torso_Head_Hat = Instance.new("Pose")
Hat_k10_HumanoidRootPart_Torso_Head_Hat.Name = "Hat"
Hat_k10_HumanoidRootPart_Torso_Head_Hat.CFrame = cf(0.000000, 0.000000, 0.000000, 1.000000, 0.000000, 0.000000, 0.000000, 1.000000, 0.000000, 0.000000, 0.000000, 1.000000)
Hat_k10_HumanoidRootPart_Torso_Head_Hat.Parent = Head_k10_HumanoidRootPart_Torso_Head



--Flintlock
 Flintlock_k10_HumanoidRootPart_Flintlock = Instance.new("Pose")
Flintlock_k10_HumanoidRootPart_Flintlock.Name = "Flintlock"
Flintlock_k10_HumanoidRootPart_Flintlock.CFrame = cf(0.000000, 0.000000, 0.000000, 1.000000, 0.000000, 0.000000, 0.000000, 1.000000, 0.000000, 0.000000, 0.000000, 1.000000)
Flintlock_k10_HumanoidRootPart_Flintlock.Parent = HumanoidRootPart_k10_HumanoidRootPart



--Coin
 Coin_k10_HumanoidRootPart_Coin = Instance.new("Pose")
Coin_k10_HumanoidRootPart_Coin.Name = "Coin"
Coin_k10_HumanoidRootPart_Coin.CFrame = cf(0.000000, 0.000000, 0.000000, 1.000000, 0.000000, 0.000000, 0.000000, 1.000000, 0.000000, 0.000000, 0.000000, 1.000000)
Coin_k10_HumanoidRootPart_Coin.Parent = HumanoidRootPart_k10_HumanoidRootPart



-- Keyframe 11 (Time: 0.1666666716337204)
 keyframe11 = Instance.new("Keyframe")
keyframe11.Time = 0.1666666716337204
keyframe11.Parent = KeyframeSequence

--HumanoidRootPart
 HumanoidRootPart_k11_HumanoidRootPart = Instance.new("Pose")
HumanoidRootPart_k11_HumanoidRootPart.Name = "HumanoidRootPart"
HumanoidRootPart_k11_HumanoidRootPart.CFrame = cf(0.000000, 0.000000, 0.000000, 1.000000, 0.000000, 0.000000, 0.000000, 1.000000, 0.000000, 0.000000, 0.000000, 1.000000)
HumanoidRootPart_k11_HumanoidRootPart.Parent = keyframe11



--Torso
 Torso_k11_HumanoidRootPart_Torso = Instance.new("Pose")
Torso_k11_HumanoidRootPart_Torso.Name = "Torso"
Torso_k11_HumanoidRootPart_Torso.CFrame = cf(-0.000000, -0.316051, -0.396779, 0.950459, 0.262667, -0.166235, -0.304672, 0.893260, -0.330547, 0.061667, 0.364819, 0.929034)
Torso_k11_HumanoidRootPart_Torso.Parent = HumanoidRootPart_k11_HumanoidRootPart



--Right Arm
