-- KeyframeSequence Export: walk
-- Generated on 2025-11-15 13:40:24

 KeyframeSequence = Instance.new("KeyframeSequence")
KeyframeSequence.Name = "Walk2"
 cf=CFrame.new

-- Keyframe 1 (Time: 0)
 keyframe1 = Instance.new("Keyframe")
keyframe1.Time = 0
keyframe1.Parent = KeyframeSequence

--HumanoidRootPart
 HumanoidRootPart_k1_HumanoidRootPart = Instance.new("Pose")
HumanoidRootPart_k1_HumanoidRootPart.Name = "HumanoidRootPart"
HumanoidRootPart_k1_HumanoidRootPart.CFrame = cf(0.000000, 0.000000, 0.000000, 1.000000, 0.000000, 0.000000, 0.000000, 1.000000, 0.000000, 0.000000, 0.000000, 1.000000)
HumanoidRootPart_k1_HumanoidRootPart.Parent = keyframe1



--Torso
 Torso_k1_HumanoidRootPart_Torso = Instance.new("Pose")
Torso_k1_HumanoidRootPart_Torso.Name = "Torso"
Torso_k1_HumanoidRootPart_Torso.CFrame = cf(0.114508, -0.396894, -0.298980, 0.717610, -0.694387, 0.053493, 0.627192, 0.610952, -0.483081, 0.302764, 0.380214, 0.873940)
Torso_k1_HumanoidRootPart_Torso.Parent = HumanoidRootPart_k1_HumanoidRootPart



--Left Leg
 Left_Leg_k1_HumanoidRootPart_Torso = Instance.new("Pose")
Left_Leg_k1_HumanoidRootPart_Torso.Name = "Left Leg"
Left_Leg_k1_HumanoidRootPart_Torso.CFrame = cf(-0.964309, -0.048359, -0.491538, 0.725229, -0.187447, -0.662500, 0.314992, 0.945951, 0.077171, 0.612228, -0.264649, 0.745076)
Left_Leg_k1_HumanoidRootPart_Torso.Parent = Torso_k1_HumanoidRootPart_Torso



--Right Arm
 Right_Arm_k1_HumanoidRootPart_Torso = Instance.new("Pose")
Right_Arm_k1_HumanoidRootPart_Torso.Name = "Right Arm"
Right_Arm_k1_HumanoidRootPart_Torso.CFrame = cf(0.086806, 0.003657, 0.252314, -0.644299, -0.163411, 0.747111, 0.585679, -0.733632, 0.344618, 0.491792, 0.659604, 0.568386)
Right_Arm_k1_HumanoidRootPart_Torso.Parent = Torso_k1_HumanoidRootPart_Torso



--Head
 Head_k1_HumanoidRootPart_Torso_Head = Instance.new("Pose")
Head_k1_HumanoidRootPart_Torso_Head.Name = "Head"
Head_k1_HumanoidRootPart_Torso_Head.CFrame = cf(0.000000, -0.000000, 0.000000, 0.581263, 0.788091, -0.202598, -0.810826, 0.581923, -0.062659, 0.068516, 0.200693, 0.977255)
Head_k1_HumanoidRootPart_Torso_Head.Parent = Torso_k1_HumanoidRootPart_Torso



--Right Leg
 Right_Leg_k1_HumanoidRootPart_Torso = Instance.new("Pose")
Right_Leg_k1_HumanoidRootPart_Torso.Name = "Right Leg"
Right_Leg_k1_HumanoidRootPart_Torso.CFrame = cf(-0.077644, 0.221075, 0.185504, 0.540341, -0.491137, -0.683240, 0.668229, 0.743929, -0.006293, 0.511373, -0.453160, 0.730167)
Right_Leg_k1_HumanoidRootPart_Torso.Parent = Torso_k1_HumanoidRootPart_Torso



--Left Arm
 Left_Arm_k1_HumanoidRootPart_Torso = Instance.new("Pose")
Left_Arm_k1_HumanoidRootPart_Torso.Name = "Left Arm"
Left_Arm_k1_HumanoidRootPart_Torso.CFrame = cf(0.221300, -0.683942, 0.034503, 0.562816, 0.800179, -0.207246, -0.614320, 0.572678, 0.542817, 0.553036, -0.178191, 0.813879)
Left_Arm_k1_HumanoidRootPart_Torso.Parent = Torso_k1_HumanoidRootPart_Torso



-- Keyframe 2 (Time: 0.03333333507180214)
 keyframe2 = Instance.new("Keyframe")
keyframe2.Time = 0.03333333507180214
keyframe2.Parent = KeyframeSequence

--HumanoidRootPart
 HumanoidRootPart_k2_HumanoidRootPart = Instance.new("Pose")
HumanoidRootPart_k2_HumanoidRootPart.Name = "HumanoidRootPart"
HumanoidRootPart_k2_HumanoidRootPart.CFrame = cf(0.000000, 0.000000, 0.000000, 1.000000, 0.000000, 0.000000, 0.000000, 1.000000, 0.000000, 0.000000, 0.000000, 1.000000)
HumanoidRootPart_k2_HumanoidRootPart.Parent = keyframe2



--Torso
 Torso_k2_HumanoidRootPart_Torso = Instance.new("Pose")
Torso_k2_HumanoidRootPart_Torso.Name = "Torso"
Torso_k2_HumanoidRootPart_Torso.CFrame = cf(0.109882, -0.379110, -0.343116, 0.733838, -0.677399, 0.051120, 0.607470, 0.620672, -0.495728, 0.304077, 0.394838, 0.866972)
Torso_k2_HumanoidRootPart_Torso.Parent = HumanoidRootPart_k2_HumanoidRootPart



--Left Leg
 Left_Leg_k2_HumanoidRootPart_Torso = Instance.new("Pose")
Left_Leg_k2_HumanoidRootPart_Torso.Name = "Left Leg"
Left_Leg_k2_HumanoidRootPart_Torso.CFrame = cf(-1.117106, 0.238727, -0.646992, 0.732222, -0.226465, -0.642311, 0.357673, 0.930441, 0.079686, 0.579587, -0.288085, 0.762290)
Left_Leg_k2_HumanoidRootPart_Torso.Parent = Torso_k2_HumanoidRootPart_Torso



--Right Arm
 Right_Arm_k2_HumanoidRootPart_Torso = Instance.new("Pose")
Right_Arm_k2_HumanoidRootPart_Torso.Name = "Right Arm"
Right_Arm_k2_HumanoidRootPart_Torso.CFrame = cf(0.082329, -0.021567, 0.246572, -0.633140, -0.177793, 0.753341, 0.595386, -0.733792, 0.327208, 0.494620, 0.655697, 0.570449)
Right_Arm_k2_HumanoidRootPart_Torso.Parent = Torso_k2_HumanoidRootPart_Torso



--Head
 Head_k2_HumanoidRootPart_Torso_Head = Instance.new("Pose")
Head_k2_HumanoidRootPart_Torso_Head.Name = "Head"
Head_k2_HumanoidRootPart_Torso_Head.CFrame = cf(0.000000, -0.000000, 0.000000, 0.611956, 0.756346, -0.231195, -0.785612, 0.615041, -0.067374, 0.091237, 0.222859, 0.970572)
Head_k2_HumanoidRootPart_Torso_Head.Parent = Torso_k2_HumanoidRootPart_Torso



--Right Leg
 Right_Leg_k2_HumanoidRootPart_Torso = Instance.new("Pose")
Right_Leg_k2_HumanoidRootPart_Torso.Name = "Right Leg"
Right_Leg_k2_HumanoidRootPart_Torso.CFrame = cf(-0.108038, 0.262356, 0.187314, 0.562742, -0.500277, -0.658061, 0.651361, 0.758514, -0.019632, 0.508970, -0.417588, 0.752708)
Right_Leg_k2_HumanoidRootPart_Torso.Parent = Torso_k2_HumanoidRootPart_Torso



-- Keyframe 3 (Time: 0.06666667014360428)
 keyframe3 = Instance.new("Keyframe")
keyframe3.Time = 0.06666667014360428
keyframe3.Parent = KeyframeSequence

--HumanoidRootPart
 HumanoidRootPart_k3_HumanoidRootPart = Instance.new("Pose")
HumanoidRootPart_k3_HumanoidRootPart.Name = "HumanoidRootPart"
HumanoidRootPart_k3_HumanoidRootPart.CFrame = cf(0.000000, 0.000000, 0.000000, 1.000000, 0.000000, 0.000000, 0.000000, 1.000000, 0.000000, 0.000000, 0.000000, 1.000000)
HumanoidRootPart_k3_HumanoidRootPart.Parent = keyframe3



--Torso
 Torso_k3_HumanoidRootPart_Torso = Instance.new("Pose")
Torso_k3_HumanoidRootPart_Torso.Name = "Torso"
Torso_k3_HumanoidRootPart_Torso.CFrame = cf(0.113391, -0.361898, -0.383602, 0.739705, -0.671506, 0.043769, 0.597208, 0.625103, -0.502582, 0.310127, 0.397902, 0.863421)
Torso_k3_HumanoidRootPart_Torso.Parent = HumanoidRootPart_k3_HumanoidRootPart



--Right Arm
 Right_Arm_k3_HumanoidRootPart_Torso = Instance.new("Pose")
Right_Arm_k3_HumanoidRootPart_Torso.Name = "Right Arm"
Right_Arm_k3_HumanoidRootPart_Torso.CFrame = cf(0.069265, -0.046295, 0.243722, -0.649991, -0.202705, 0.732409, 0.592047, -0.739298, 0.320811, 0.476438, 0.642144, 0.600547)
Right_Arm_k3_HumanoidRootPart_Torso.Parent = Torso_k3_HumanoidRootPart_Torso



--Head
 Head_k3_HumanoidRootPart_Torso_Head = Instance.new("Pose")
Head_k3_HumanoidRootPart_Torso_Head.Name = "Head"
Head_k3_HumanoidRootPart_Torso_Head.CFrame = cf(-0.000000, -0.000000, 0.000000, 0.631465, 0.744041, -0.218300, -0.773545, 0.623955, -0.110944, 0.053663, 0.238922, 0.969555)
Head_k3_HumanoidRootPart_Torso_Head.Parent = Torso_k3_HumanoidRootPart_Torso



--Left Arm
 Left_Arm_k3_HumanoidRootPart_Torso = Instance.new("Pose")
Left_Arm_k3_HumanoidRootPart_Torso.Name = "Left Arm"
Left_Arm_k3_HumanoidRootPart_Torso.CFrame = cf(0.235066, -0.712916, 0.018497, 0.604686, 0.772494, -0.193926, -0.589311, 0.597741, 0.543524, 0.535787, -0.214379, 0.816685)
Left_Arm_k3_HumanoidRootPart_Torso.Parent = Torso_k3_HumanoidRootPart_Torso



-- Keyframe 4 (Time: 0.0833333358168602)
 keyframe4 = Instance.new("Keyframe")
keyframe4.Time = 0.0833333358168602
keyframe4.Parent = KeyframeSequence

--HumanoidRootPart
 HumanoidRootPart_k4_HumanoidRootPart = Instance.new("Pose")
HumanoidRootPart_k4_HumanoidRootPart.Name = "HumanoidRootPart"
HumanoidRootPart_k4_HumanoidRootPart.CFrame = cf(0.000000, 0.000000, 0.000000, 1.000000, 0.000000, 0.000000, 0.000000, 1.000000, 0.000000, 0.000000, 0.000000, 1.000000)
HumanoidRootPart_k4_HumanoidRootPart.Parent = keyframe4



--Torso
 Torso_k4_HumanoidRootPart_Torso = Instance.new("Pose")
Torso_k4_HumanoidRootPart_Torso.Name = "Torso"
Torso_k4_HumanoidRootPart_Torso.CFrame = cf(0.000000, 0.000000, 0.000000, 1.000000, 0.000000, 0.000000, 0.000000, 1.000000, 0.000000, 0.000000, 0.000000, 1.000000)
Torso_k4_HumanoidRootPart_Torso.Parent = HumanoidRootPart_k4_HumanoidRootPart



--Left Leg
 Left_Leg_k4_HumanoidRootPart_Torso = Instance.new("Pose")
Left_Leg_k4_HumanoidRootPart_Torso.Name = "Left Leg"
Left_Leg_k4_HumanoidRootPart_Torso.CFrame = cf(-1.236839, 0.511525, -0.737222, 0.743575, -0.250424, -0.619987, 0.375139, 0.923782, 0.076786, 0.553504, -0.289677, 0.780846)
Left_Leg_k4_HumanoidRootPart_Torso.Parent = Torso_k4_HumanoidRootPart_Torso



-- Keyframe 5 (Time: 0.10000000149011612)
 keyframe5 = Instance.new("Keyframe")
keyframe5.Time = 0.10000000149011612
keyframe5.Parent = KeyframeSequence

--HumanoidRootPart
 HumanoidRootPart_k5_HumanoidRootPart = Instance.new("Pose")
HumanoidRootPart_k5_HumanoidRootPart.Name = "HumanoidRootPart"
HumanoidRootPart_k5_HumanoidRootPart.CFrame = cf(0.000000, 0.000000, 0.000000, 1.000000, 0.000000, 0.000000, 0.000000, 1.000000, 0.000000, 0.000000, 0.000000, 1.000000)
HumanoidRootPart_k5_HumanoidRootPart.Parent = keyframe5



--Torso
 Torso_k5_HumanoidRootPart_Torso = Instance.new("Pose")
Torso_k5_HumanoidRootPart_Torso.Name = "Torso"
Torso_k5_HumanoidRootPart_Torso.CFrame = cf(0.114843, -0.349589, -0.420688, 0.749476, -0.661212, 0.032936, 0.584749, 0.637839, -0.501228, 0.310410, 0.394918, 0.864688)
Torso_k5_HumanoidRootPart_Torso.Parent = HumanoidRootPart_k5_HumanoidRootPart



--Right Arm
 Right_Arm_k5_HumanoidRootPart_Torso = Instance.new("Pose")
Right_Arm_k5_HumanoidRootPart_Torso.Name = "Right Arm"
Right_Arm_k5_HumanoidRootPart_Torso.CFrame = cf(0.069846, -0.072752, 0.236518, -0.635829, -0.195420, 0.746681, 0.589939, -0.746852, 0.306891, 0.497689, 0.635625, 0.590157)
Right_Arm_k5_HumanoidRootPart_Torso.Parent = Torso_k5_HumanoidRootPart_Torso



--Head
 Head_k5_HumanoidRootPart_Torso_Head = Instance.new("Pose")
Head_k5_HumanoidRootPart_Torso_Head.Name = "Head"
Head_k5_HumanoidRootPart_Torso_Head.CFrame = cf(-0.000000, -0.000000, 0.000000, 0.633715, 0.728205, -0.261005, -0.767189, 0.634873, -0.091423, 0.099130, 0.258176, 0.960999)
Head_k5_HumanoidRootPart_Torso_Head.Parent = Torso_k5_HumanoidRootPart_Torso



-- Keyframe 6 (Time: 0.13333334028720856)
 keyframe6 = Instance.new("Keyframe")
keyframe6.Time = 0.13333334028720856
keyframe6.Parent = KeyframeSequence

--HumanoidRootPart
 HumanoidRootPart_k6_HumanoidRootPart = Instance.new("Pose")
HumanoidRootPart_k6_HumanoidRootPart.Name = "HumanoidRootPart"
HumanoidRootPart_k6_HumanoidRootPart.CFrame = cf(0.000000, 0.000000, 0.000000, 1.000000, 0.000000, 0.000000, 0.000000, 1.000000, 0.000000, 0.000000, 0.000000, 1.000000)
HumanoidRootPart_k6_HumanoidRootPart.Parent = keyframe6



--Torso
 Torso_k6_HumanoidRootPart_Torso = Instance.new("Pose")
Torso_k6_HumanoidRootPart_Torso.Name = "Torso"
Torso_k6_HumanoidRootPart_Torso.CFrame = cf(0.116774, -0.341256, -0.434374, 0.756401, -0.653248, 0.033543, 0.575677, 0.640480, -0.508313, 0.310571, 0.403798, 0.860519)
Torso_k6_HumanoidRootPart_Torso.Parent = HumanoidRootPart_k6_HumanoidRootPart



--Right Arm
 Right_Arm_k6_HumanoidRootPart_Torso = Instance.new("Pose")
Right_Arm_k6_HumanoidRootPart_Torso.Name = "Right Arm"
Right_Arm_k6_HumanoidRootPart_Torso.CFrame = cf(0.066724, -0.080002, 0.235694, -0.648893, -0.193481, 0.735869, 0.582737, -0.748228, 0.317130, 0.489239, 0.634602, 0.598269)
Right_Arm_k6_HumanoidRootPart_Torso.Parent = Torso_k6_HumanoidRootPart_Torso



--Head
 Head_k6_HumanoidRootPart_Torso_Head = Instance.new("Pose")
Head_k6_HumanoidRootPart_Torso_Head.Name = "Head"
Head_k6_HumanoidRootPart_Torso_Head.CFrame = cf(-0.000000, -0.000000, 0.000000, 0.673405, 0.698282, -0.242752, -0.735547, 0.665789, -0.125284, 0.074138, 0.262923, 0.961964)
Head_k6_HumanoidRootPart_Torso_Head.Parent = Torso_k6_HumanoidRootPart_Torso



--Right Leg
 Right_Leg_k6_HumanoidRootPart_Torso = Instance.new("Pose")
Right_Leg_k6_HumanoidRootPart_Torso.Name = "Right Leg"
Right_Leg_k6_HumanoidRootPart_Torso.CFrame = cf(-0.124095, 0.340396, 0.182755, 0.678791, -0.380042, -0.628340, 0.486050, 0.873924, -0.003504, 0.550453, -0.303026, 0.777931)
Right_Leg_k6_HumanoidRootPart_Torso.Parent = Torso_k6_HumanoidRootPart_Torso



-- Keyframe 7 (Time: 0.15000000596046448)
 keyframe7 = Instance.new("Keyframe")
keyframe7.Time = 0.15000000596046448
keyframe7.Parent = KeyframeSequence

--HumanoidRootPart
 HumanoidRootPart_k7_HumanoidRootPart = Instance.new("Pose")
HumanoidRootPart_k7_HumanoidRootPart.Name = "HumanoidRootPart"
HumanoidRootPart_k7_HumanoidRootPart.CFrame = cf(0.000000, 0.000000, 0.000000, 1.000000, 0.000000, 0.000000, 0.000000, 1.000000, 0.000000, 0.000000, 0.000000, 1.000000)
HumanoidRootPart_k7_HumanoidRootPart.Parent = keyframe7



--Torso
 Torso_k7_HumanoidRootPart_Torso = Instance.new("Pose")
Torso_k7_HumanoidRootPart_Torso.Name = "Torso"
Torso_k7_HumanoidRootPart_Torso.CFrame = cf(0.000000, 0.000000, 0.000000, 1.000000, 0.000000, 0.000000, 0.000000, 1.000000, 0.000000, 0.000000, 0.000000, 1.000000)
Torso_k7_HumanoidRootPart_Torso.Parent = HumanoidRootPart_k7_HumanoidRootPart



--Left Leg
 Left_Leg_k7_HumanoidRootPart_Torso = Instance.new("Pose")
Left_Leg_k7_HumanoidRootPart_Torso.Name = "Left Leg"
Left_Leg_k7_HumanoidRootPart_Torso.CFrame = cf(-1.295685, 0.818442, -0.730963, 0.810532, -0.091642, -0.578480, 0.159530, 0.984882, 0.067499, 0.563550, -0.146995, 0.812899)
Left_Leg_k7_HumanoidRootPart_Torso.Parent = Torso_k7_HumanoidRootPart_Torso



-- Keyframe 8 (Time: 0.1666666716337204)
 keyframe8 = Instance.new("Keyframe")
keyframe8.Time = 0.1666666716337204
keyframe8.Parent = KeyframeSequence

--HumanoidRootPart
 HumanoidRootPart_k8_HumanoidRootPart = Instance.new("Pose")
HumanoidRootPart_k8_HumanoidRootPart.Name = "HumanoidRootPart"
HumanoidRootPart_k8_HumanoidRootPart.CFrame = cf(0.000000, 0.000000, 0.000000, 1.000000, 0.000000, 0.000000, 0.000000, 1.000000, 0.000000, 0.000000, 0.000000, 1.000000)
HumanoidRootPart_k8_HumanoidRootPart.Parent = keyframe8



--Torso
 Torso_k8_HumanoidRootPart_Torso = Instance.new("Pose")
Torso_k8_HumanoidRootPart_Torso.Name = "Torso"
Torso_k8_HumanoidRootPart_Torso.CFrame = cf(0.117540, -0.330992, -0.449645, 0.764945, -0.643266, 0.032678, 0.562809, 0.642875, -0.519575, 0.313217, 0.415838, 0.853800)
Torso_k8_HumanoidRootPart_Torso.Parent = HumanoidRootPart_k8_HumanoidRootPart



--Right Arm
 Right_Arm_k8_HumanoidRootPart_Torso = Instance.new("Pose")
Right_Arm_k8_HumanoidRootPart_Torso.Name = "Right Arm"
Right_Arm_k8_HumanoidRootPart_Torso.CFrame = cf(0.061090, -0.093980, 0.233109, -0.639711, -0.217342, 0.737246, 0.589733, -0.753946, 0.289448, 0.492935, 0.619941, 0.610482)
Right_Arm_k8_HumanoidRootPart_Torso.Parent = Torso_k8_HumanoidRootPart_Torso



--Head
 Head_k8_HumanoidRootPart_Torso_Head = Instance.new("Pose")
Head_k8_HumanoidRootPart_Torso_Head.Name = "Head"
Head_k8_HumanoidRootPart_Torso_Head.CFrame = cf(-0.000000, -0.000000, 0.000000, 0.680818, 0.682394, -0.266131, -0.726898, 0.674142, -0.130967, 0.090039, 0.282615, 0.954998)
Head_k8_HumanoidRootPart_Torso_Head.Parent = Torso_k8_HumanoidRootPart_Torso



--Left Arm
 Left_Arm_k8_HumanoidRootPart_Torso = Instance.new("Pose")
Left_Arm_k8_HumanoidRootPart_Torso.Name = "Left Arm"
Left_Arm_k8_HumanoidRootPart_Torso.CFrame = cf(0.229166, -0.700499, 0.025357, 0.704340, 0.694826, -0.145329, -0.516529, 0.642089, 0.566497, 0.486931, -0.323940, 0.811148)
Left_Arm_k8_HumanoidRootPart_Torso.Parent = Torso_k8_HumanoidRootPart_Torso



-- Keyframe 9 (Time: 0.20000000298023224)
 keyframe9 = Instance.new("Keyframe")
keyframe9.Time = 0.20000000298023224
keyframe9.Parent = KeyframeSequence

--HumanoidRootPart
 HumanoidRootPart_k9_HumanoidRootPart = Instance.new("Pose")
HumanoidRootPart_k9_HumanoidRootPart.Name = "HumanoidRootPart"
HumanoidRootPart_k9_HumanoidRootPart.CFrame = cf(0.000000, 0.000000, 0.000000, 1.000000, 0.000000, 0.000000, 0.000000, 1.000000, 0.000000, 0.000000, 0.000000, 1.000000)
HumanoidRootPart_k9_HumanoidRootPart.Parent = keyframe9



--Torso
 Torso_k9_HumanoidRootPart_Torso = Instance.new("Pose")
Torso_k9_HumanoidRootPart_Torso.Name = "Torso"
Torso_k9_HumanoidRootPart_Torso.CFrame = cf(0.112206, -0.326842, -0.461845, 0.782521, -0.622113, 0.025210, 0.540739, 0.658978, -0.522829, 0.308646, 0.422757, 0.852065)
Torso_k9_HumanoidRootPart_Torso.Parent = HumanoidRootPart_k9_HumanoidRootPart



--Left Leg
 Left_Leg_k9_HumanoidRootPart_Torso = Instance.new("Pose")
Left_Leg_k9_HumanoidRootPart_Torso.Name = "Left Leg"
Left_Leg_k9_HumanoidRootPart_Torso.CFrame = cf(-1.291240, 0.950637, -0.697162, 0.828201, 0.083946, -0.554109, -0.063299, 0.996403, 0.056343, 0.556845, -0.011589, 0.830536)
Left_Leg_k9_HumanoidRootPart_Torso.Parent = Torso_k9_HumanoidRootPart_Torso



--Right Arm
 Right_Arm_k9_HumanoidRootPart_Torso = Instance.new("Pose")
Right_Arm_k9_HumanoidRootPart_Torso.Name = "Right Arm"
Right_Arm_k9_HumanoidRootPart_Torso.CFrame = cf(0.062207, -0.102794, 0.230596, -0.634165, -0.210812, 0.743904, 0.589263, -0.754688, 0.288466, 0.500604, 0.621289, 0.602822)
Right_Arm_k9_HumanoidRootPart_Torso.Parent = Torso_k9_HumanoidRootPart_Torso



--Head
 Head_k9_HumanoidRootPart_Torso_Head = Instance.new("Pose")
Head_k9_HumanoidRootPart_Torso_Head.Name = "Head"
Head_k9_HumanoidRootPart_Torso_Head.CFrame = cf(-0.000000, -0.000000, 0.000000, 0.700344, 0.671529, -0.242007, -0.710439, 0.688644, -0.145070, 0.069238, 0.273530, 0.959368)
Head_k9_HumanoidRootPart_Torso_Head.Parent = Torso_k9_HumanoidRootPart_Torso



--Right Leg
 Right_Leg_k9_HumanoidRootPart_Torso = Instance.new("Pose")
Right_Leg_k9_HumanoidRootPart_Torso.Name = "Right Leg"
Right_Leg_k9_HumanoidRootPart_Torso.CFrame = cf(-0.114055, 0.348121, 0.188242, 0.760155, -0.235557, -0.605539, 0.305921, 0.951958, 0.013719, 0.573216, -0.195675, 0.795698)
Right_Leg_k9_HumanoidRootPart_Torso.Parent = Torso_k9_HumanoidRootPart_Torso



-- Keyframe 10 (Time: 0.23333333432674408)
 keyframe10 = Instance.new("Keyframe")
keyframe10.Time = 0.23333333432674408
keyframe10.Parent = KeyframeSequence

--HumanoidRootPart
 HumanoidRootPart_k10_HumanoidRootPart = Instance.new("Pose")
HumanoidRootPart_k10_HumanoidRootPart.Name = "HumanoidRootPart"
HumanoidRootPart_k10_HumanoidRootPart.CFrame = cf(0.000000, 0.000000, 0.000000, 1.000000, 0.000000, 0.000000, 0.000000, 1.000000, 0.000000, 0.000000, 0.000000, 1.000000)
HumanoidRootPart_k10_HumanoidRootPart.Parent = keyframe10



--Torso
 Torso_k10_HumanoidRootPart_Torso = Instance.new("Pose")
Torso_k10_HumanoidRootPart_Torso.Name = "Torso"
Torso_k10_HumanoidRootPart_Torso.CFrame = cf(0.113122, -0.344637, -0.413925, 0.792863, -0.608964, 0.023037, 0.531333, 0.672288, -0.515474, 0.298418, 0.420940, 0.856596)
Torso_k10_HumanoidRootPart_Torso.Parent = HumanoidRootPart_k10_HumanoidRootPart



--Right Arm
 Right_Arm_k10_HumanoidRootPart_Torso = Instance.new("Pose")
Right_Arm_k10_HumanoidRootPart_Torso.Name = "Right Arm"
Right_Arm_k10_HumanoidRootPart_Torso.CFrame = cf(0.067827, -0.080156, 0.235071, -0.633506, -0.201608, 0.747011, 0.590983, -0.749234, 0.298977, 0.499410, 0.630874, 0.593791)
Right_Arm_k10_HumanoidRootPart_Torso.Parent = Torso_k10_HumanoidRootPart_Torso



--Head
 Head_k10_HumanoidRootPart_Torso_Head = Instance.new("Pose")
Head_k10_HumanoidRootPart_Torso_Head.Name = "Head"
Head_k10_HumanoidRootPart_Torso_Head.CFrame = cf(-0.000000, -0.000000, 0.000000, 0.724728, 0.643252, -0.246974, -0.682963, 0.718090, -0.133820, 0.091270, 0.265657, 0.959738)
Head_k10_HumanoidRootPart_Torso_Head.Parent = Torso_k10_HumanoidRootPart_Torso



-- Keyframe 11 (Time: 0.2666666805744171)
 keyframe11 = Instance.new("Keyframe")
keyframe11.Time = 0.2666666805744171
keyframe11.Parent = KeyframeSequence

--HumanoidRootPart
 HumanoidRootPart_k11_HumanoidRootPart = Instance.new("Pose")
HumanoidRootPart_k11_HumanoidRootPart.Name = "HumanoidRootPart"
HumanoidRootPart_k11_HumanoidRootPart.CFrame = cf(0.000000, 0.000000, 0.000000, 1.000000, 0.000000, 0.000000, 0.000000, 1.000000, 0.000000, 0.000000, 0.000000, 1.000000)
HumanoidRootPart_k11_HumanoidRootPart.Parent = keyframe11



--Torso
 Torso_k11_HumanoidRootPart_Torso = Instance.new("Pose")
Torso_k11_HumanoidRootPart_Torso.Name = "Torso"
Torso_k11_HumanoidRootPart_Torso.CFrame = cf(0.113776, -0.358394, -0.369063, 0.806293, -0.591494, 0.005060, 0.507703, 0.687634, -0.519034, 0.303526, 0.421063, 0.854738)
Torso_k11_HumanoidRootPart_Torso.Parent = HumanoidRootPart_k11_HumanoidRootPart



--Right Arm
 Right_Arm_k11_HumanoidRootPart_Torso = Instance.new("Pose")
Right_Arm_k11_HumanoidRootPart_Torso.Name = "Right Arm"
Right_Arm_k11_HumanoidRootPart_Torso.CFrame = cf(0.069798, -0.057815, 0.240559, -0.634933, -0.206884, 0.744351, 0.598218, -0.741333, 0.304236, 0.488871, 0.638454, 0.594459)
Right_Arm_k11_HumanoidRootPart_Torso.Parent = Torso_k11_HumanoidRootPart_Torso



--Head
 Head_k11_HumanoidRootPart_Torso_Head = Instance.new("Pose")
Head_k11_HumanoidRootPart_Torso_Head.Name = "Head"
Head_k11_HumanoidRootPart_Torso_Head.CFrame = cf(-0.000000, -0.000000, -0.000000, 0.738748, 0.637382, -0.219079, -0.667999, 0.735644, -0.112272, 0.089604, 0.229285, 0.969226)
Head_k11_HumanoidRootPart_Torso_Head.Parent = Torso_k11_HumanoidRootPart_Torso



-- Keyframe 12 (Time: 0.28333333134651184)
 keyframe12 = Instance.new("Keyframe")
keyframe12.Time = 0.28333333134651184
keyframe12.Parent = KeyframeSequence

--HumanoidRootPart
 HumanoidRootPart_k12_HumanoidRootPart = Instance.new("Pose")
HumanoidRootPart_k12_HumanoidRootPart.Name = "HumanoidRootPart"
HumanoidRootPart_k12_HumanoidRootPart.CFrame = cf(0.000000, 0.000000, 0.000000, 1.000000, 0.000000, 0.000000, 0.000000, 1.000000, 0.000000, 0.000000, 0.000000, 1.000000)
HumanoidRootPart_k12_HumanoidRootPart.Parent = keyframe12



--Torso
 Torso_k12_HumanoidRootPart_Torso = Instance.new("Pose")
Torso_k12_HumanoidRootPart_Torso.Name = "Torso"
Torso_k12_HumanoidRootPart_Torso.CFrame = cf(0.000000, 0.000000, 0.000000, 1.000000, 0.000000, 0.000000, 0.000000, 1.000000, 0.000000, 0.000000, 0.000000, 1.000000)
Torso_k12_HumanoidRootPart_Torso.Parent = HumanoidRootPart_k12_HumanoidRootPart



--Left Leg
 Left_Leg_k12_HumanoidRootPart_Torso = Instance.new("Pose")
Left_Leg_k12_HumanoidRootPart_Torso.Name = "Left Leg"
Left_Leg_k12_HumanoidRootPart_Torso.CFrame = cf(-1.119149, 0.581344, -0.557294, 0.676464, 0.485140, -0.554109, -0.550976, 0.832617, 0.056343, 0.488695, 0.267186, 0.830535)
Left_Leg_k12_HumanoidRootPart_Torso.Parent = Torso_k12_HumanoidRootPart_Torso



-- Keyframe 13 (Time: 0.30000001192092896)
 keyframe13 = Instance.new("Keyframe")
keyframe13.Time = 0.30000001192092896
keyframe13.Parent = KeyframeSequence

--HumanoidRootPart
 HumanoidRootPart_k13_HumanoidRootPart = Instance.new("Pose")
HumanoidRootPart_k13_HumanoidRootPart.Name = "HumanoidRootPart"
HumanoidRootPart_k13_HumanoidRootPart.CFrame = cf(0.000000, 0.000000, 0.000000, 1.000000, 0.000000, 0.000000, 0.000000, 1.000000, 0.000000, 0.000000, 0.000000, 1.000000)
HumanoidRootPart_k13_HumanoidRootPart.Parent = keyframe13



--Torso
 Torso_k13_HumanoidRootPart_Torso = Instance.new("Pose")
Torso_k13_HumanoidRootPart_Torso.Name = "Torso"
Torso_k13_HumanoidRootPart_Torso.CFrame = cf(0.113872, -0.374227, -0.322158, 0.817263, -0.576265, 0.000512, 0.494241, 0.700479, -0.514835, 0.296323, 0.421008, 0.857289)
Torso_k13_HumanoidRootPart_Torso.Parent = HumanoidRootPart_k13_HumanoidRootPart



--Right Arm
 Right_Arm_k13_HumanoidRootPart_Torso = Instance.new("Pose")
Right_Arm_k13_HumanoidRootPart_Torso.Name = "Right Arm"
Right_Arm_k13_HumanoidRootPart_Torso.CFrame = cf(0.073139, -0.033234, 0.246077, -0.654717, -0.189228, 0.731805, 0.585361, -0.739459, 0.332491, 0.478225, 0.646056, 0.594904)
Right_Arm_k13_HumanoidRootPart_Torso.Parent = Torso_k13_HumanoidRootPart_Torso



--Head
 Head_k13_HumanoidRootPart_Torso_Head = Instance.new("Pose")
Head_k13_HumanoidRootPart_Torso_Head.Name = "Head"
Head_k13_HumanoidRootPart_Torso_Head.CFrame = cf(0.000000, -0.000000, -0.000000, 0.757105, 0.625984, -0.186910, -0.650650, 0.748230, -0.129638, 0.058701, 0.219763, 0.973786)
Head_k13_HumanoidRootPart_Torso_Head.Parent = Torso_k13_HumanoidRootPart_Torso



--Right Leg
 Right_Leg_k13_HumanoidRootPart_Torso = Instance.new("Pose")
Right_Leg_k13_HumanoidRootPart_Torso.Name = "Right Leg"
Right_Leg_k13_HumanoidRootPart_Torso.CFrame = cf(-0.079221, 0.277420, 0.213004, 0.823701, -0.001018, -0.567024, 0.020538, 0.999395, 0.028040, 0.566653, -0.034742, 0.823224)
Right_Leg_k13_HumanoidRootPart_Torso.Parent = Torso_k13_HumanoidRootPart_Torso



--Left Arm
 Left_Arm_k13_HumanoidRootPart_Torso = Instance.new("Pose")
Left_Arm_k13_HumanoidRootPart_Torso.Name = "Left Arm"
Left_Arm_k13_HumanoidRootPart_Torso.CFrame = cf(0.197699, -0.634271, 0.061942, 0.845413, 0.530331, -0.063443, -0.381906, 0.683255, 0.622343, 0.373396, -0.501907, 0.780169)
Left_Arm_k13_HumanoidRootPart_Torso.Parent = Torso_k13_HumanoidRootPart_Torso



-- Keyframe 14 (Time: 0.3333333432674408)
 keyframe14 = Instance.new("Keyframe")
keyframe14.Time = 0.3333333432674408
keyframe14.Parent = KeyframeSequence

--HumanoidRootPart
 HumanoidRootPart_k14_HumanoidRootPart = Instance.new("Pose")
HumanoidRootPart_k14_HumanoidRootPart.Name = "HumanoidRootPart"
HumanoidRootPart_k14_HumanoidRootPart.CFrame = cf(0.000000, 0.000000, 0.000000, 1.000000, 0.000000, 0.000000, 0.000000, 1.000000, 0.000000, 0.000000, 0.000000, 1.000000)
HumanoidRootPart_k14_HumanoidRootPart.Parent = keyframe14



--Torso
 Torso_k14_HumanoidRootPart_Torso = Instance.new("Pose")
Torso_k14_HumanoidRootPart_Torso.Name = "Torso"
Torso_k14_HumanoidRootPart_Torso.CFrame = cf(0.114767, -0.386504, -0.281210, 0.822692, -0.568451, 0.006377, 0.489357, 0.702424, -0.516846, 0.289323, 0.428326, 0.856054)
Torso_k14_HumanoidRootPart_Torso.Parent = HumanoidRootPart_k14_HumanoidRootPart



--Left Leg
 Left_Leg_k14_HumanoidRootPart_Torso = Instance.new("Pose")
Left_Leg_k14_HumanoidRootPart_Torso.Name = "Left Leg"
Left_Leg_k14_HumanoidRootPart_Torso.CFrame = cf(-1.079564, 0.385232, -0.517580, 0.552206, 0.622922, -0.554109, -0.721711, 0.689898, 0.056343, 0.417376, 0.368793, 0.830535)
Left_Leg_k14_HumanoidRootPart_Torso.Parent = Torso_k14_HumanoidRootPart_Torso



--Right Arm
 Right_Arm_k14_HumanoidRootPart_Torso = Instance.new("Pose")
Right_Arm_k14_HumanoidRootPart_Torso.Name = "Right Arm"
Right_Arm_k14_HumanoidRootPart_Torso.CFrame = cf(0.084042, -0.014070, 0.248589, -0.649175, -0.158855, 0.743866, 0.572167, -0.746366, 0.339944, 0.501195, 0.646299, 0.575414)
Right_Arm_k14_HumanoidRootPart_Torso.Parent = Torso_k14_HumanoidRootPart_Torso



--Head
 Head_k14_HumanoidRootPart_Torso_Head = Instance.new("Pose")
Head_k14_HumanoidRootPart_Torso_Head.Name = "Head"
Head_k14_HumanoidRootPart_Torso_Head.CFrame = cf(0.000000, -0.000000, -0.000000, 0.747447, 0.637389, -0.187238, -0.661303, 0.740724, -0.118348, 0.063258, 0.212280, 0.975159)
Head_k14_HumanoidRootPart_Torso_Head.Parent = Torso_k14_HumanoidRootPart_Torso



-- Keyframe 15 (Time: 0.36666667461395264)
 keyframe15 = Instance.new("Keyframe")
keyframe15.Time = 0.36666667461395264
keyframe15.Parent = KeyframeSequence

--HumanoidRootPart
 HumanoidRootPart_k15_HumanoidRootPart = Instance.new("Pose")
HumanoidRootPart_k15_HumanoidRootPart.Name = "HumanoidRootPart"
HumanoidRootPart_k15_HumanoidRootPart.CFrame = cf(0.000000, 0.000000, 0.000000, 1.000000, 0.000000, 0.000000, 0.000000, 1.000000, 0.000000, 0.000000, 0.000000, 1.000000)
HumanoidRootPart_k15_HumanoidRootPart.Parent = keyframe15



--Torso
 Torso_k15_HumanoidRootPart_Torso = Instance.new("Pose")
Torso_k15_HumanoidRootPart_Torso.Name = "Torso"
Torso_k15_HumanoidRootPart_Torso.CFrame = cf(0.115432, -0.400605, -0.238354, 0.829277, -0.558801, 0.006396, 0.481580, 0.708779, -0.515473, 0.283513, 0.430550, 0.856882)
Torso_k15_HumanoidRootPart_Torso.Parent = HumanoidRootPart_k15_HumanoidRootPart



--Right Arm
 Right_Arm_k15_HumanoidRootPart_Torso = Instance.new("Pose")
Right_Arm_k15_HumanoidRootPart_Torso.Name = "Right Arm"
Right_Arm_k15_HumanoidRootPart_Torso.CFrame = cf(0.092224, 0.012714, 0.252123, -0.634812, -0.153171, 0.757332, 0.593886, -0.723736, 0.351432, 0.494280, 0.672862, 0.550403)
Right_Arm_k15_HumanoidRootPart_Torso.Parent = Torso_k15_HumanoidRootPart_Torso



--Head
 Head_k15_HumanoidRootPart_Torso_Head = Instance.new("Pose")
Head_k15_HumanoidRootPart_Torso_Head.Name = "Head"
Head_k15_HumanoidRootPart_Torso_Head.CFrame = cf(0.000000, -0.000000, -0.000000, 0.753997, 0.635014, -0.168066, -0.652905, 0.752589, -0.085586, 0.072136, 0.174262, 0.982053)
Head_k15_HumanoidRootPart_Torso_Head.Parent = Torso_k15_HumanoidRootPart_Torso



-- Keyframe 16 (Time: 0.4000000059604645)
 keyframe16 = Instance.new("Keyframe")
keyframe16.Time = 0.4000000059604645
keyframe16.Parent = KeyframeSequence

--HumanoidRootPart
 HumanoidRootPart_k16_HumanoidRootPart = Instance.new("Pose")
HumanoidRootPart_k16_HumanoidRootPart.Name = "HumanoidRootPart"
HumanoidRootPart_k16_HumanoidRootPart.CFrame = cf(0.000000, 0.000000, 0.000000, 1.000000, 0.000000, 0.000000, 0.000000, 1.000000, 0.000000, 0.000000, 0.000000, 1.000000)
HumanoidRootPart_k16_HumanoidRootPart.Parent = keyframe16



--Torso
 Torso_k16_HumanoidRootPart_Torso = Instance.new("Pose")
Torso_k16_HumanoidRootPart_Torso.Name = "Torso"
Torso_k16_HumanoidRootPart_Torso.CFrame = cf(0.114339, -0.413956, -0.198296, 0.837895, -0.545831, -0.000439, 0.465782, 0.715431, -0.520774, 0.284569, 0.436150, 0.853694)
Torso_k16_HumanoidRootPart_Torso.Parent = HumanoidRootPart_k16_HumanoidRootPart



--Left Leg
 Left_Leg_k16_HumanoidRootPart_Torso = Instance.new("Pose")
Left_Leg_k16_HumanoidRootPart_Torso.Name = "Left Leg"
Left_Leg_k16_HumanoidRootPart_Torso.CFrame = cf(-1.173588, 0.292185, -0.572989, 0.545957, 0.625522, -0.557362, -0.728877, 0.682653, 0.052174, 0.413121, 0.377764, 0.828629)
Left_Leg_k16_HumanoidRootPart_Torso.Parent = Torso_k16_HumanoidRootPart_Torso



--Right Arm
 Right_Arm_k16_HumanoidRootPart_Torso = Instance.new("Pose")
Right_Arm_k16_HumanoidRootPart_Torso.Name = "Right Arm"
Right_Arm_k16_HumanoidRootPart_Torso.CFrame = cf(0.090172, 0.036686, 0.258955, -0.660596, -0.146130, 0.736382, 0.579567, -0.722737, 0.376497, 0.477195, 0.675494, 0.562131)
Right_Arm_k16_HumanoidRootPart_Torso.Parent = Torso_k16_HumanoidRootPart_Torso



--Head
 Head_k16_HumanoidRootPart_Torso_Head = Instance.new("Pose")
Head_k16_HumanoidRootPart_Torso_Head.Name = "Head"
Head_k16_HumanoidRootPart_Torso_Head.CFrame = cf(0.000000, -0.000000, 0.000000, 0.773607, 0.621880, -0.121644, -0.632942, 0.767521, -0.101469, 0.030262, 0.155491, 0.987374)
Head_k16_HumanoidRootPart_Torso_Head.Parent = Torso_k16_HumanoidRootPart_Torso



--Right Leg
 Right_Leg_k16_HumanoidRootPart_Torso = Instance.new("Pose")
Right_Leg_k16_HumanoidRootPart_Torso.Name = "Right Leg"
Right_Leg_k16_HumanoidRootPart_Torso.CFrame = cf(-0.043272, 0.209002, 0.247635, 0.823225, 0.179777, -0.538499, -0.200418, 0.979493, 0.020615, 0.531162, 0.090954, 0.842374)
Right_Leg_k16_HumanoidRootPart_Torso.Parent = Torso_k16_HumanoidRootPart_Torso



--Left Arm
 Left_Arm_k16_HumanoidRootPart_Torso = Instance.new("Pose")
Left_Arm_k16_HumanoidRootPart_Torso.Name = "Left Arm"
Left_Arm_k16_HumanoidRootPart_Torso.CFrame = cf(0.139375, -0.596671, 0.059055, 0.909134, 0.415259, -0.032180, -0.296339, 0.699198, 0.650619, 0.292676, -0.581964, 0.758722)
Left_Arm_k16_HumanoidRootPart_Torso.Parent = Torso_k16_HumanoidRootPart_Torso



-- Keyframe 17 (Time: 0.4333333373069763)
 keyframe17 = Instance.new("Keyframe")
keyframe17.Time = 0.4333333373069763
keyframe17.Parent = KeyframeSequence

--HumanoidRootPart
 HumanoidRootPart_k17_HumanoidRootPart = Instance.new("Pose")
HumanoidRootPart_k17_HumanoidRootPart.Name = "HumanoidRootPart"
HumanoidRootPart_k17_HumanoidRootPart.CFrame = cf(0.000000, 0.000000, 0.000000, 1.000000, 0.000000, 0.000000, 0.000000, 1.000000, 0.000000, 0.000000, 0.000000, 1.000000)
HumanoidRootPart_k17_HumanoidRootPart.Parent = keyframe17



--Torso
 Torso_k17_HumanoidRootPart_Torso = Instance.new("Pose")
Torso_k17_HumanoidRootPart_Torso.Name = "Torso"
Torso_k17_HumanoidRootPart_Torso.CFrame = cf(0.115305, -0.409203, -0.213183, 0.833402, -0.552644, -0.005091, 0.471358, 0.715569, -0.515542, 0.288555, 0.427254, 0.856849)
Torso_k17_HumanoidRootPart_Torso.Parent = HumanoidRootPart_k17_HumanoidRootPart



--Right Arm
 Right_Arm_k17_HumanoidRootPart_Torso = Instance.new("Pose")
Right_Arm_k17_HumanoidRootPart_Torso.Name = "Right Arm"
Right_Arm_k17_HumanoidRootPart_Torso.CFrame = cf(0.090550, 0.021746, 0.256673, -0.646706, -0.156953, 0.746416, 0.583271, -0.732354, 0.351358, 0.491494, 0.662588, 0.565164)
Right_Arm_k17_HumanoidRootPart_Torso.Parent = Torso_k17_HumanoidRootPart_Torso



--Head
 Head_k17_HumanoidRootPart_Torso_Head = Instance.new("Pose")
Head_k17_HumanoidRootPart_Torso_Head.Name = "Head"
Head_k17_HumanoidRootPart_Torso_Head.CFrame = cf(0.000000, -0.000000, -0.000000, 0.774956, 0.617337, -0.135421, -0.630371, 0.770434, -0.095207, 0.045558, 0.159146, 0.986203)
Head_k17_HumanoidRootPart_Torso_Head.Parent = Torso_k17_HumanoidRootPart_Torso



-- Keyframe 18 (Time: 0.44999998807907104)
 keyframe18 = Instance.new("Keyframe")
keyframe18.Time = 0.44999998807907104
keyframe18.Parent = KeyframeSequence

--HumanoidRootPart
 HumanoidRootPart_k18_HumanoidRootPart = Instance.new("Pose")
HumanoidRootPart_k18_HumanoidRootPart.Name = "HumanoidRootPart"
HumanoidRootPart_k18_HumanoidRootPart.CFrame = cf(0.000000, 0.000000, 0.000000, 1.000000, 0.000000, 0.000000, 0.000000, 1.000000, 0.000000, 0.000000, 0.000000, 1.000000)
HumanoidRootPart_k18_HumanoidRootPart.Parent = keyframe18



--Torso
 Torso_k18_HumanoidRootPart_Torso = Instance.new("Pose")
Torso_k18_HumanoidRootPart_Torso.Name = "Torso"
Torso_k18_HumanoidRootPart_Torso.CFrame = cf(0.000000, 0.000000, 0.000000, 1.000000, 0.000000, 0.000000, 0.000000, 1.000000, 0.000000, 0.000000, 0.000000, 1.000000)
Torso_k18_HumanoidRootPart_Torso.Parent = HumanoidRootPart_k18_HumanoidRootPart



--Left Leg
 Left_Leg_k18_HumanoidRootPart_Torso = Instance.new("Pose")
Left_Leg_k18_HumanoidRootPart_Torso.Name = "Left Leg"
Left_Leg_k18_HumanoidRootPart_Torso.CFrame = cf(-1.227747, 0.243289, -0.604797, 0.539683, 0.628038, -0.560633, -0.735966, 0.675312, 0.048042, 0.408774, 0.386679, 0.826670)
Left_Leg_k18_HumanoidRootPart_Torso.Parent = Torso_k18_HumanoidRootPart_Torso



--Right Leg
 Right_Leg_k18_HumanoidRootPart_Torso = Instance.new("Pose")
Right_Leg_k18_HumanoidRootPart_Torso.Name = "Right Leg"
Right_Leg_k18_HumanoidRootPart_Torso.CFrame = cf(-0.031332, 0.203363, 0.264373, 0.812787, 0.239989, -0.530832, -0.276817, 0.960864, 0.010558, 0.512591, 0.138362, 0.847412)
Right_Leg_k18_HumanoidRootPart_Torso.Parent = Torso_k18_HumanoidRootPart_Torso



-- Keyframe 19 (Time: 0.46666666865348816)
 keyframe19 = Instance.new("Keyframe")
keyframe19.Time = 0.46666666865348816
keyframe19.Parent = KeyframeSequence

--HumanoidRootPart
 HumanoidRootPart_k19_HumanoidRootPart = Instance.new("Pose")
HumanoidRootPart_k19_HumanoidRootPart.Name = "HumanoidRootPart"
HumanoidRootPart_k19_HumanoidRootPart.CFrame = cf(0.000000, 0.000000, 0.000000, 1.000000, 0.000000, 0.000000, 0.000000, 1.000000, 0.000000, 0.000000, 0.000000, 1.000000)
HumanoidRootPart_k19_HumanoidRootPart.Parent = keyframe19



--Torso
 Torso_k19_HumanoidRootPart_Torso = Instance.new("Pose")
Torso_k19_HumanoidRootPart_Torso.Name = "Torso"
Torso_k19_HumanoidRootPart_Torso.CFrame = cf(0.112958, -0.403899, -0.231285, 0.833273, -0.552860, 0.001473, 0.474992, 0.714540, -0.513630, 0.282913, 0.428693, 0.858011)
Torso_k19_HumanoidRootPart_Torso.Parent = HumanoidRootPart_k19_HumanoidRootPart



--Right Arm
 Right_Arm_k19_HumanoidRootPart_Torso = Instance.new("Pose")
Right_Arm_k19_HumanoidRootPart_Torso.Name = "Right Arm"
Right_Arm_k19_HumanoidRootPart_Torso.CFrame = cf(0.092224, 0.017320, 0.252930, -0.640327, -0.148544, 0.753602, 0.590947, -0.722029, 0.359799, 0.490677, 0.675727, 0.550117)
Right_Arm_k19_HumanoidRootPart_Torso.Parent = Torso_k19_HumanoidRootPart_Torso



--Head
 Head_k19_HumanoidRootPart_Torso_Head = Instance.new("Pose")
Head_k19_HumanoidRootPart_Torso_Head.Name = "Head"
Head_k19_HumanoidRootPart_Torso_Head.CFrame = cf(0.000000, -0.000000, 0.000000, 0.772036, 0.618560, -0.146095, -0.632706, 0.769796, -0.084238, 0.060357, 0.157470, 0.985678)
Head_k19_HumanoidRootPart_Torso_Head.Parent = Torso_k19_HumanoidRootPart_Torso



-- Keyframe 20 (Time: 0.5)
 keyframe20 = Instance.new("Keyframe")
keyframe20.Time = 0.5
keyframe20.Parent = KeyframeSequence

--HumanoidRootPart
 HumanoidRootPart_k20_HumanoidRootPart = Instance.new("Pose")
HumanoidRootPart_k20_HumanoidRootPart.Name = "HumanoidRootPart"
HumanoidRootPart_k20_HumanoidRootPart.CFrame = cf(0.000000, 0.000000, 0.000000, 1.000000, 0.000000, 0.000000, 0.000000, 1.000000, 0.000000, 0.000000, 0.000000, 1.000000)
HumanoidRootPart_k20_HumanoidRootPart.Parent = keyframe20



--Torso
 Torso_k20_HumanoidRootPart_Torso = Instance.new("Pose")
Torso_k20_HumanoidRootPart_Torso.Name = "Torso"
Torso_k20_HumanoidRootPart_Torso.CFrame = cf(0.117628, -0.397068, -0.248688, 0.824612, -0.565695, -0.002181, 0.484243, 0.707861, -0.514239, 0.292446, 0.422991, 0.857644)
Torso_k20_HumanoidRootPart_Torso.Parent = HumanoidRootPart_k20_HumanoidRootPart



--Right Arm
 Right_Arm_k20_HumanoidRootPart_Torso = Instance.new("Pose")
Right_Arm_k20_HumanoidRootPart_Torso.Name = "Right Arm"
Right_Arm_k20_HumanoidRootPart_Torso.CFrame = cf(0.089241, 0.004425, 0.251451, -0.642895, -0.152658, 0.750588, 0.582402, -0.733894, 0.349577, 0.497488, 0.661884, 0.560727)
Right_Arm_k20_HumanoidRootPart_Torso.Parent = Torso_k20_HumanoidRootPart_Torso



--Head
 Head_k20_HumanoidRootPart_Torso_Head = Instance.new("Pose")
Head_k20_HumanoidRootPart_Torso_Head.Name = "Head"
Head_k20_HumanoidRootPart_Torso_Head.CFrame = cf(0.000000, 0.000000, -0.000000, 0.758794, 0.626541, -0.177983, -0.646914, 0.756733, -0.094112, 0.075720, 0.186552, 0.979523)
Head_k20_HumanoidRootPart_Torso_Head.Parent = Torso_k20_HumanoidRootPart_Torso



--Left Arm
 Left_Arm_k20_HumanoidRootPart_Torso = Instance.new("Pose")
Left_Arm_k20_HumanoidRootPart_Torso.Name = "Left Arm"
Left_Arm_k20_HumanoidRootPart_Torso.CFrame = cf(0.011602, -0.583213, -0.004482, 0.933181, 0.356658, -0.044374, -0.246209, 0.724319, 0.644005, 0.261830, -0.590048, 0.763733)
Left_Arm_k20_HumanoidRootPart_Torso.Parent = Torso_k20_HumanoidRootPart_Torso



-- Keyframe 21 (Time: 0.5333333611488342)
 keyframe21 = Instance.new("Keyframe")
keyframe21.Time = 0.5333333611488342
keyframe21.Parent = KeyframeSequence

--HumanoidRootPart
 HumanoidRootPart_k21_HumanoidRootPart = Instance.new("Pose")
HumanoidRootPart_k21_HumanoidRootPart.Name = "HumanoidRootPart"
HumanoidRootPart_k21_HumanoidRootPart.CFrame = cf(0.000000, 0.000000, 0.000000, 1.000000, 0.000000, 0.000000, 0.000000, 1.000000, 0.000000, 0.000000, 0.000000, 1.000000)
HumanoidRootPart_k21_HumanoidRootPart.Parent = keyframe21



--Torso
 Torso_k21_HumanoidRootPart_Torso = Instance.new("Pose")
Torso_k21_HumanoidRootPart_Torso.Name = "Torso"
Torso_k21_HumanoidRootPart_Torso.CFrame = cf(0.112031, -0.381054, -0.299789, 0.822630, -0.568499, 0.009424, 0.490782, 0.701608, -0.516603, 0.287077, 0.429598, 0.856173)
Torso_k21_HumanoidRootPart_Torso.Parent = HumanoidRootPart_k21_HumanoidRootPart



--Left Leg
 Left_Leg_k21_HumanoidRootPart_Torso = Instance.new("Pose")
Left_Leg_k21_HumanoidRootPart_Torso.Name = "Left Leg"
Left_Leg_k21_HumanoidRootPart_Torso.CFrame = cf(-1.187514, 0.278515, -0.579228, 0.569224, 0.586991, -0.575696, -0.697149, 0.715781, 0.040514, 0.435854, 0.378284, 0.816660)
Left_Leg_k21_HumanoidRootPart_Torso.Parent = Torso_k21_HumanoidRootPart_Torso



--Right Arm
 Right_Arm_k21_HumanoidRootPart_Torso = Instance.new("Pose")
Right_Arm_k21_HumanoidRootPart_Torso.Name = "Right Arm"
Right_Arm_k21_HumanoidRootPart_Torso.CFrame = cf(0.077004, -0.022511, 0.248203, -0.657229, -0.177124, 0.732583, 0.576244, -0.744588, 0.336945, 0.485791, 0.643596, 0.591431)
Right_Arm_k21_HumanoidRootPart_Torso.Parent = Torso_k21_HumanoidRootPart_Torso



--Head
