-- KeyframeSequence Export: XO
-- Generated on 2025-08-29 18:29:55

local KeyframeSequence = Instance.new("KeyframeSequence")
KeyframeSequence.Name = "XO"
local CFrame=CFrame.new

-- Keyframe 1 (Time: 0)
local keyframe1 = Instance.new("Keyframe")
keyframe1.Time = 0
keyframe1.Parent = KeyframeSequence

--HumanoidRootPart
local HumanoidRootPart_k1_HumanoidRootPart = Instance.new("Pose")
HumanoidRootPart_k1_HumanoidRootPart.Name = "HumanoidRootPart"
HumanoidRootPart_k1_HumanoidRootPart.CFrame = CFrame(0.000000, 0.000000, 0.000000, 1.000000, 0.000000, 0.000000, 0.000000, 1.000000, 0.000000, 0.000000, 0.000000, 1.000000)
HumanoidRootPart_k1_HumanoidRootPart.Parent = keyframe1



--Torso
local Torso_k1_HumanoidRootPart_Torso = Instance.new("Pose")
Torso_k1_HumanoidRootPart_Torso.Name = "Torso"
Torso_k1_HumanoidRootPart_Torso.CFrame = CFrame(-0.077315, 0.103133, -0.351329, 0.903775, -0.426845, -0.031520, 0.427720, 0.903413, 0.030020, 0.015662, -0.040613, 0.999052)
Torso_k1_HumanoidRootPart_Torso.Parent = HumanoidRootPart_k1_HumanoidRootPart



local--Right_Arm
 Right_Arm_k1_HumanoidRootPart_Torso_Right_Arm = Instance.new("Pose")
Right_Arm_k1_HumanoidRootPart_Torso_Right_Arm.Name = "Right_Arm"
Right_Arm_k1_HumanoidRootPart_Torso_Right_Arm.CFrame = CFrame(0.395117, -0.324561, -0.039121, -0.659322, -0.739546, 0.135521, 0.477869, -0.273033, 0.834922, -0.580461, 0.615244, 0.533423)
Right_Arm_k1_HumanoidRootPart_Torso_Right_Arm.Parent = Torso_k1_HumanoidRootPart_Torso



--Left_Arn
local Left_Arm_k1_HumanoidRootPart_Torso_Left_Arn = Instance.new("Pose")
Left_Arm_k1_HumanoidRootPart_Torso_Left_Arn.Name = "Left_Arn"
Left_Arm_k1_HumanoidRootPart_Torso_Left_Arn.CFrame = CFrame(-0.573680, -0.151254, -0.018747, -0.704411, 0.625102, -0.336233, -0.579871, -0.233625, 0.780493, 0.409336, 0.744759, 0.527046)
Left_Arm_k1_HumanoidRootPart_Torso_Left_Arn.Parent = Torso_k1_HumanoidRootPart_Torso



--Right_Leg
local Right_Leg_k1_HumanoidRootPart_Torso_Right_Leg = Instance.new("Pose")
Right_Leg_k1_HumanoidRootPart_Torso_Right_Leg.Name = "Right_Leg"
Right_Leg_k1_HumanoidRootPart_Torso_Right_Leg.CFrame = CFrame(0.902696, 0.230078, -0.415216, 0.746680, 0.246134, 0.617971, -0.455996, 0.865781, 0.206135, -0.484290, -0.435709, 0.758697)
Right_Leg_k1_HumanoidRootPart_Torso_Right_Leg.Parent = Torso_k1_HumanoidRootPart_Torso



--Left_Leg
local Left_Leg_k1_HumanoidRootPart_Torso_Left_Leg = Instance.new("Pose")
Left_Leg_k1_HumanoidRootPart_Torso_Left_Leg.Name = "Left_Leg"
Left_Leg_k1_HumanoidRootPart_Torso_Left_Leg.CFrame = CFrame(-0.573409, -0.035752, 0.165853, 0.734340, -0.630965, 0.250255, 0.646349, 0.762596, 0.026098, -0.207310, 0.142587, 0.967828)
Left_Leg_k1_HumanoidRootPart_Torso_Left_Leg.Parent = Torso_k1_HumanoidRootPart_Torso



--Head
local Head_k1_HumanoidRootPart_Torso_Head = Instance.new("Pose")
Head_k1_HumanoidRootPart_Torso_Head.Name = "Head"
Head_k1_HumanoidRootPart_Torso_Head.CFrame = CFrame(0.000000, 0.000000, 0.000000, 0.931099, 0.349195, 0.105440, -0.362847, 0.916273, 0.169665, -0.037365, -0.196233, 0.979845)
Head_k1_HumanoidRootPart_Torso_Head.Parent = Torso_k1_HumanoidRootPart_Torso



-- Keyframe 2 (Time: 0.03333333507180214)
 keyframe2 = Instance.new("Keyframe")
keyframe2.Time = 0.03333333507180214
keyframe2.Parent = KeyframeSequence

--HumanoidRootPart
 HumanoidRootPart_k2_HumanoidRootPart = Instance.new("Pose")
HumanoidRootPart_k2_HumanoidRootPart.Name = "HumanoidRootPart"
HumanoidRootPart_k2_HumanoidRootPart.CFrame = CFrame(0.000000, 0.000000, 0.000000, 1.000000, 0.000000, 0.000000, 0.000000, 1.000000, 0.000000, 0.000000, 0.000000, 1.000000)
HumanoidRootPart_k2_HumanoidRootPart.Parent = keyframe2



--Torso
 Torso_k2_HumanoidRootPart_Torso = Instance.new("Pose")
Torso_k2_HumanoidRootPart_Torso.Name = "Torso"
Torso_k2_HumanoidRootPart_Torso.CFrame = CFrame(-0.075429, 0.103133, -0.326753, 0.896805, -0.435765, -0.076479, 0.439368, 0.897488, 0.038348, 0.051928, -0.067993, 0.996333)
Torso_k2_HumanoidRootPart_Torso.Parent = HumanoidRootPart_k2_HumanoidRootPart



--Right_Arm
 Right_Arm_k2_HumanoidRootPart_Torso_Right_Arm = Instance.new("Pose")
Right_Arm_k2_HumanoidRootPart_Torso_Right_Arm.Name = "Right_Arm"
Right_Arm_k2_HumanoidRootPart_Torso_Right_Arm.CFrame = CFrame(0.402992, -0.132840, -0.069231, -0.727677, -0.673658, -0.129116, 0.287923, -0.470841, 0.833912, -0.622565, 0.569643, 0.536582)
Right_Arm_k2_HumanoidRootPart_Torso_Right_Arm.Parent = Torso_k2_HumanoidRootPart_Torso



--Left_Arn
 Left_Arm_k2_HumanoidRootPart_Torso_Left_Arn = Instance.new("Pose")
Left_Arm_k2_HumanoidRootPart_Torso_Left_Arn.Name = "Left_Arn"
Left_Arm_k2_HumanoidRootPart_Torso_Left_Arn.CFrame = CFrame(-0.534171, 0.086815, -0.052451, -0.756752, 0.575835, -0.309420, -0.556819, -0.319842, 0.766586, 0.342462, 0.752406, 0.562677)
Left_Arm_k2_HumanoidRootPart_Torso_Left_Arn.Parent = Torso_k2_HumanoidRootPart_Torso



--Right_Leg
 Right_Leg_k2_HumanoidRootPart_Torso_Right_Leg = Instance.new("Pose")
Right_Leg_k2_HumanoidRootPart_Torso_Right_Leg.Name = "Right_Leg"
Right_Leg_k2_HumanoidRootPart_Torso_Right_Leg.CFrame = CFrame(0.940312, 0.164674, -0.363451, 0.691211, 0.306481, 0.654444, -0.526986, 0.833449, 0.166281, -0.494483, -0.459818, 0.737600)
Right_Leg_k2_HumanoidRootPart_Torso_Right_Leg.Parent = Torso_k2_HumanoidRootPart_Torso



--Left_Leg
 Left_Leg_k2_HumanoidRootPart_Torso_Left_Leg = Instance.new("Pose")
Left_Leg_k2_HumanoidRootPart_Torso_Left_Leg.Name = "Left_Leg"
Left_Leg_k2_HumanoidRootPart_Torso_Left_Leg.CFrame = CFrame(-0.521642, -0.105981, 0.140465, 0.736210, -0.633217, 0.238810, 0.656901, 0.753486, -0.027208, -0.162711, 0.176905, 0.970685)
Left_Leg_k2_HumanoidRootPart_Torso_Left_Leg.Parent = Torso_k2_HumanoidRootPart_Torso



--Head
 Head_k2_HumanoidRootPart_Torso_Head = Instance.new("Pose")
Head_k2_HumanoidRootPart_Torso_Head.Name = "Head"
Head_k2_HumanoidRootPart_Torso_Head.CFrame = CFrame(0.000000, 0.000000, 0.000000, 0.923863, 0.346130, 0.163312, -0.370971, 0.914804, 0.159729, -0.094111, -0.208152, 0.973558)
Head_k2_HumanoidRootPart_Torso_Head.Parent = Torso_k2_HumanoidRootPart_Torso



-- Keyframe 3 (Time: 0.06666667014360428)
 keyframe3 = Instance.new("Keyframe")
keyframe3.Time = 0.06666667014360428
keyframe3.Parent = KeyframeSequence

--HumanoidRootPart
 HumanoidRootPart_k3_HumanoidRootPart = Instance.new("Pose")
HumanoidRootPart_k3_HumanoidRootPart.Name = "HumanoidRootPart"
HumanoidRootPart_k3_HumanoidRootPart.CFrame = CFrame(0.000000, 0.000000, 0.000000, 1.000000, 0.000000, 0.000000, 0.000000, 1.000000, 0.000000, 0.000000, 0.000000, 1.000000)
HumanoidRootPart_k3_HumanoidRootPart.Parent = keyframe3



--Torso
 Torso_k3_HumanoidRootPart_Torso = Instance.new("Pose")
Torso_k3_HumanoidRootPart_Torso.Name = "Torso"
Torso_k3_HumanoidRootPart_Torso.CFrame = CFrame(-0.070794, 0.103133, -0.302178, 0.887431, -0.442431, -0.129312, 0.452929, 0.889067, 0.066446, 0.085569, -0.117535, 0.989375)
Torso_k3_HumanoidRootPart_Torso.Parent = HumanoidRootPart_k3_HumanoidRootPart



--Right_Arm
 Right_Arm_k3_HumanoidRootPart_Torso_Right_Arm = Instance.new("Pose")
Right_Arm_k3_HumanoidRootPart_Torso_Right_Arm.Name = "Right_Arm"
Right_Arm_k3_HumanoidRootPart_Torso_Right_Arm.CFrame = CFrame(0.372643, 0.203574, -0.073139, -0.732348, -0.521086, -0.438334, 0.093401, -0.714516, 0.693356, -0.674495, 0.466837, 0.571944)
Right_Arm_k3_HumanoidRootPart_Torso_Right_Arm.Parent = Torso_k3_HumanoidRootPart_Torso



--Left_Arn
 Left_Arm_k3_HumanoidRootPart_Torso_Left_Arn = Instance.new("Pose")
Left_Arm_k3_HumanoidRootPart_Torso_Left_Arn.Name = "Left_Arn"
Left_Arm_k3_HumanoidRootPart_Torso_Left_Arn.CFrame = CFrame(-0.471661, 0.397720, -0.127533, -0.834778, 0.468388, -0.289410, -0.501671, -0.430463, 0.750352, 0.226876, 0.771566, 0.594318)
Left_Arm_k3_HumanoidRootPart_Torso_Left_Arn.Parent = Torso_k3_HumanoidRootPart_Torso



--Right_Leg
 Right_Leg_k3_HumanoidRootPart_Torso_Right_Leg = Instance.new("Pose")
Right_Leg_k3_HumanoidRootPart_Torso_Right_Leg.Name = "Right_Leg"
Right_Leg_k3_HumanoidRootPart_Torso_Right_Leg.CFrame = CFrame(0.962988, 0.054400, -0.311192, 0.610074, 0.395441, 0.686612, -0.620476, 0.777351, 0.103610, -0.492767, -0.489236, 0.719603)
Right_Leg_k3_HumanoidRootPart_Torso_Right_Leg.Parent = Torso_k3_HumanoidRootPart_Torso



--Left_Leg
 Left_Leg_k3_HumanoidRootPart_Torso_Left_Leg = Instance.new("Pose")
Left_Leg_k3_HumanoidRootPart_Torso_Left_Leg.Name = "Left_Leg"
Left_Leg_k3_HumanoidRootPart_Torso_Left_Leg.CFrame = CFrame(-0.442652, -0.178505, 0.106554, 0.722458, -0.652447, 0.228839, 0.680590, 0.729405, -0.069041, -0.121871, 0.205624, 0.971013)
Left_Leg_k3_HumanoidRootPart_Torso_Left_Leg.Parent = Torso_k3_HumanoidRootPart_Torso



--Head
 Head_k3_HumanoidRootPart_Torso_Head = Instance.new("Pose")
Head_k3_HumanoidRootPart_Torso_Head.Name = "Head"
Head_k3_HumanoidRootPart_Torso_Head.CFrame = CFrame(0.000000, -0.000000, 0.000000, 0.911988, 0.339329, 0.230509, -0.373137, 0.919658, 0.122465, -0.170433, -0.197698, 0.965333)
Head_k3_HumanoidRootPart_Torso_Head.Parent = Torso_k3_HumanoidRootPart_Torso



-- Keyframe 4 (Time: 0.10000000149011612)
 keyframe4 = Instance.new("Keyframe")
keyframe4.Time = 0.10000000149011612
keyframe4.Parent = KeyframeSequence

--HumanoidRootPart
 HumanoidRootPart_k4_HumanoidRootPart = Instance.new("Pose")
HumanoidRootPart_k4_HumanoidRootPart.Name = "HumanoidRootPart"
HumanoidRootPart_k4_HumanoidRootPart.CFrame = CFrame(0.000000, 0.000000, 0.000000, 1.000000, 0.000000, 0.000000, 0.000000, 1.000000, 0.000000, 0.000000, 0.000000, 1.000000)
HumanoidRootPart_k4_HumanoidRootPart.Parent = keyframe4



--Torso
 Torso_k4_HumanoidRootPart_Torso = Instance.new("Pose")
Torso_k4_HumanoidRootPart_Torso.Name = "Torso"
Torso_k4_HumanoidRootPart_Torso.CFrame = CFrame(-0.064940, 0.103133, -0.315595, 0.880065, -0.450577, -0.149889, 0.466974, 0.878479, 0.101043, 0.086147, -0.158918, 0.983526)
Torso_k4_HumanoidRootPart_Torso.Parent = HumanoidRootPart_k4_HumanoidRootPart



--Right_Arm
 Right_Arm_k4_HumanoidRootPart_Torso_Right_Arm = Instance.new("Pose")
Right_Arm_k4_HumanoidRootPart_Torso_Right_Arm.Name = "Right_Arm"
Right_Arm_k4_HumanoidRootPart_Torso_Right_Arm.CFrame = CFrame(0.317389, 0.504641, -0.063113, -0.686261, -0.327706, -0.649349, -0.040719, -0.874045, 0.484137, -0.726215, 0.358685, 0.586479)
Right_Arm_k4_HumanoidRootPart_Torso_Right_Arm.Parent = Torso_k4_HumanoidRootPart_Torso



--Left_Arn
 Left_Arm_k4_HumanoidRootPart_Torso_Left_Arn = Instance.new("Pose")
Left_Arm_k4_HumanoidRootPart_Torso_Left_Arn.Name = "Left_Arn"
Left_Arm_k4_HumanoidRootPart_Torso_Left_Arn.CFrame = CFrame(-0.411132, 0.665305, -0.197228, -0.892525, 0.354344, -0.278997, -0.436029, -0.519913, 0.734554, 0.115230, 0.777258, 0.618540)
Left_Arm_k4_HumanoidRootPart_Torso_Left_Arn.Parent = Torso_k4_HumanoidRootPart_Torso



--Right_Leg
 Right_Leg_k4_HumanoidRootPart_Torso_Right_Leg = Instance.new("Pose")
Right_Leg_k4_HumanoidRootPart_Torso_Right_Leg.Name = "Right_Leg"
Right_Leg_k4_HumanoidRootPart_Torso_Right_Leg.CFrame = CFrame(0.972123, -0.025764, -0.287190, 0.545597, 0.468536, 0.694837, -0.675137, 0.736945, 0.033197, -0.496503, -0.487222, 0.718401)
Right_Leg_k4_HumanoidRootPart_Torso_Right_Leg.Parent = Torso_k4_HumanoidRootPart_Torso



--Left_Leg
 Left_Leg_k4_HumanoidRootPart_Torso_Left_Leg = Instance.new("Pose")
Left_Leg_k4_HumanoidRootPart_Torso_Left_Leg.Name = "Left_Leg"
Left_Leg_k4_HumanoidRootPart_Torso_Left_Leg.CFrame = CFrame(-0.436315, -0.211196, 0.096462, 0.681106, -0.699503, 0.216310, 0.724677, 0.686231, -0.062692, -0.104585, 0.199454, 0.974310)
Left_Leg_k4_HumanoidRootPart_Torso_Left_Leg.Parent = Torso_k4_HumanoidRootPart_Torso



--Head
 Head_k4_HumanoidRootPart_Torso_Head = Instance.new("Pose")
Head_k4_HumanoidRootPart_Torso_Head.Name = "Head"
Head_k4_HumanoidRootPart_Torso_Head.CFrame = CFrame(0.000000, 0.000000, 0.000000, 0.902051, 0.339608, 0.266403, -0.373171, 0.923772, 0.085956, -0.216904, -0.176951, 0.960021)
Head_k4_HumanoidRootPart_Torso_Head.Parent = Torso_k4_HumanoidRootPart_Torso



-- Keyframe 5 (Time: 0.13333334028720856)
 keyframe5 = Instance.new("Keyframe")
keyframe5.Time = 0.13333334028720856
keyframe5.Parent = KeyframeSequence

--HumanoidRootPart
 HumanoidRootPart_k5_HumanoidRootPart = Instance.new("Pose")
HumanoidRootPart_k5_HumanoidRootPart.Name = "HumanoidRootPart"
HumanoidRootPart_k5_HumanoidRootPart.CFrame = CFrame(0.000000, 0.000000, 0.000000, 1.000000, 0.000000, 0.000000, 0.000000, 1.000000, 0.000000, 0.000000, 0.000000, 1.000000)
HumanoidRootPart_k5_HumanoidRootPart.Parent = keyframe5



--Torso
 Torso_k5_HumanoidRootPart_Torso = Instance.new("Pose")
Torso_k5_HumanoidRootPart_Torso.Name = "Torso"
Torso_k5_HumanoidRootPart_Torso.CFrame = CFrame(-0.059328, 0.103133, -0.371979, 0.873080, -0.461554, -0.157158, 0.480814, 0.868517, 0.120397, 0.080925, -0.180680, 0.980207)
Torso_k5_HumanoidRootPart_Torso.Parent = HumanoidRootPart_k5_HumanoidRootPart



--Right_Arm
 Right_Arm_k5_HumanoidRootPart_Torso_Right_Arm = Instance.new("Pose")
Right_Arm_k5_HumanoidRootPart_Torso_Right_Arm.Name = "Right_Arm"
Right_Arm_k5_HumanoidRootPart_Torso_Right_Arm.CFrame = CFrame(0.287762, 0.631393, -0.056371, -0.659446, -0.232428, -0.714918, -0.084447, -0.922080, 0.377674, -0.746994, 0.309428, 0.588434)
Right_Arm_k5_HumanoidRootPart_Torso_Right_Arm.Parent = Torso_k5_HumanoidRootPart_Torso



--Left_Arn
 Left_Arm_k5_HumanoidRootPart_Torso_Left_Arn = Instance.new("Pose")
Left_Arm_k5_HumanoidRootPart_Torso_Left_Arn.Name = "Left_Arn"
Left_Arm_k5_HumanoidRootPart_Torso_Left_Arn.CFrame = CFrame(-0.384189, 0.779644, -0.226117, -0.912552, 0.301829, -0.275949, -0.403804, -0.558186, 0.724825, 0.064743, 0.772869, 0.631254)
Left_Arm_k5_HumanoidRootPart_Torso_Left_Arn.Parent = Torso_k5_HumanoidRootPart_Torso



--Right_Leg
 Right_Leg_k5_HumanoidRootPart_Torso_Right_Leg = Instance.new("Pose")
Right_Leg_k5_HumanoidRootPart_Torso_Right_Leg.Name = "Right_Leg"
Right_Leg_k5_HumanoidRootPart_Torso_Right_Leg.CFrame = CFrame(1.003213, -0.059951, -0.305413, 0.505068, 0.524442, 0.685468, -0.721614, 0.692292, 0.002038, -0.473476, -0.495673, 0.728100)
Right_Leg_k5_HumanoidRootPart_Torso_Right_Leg.Parent = Torso_k5_HumanoidRootPart_Torso



--Left_Leg
 Left_Leg_k5_HumanoidRootPart_Torso_Left_Leg = Instance.new("Pose")
Left_Leg_k5_HumanoidRootPart_Torso_Left_Leg.Name = "Left_Leg"
Left_Leg_k5_HumanoidRootPart_Torso_Left_Leg.CFrame = CFrame(-0.502096, -0.238835, 0.101289, 0.623286, -0.755518, 0.201761, 0.777448, 0.626463, -0.055851, -0.084200, 0.191670, 0.977841)
Left_Leg_k5_HumanoidRootPart_Torso_Left_Leg.Parent = Torso_k5_HumanoidRootPart_Torso



--Head
 Head_k5_HumanoidRootPart_Torso_Head = Instance.new("Pose")
Head_k5_HumanoidRootPart_Torso_Head.Name = "Head"
Head_k5_HumanoidRootPart_Torso_Head.CFrame = CFrame(0.000000, -0.000000, 0.000000, 0.894322, 0.343861, 0.286267, -0.374990, 0.925065, 0.060319, -0.244074, -0.161292, 0.956249)
Head_k5_HumanoidRootPart_Torso_Head.Parent = Torso_k5_HumanoidRootPart_Torso



-- Keyframe 6 (Time: 0.1666666716337204)
 keyframe6 = Instance.new("Keyframe")
keyframe6.Time = 0.1666666716337204
keyframe6.Parent = KeyframeSequence

--HumanoidRootPart
 HumanoidRootPart_k6_HumanoidRootPart = Instance.new("Pose")
HumanoidRootPart_k6_HumanoidRootPart.Name = "HumanoidRootPart"
HumanoidRootPart_k6_HumanoidRootPart.CFrame = CFrame(0.000000, 0.000000, 0.000000, 1.000000, 0.000000, 0.000000, 0.000000, 1.000000, 0.000000, 0.000000, 0.000000, 1.000000)
HumanoidRootPart_k6_HumanoidRootPart.Parent = keyframe6



--Torso
 Torso_k6_HumanoidRootPart_Torso = Instance.new("Pose")
Torso_k6_HumanoidRootPart_Torso.Name = "Torso"
Torso_k6_HumanoidRootPart_Torso.CFrame = CFrame(-0.055143, 0.103133, -0.473144, 0.865956, -0.474405, -0.158304, 0.494168, 0.860343, 0.124933, 0.076927, -0.186415, 0.979455)
Torso_k6_HumanoidRootPart_Torso.Parent = HumanoidRootPart_k6_HumanoidRootPart



--Right_Arm
 Right_Arm_k6_HumanoidRootPart_Torso_Right_Arm = Instance.new("Pose")
Right_Arm_k6_HumanoidRootPart_Torso_Right_Arm.Name = "Right_Arm"
Right_Arm_k6_HumanoidRootPart_Torso_Right_Arm.CFrame = CFrame(0.287281, 0.631637, -0.056003, -0.664049, -0.231226, -0.711037, -0.082074, -0.922690, 0.376705, -0.743171, 0.308508, 0.593734)
Right_Arm_k6_HumanoidRootPart_Torso_Right_Arm.Parent = Torso_k6_HumanoidRootPart_Torso



--Left_Arn
 Left_Arm_k6_HumanoidRootPart_Torso_Left_Arn = Instance.new("Pose")
Left_Arm_k6_HumanoidRootPart_Torso_Left_Arn.Name = "Left_Arn"
Left_Arm_k6_HumanoidRootPart_Torso_Left_Arn.CFrame = CFrame(-0.385146, 0.780670, -0.224997, -0.911778, 0.304223, -0.275879, -0.405521, -0.560751, 0.721880, 0.064913, 0.770069, 0.634649)
Left_Arm_k6_HumanoidRootPart_Torso_Left_Arn.Parent = Torso_k6_HumanoidRootPart_Torso



--Right_Leg
 Right_Leg_k6_HumanoidRootPart_Torso_Right_Leg = Instance.new("Pose")
Right_Leg_k6_HumanoidRootPart_Torso_Right_Leg.Name = "Right_Leg"
Right_Leg_k6_HumanoidRootPart_Torso_Right_Leg.CFrame = CFrame(1.066069, -0.058762, -0.347823, 0.467349, 0.571636, 0.674402, -0.771061, 0.636738, -0.005379, -0.432492, -0.517491, 0.738345)
Right_Leg_k6_HumanoidRootPart_Torso_Right_Leg.Parent = Torso_k6_HumanoidRootPart_Torso



--Left_Leg
 Left_Leg_k6_HumanoidRootPart_Torso_Left_Leg = Instance.new("Pose")
Left_Leg_k6_HumanoidRootPart_Torso_Left_Leg.Name = "Left_Leg"
Left_Leg_k6_HumanoidRootPart_Torso_Left_Leg.CFrame = CFrame(-0.616303, -0.261676, 0.112213, 0.552742, -0.812082, 0.187082, 0.831391, 0.552760, -0.056969, -0.057147, 0.187027, 0.980691)
Left_Leg_k6_HumanoidRootPart_Torso_Left_Leg.Parent = Torso_k6_HumanoidRootPart_Torso



--Head
 Head_k6_HumanoidRootPart_Torso_Head = Instance.new("Pose")
Head_k6_HumanoidRootPart_Torso_Head.Name = "Head"
Head_k6_HumanoidRootPart_Torso_Head.CFrame = CFrame(0.000000, -0.000000, 0.000000, 0.888598, 0.351591, 0.294580, -0.379552, 0.924225, 0.041821, -0.257554, -0.148970, 0.954711)
Head_k6_HumanoidRootPart_Torso_Head.Parent = Torso_k6_HumanoidRootPart_Torso



-- Keyframe 7 (Time: 0.20000000298023224)
 keyframe7 = Instance.new("Keyframe")
keyframe7.Time = 0.20000000298023224
keyframe7.Parent = KeyframeSequence

--HumanoidRootPart
 HumanoidRootPart_k7_HumanoidRootPart = Instance.new("Pose")
HumanoidRootPart_k7_HumanoidRootPart.Name = "HumanoidRootPart"
HumanoidRootPart_k7_HumanoidRootPart.CFrame = CFrame(0.000000, 0.000000, 0.000000, 1.000000, 0.000000, 0.000000, 0.000000, 1.000000, 0.000000, 0.000000, 0.000000, 1.000000)
HumanoidRootPart_k7_HumanoidRootPart.Parent = keyframe7



--Torso
 Torso_k7_HumanoidRootPart_Torso = Instance.new("Pose")
Torso_k7_HumanoidRootPart_Torso.Name = "Torso"
Torso_k7_HumanoidRootPart_Torso.CFrame = CFrame(-0.053500, 0.103133, -0.531341, 0.860500, -0.485951, -0.152944, 0.504411, 0.854812, 0.121929, 0.071486, -0.182066, 0.980684)
Torso_k7_HumanoidRootPart_Torso.Parent = HumanoidRootPart_k7_HumanoidRootPart



--Right_Arm
 Right_Arm_k7_HumanoidRootPart_Torso_Right_Arm = Instance.new("Pose")
Right_Arm_k7_HumanoidRootPart_Torso_Right_Arm.Name = "Right_Arm"
Right_Arm_k7_HumanoidRootPart_Torso_Right_Arm.CFrame = CFrame(0.289380, 0.631043, -0.056187, -0.671130, -0.236474, -0.702613, -0.075082, -0.921206, 0.381762, -0.737528, 0.308966, 0.600494)
Right_Arm_k7_HumanoidRootPart_Torso_Right_Arm.Parent = Torso_k7_HumanoidRootPart_Torso



--Left_Arn
 Left_Arm_k7_HumanoidRootPart_Torso_Left_Arn = Instance.new("Pose")
Left_Arm_k7_HumanoidRootPart_Torso_Left_Arn.Name = "Left_Arn"
Left_Arm_k7_HumanoidRootPart_Torso_Left_Arn.CFrame = CFrame(-0.389252, 0.779079, -0.224501, -0.907658, 0.314487, -0.277948, -0.413523, -0.556775, 0.720417, 0.071807, 0.768830, 0.635408)
Left_Arm_k7_HumanoidRootPart_Torso_Left_Arn.Parent = Torso_k7_HumanoidRootPart_Torso



--Right_Leg
 Right_Leg_k7_HumanoidRootPart_Torso_Right_Leg = Instance.new("Pose")
Right_Leg_k7_HumanoidRootPart_Torso_Right_Leg.Name = "Right_Leg"
Right_Leg_k7_HumanoidRootPart_Torso_Right_Leg.CFrame = CFrame(1.100632, -0.042991, -0.364393, 0.456676, 0.590603, 0.665308, -0.788364, 0.615189, -0.004968, -0.412224, -0.522237, 0.746552)
Right_Leg_k7_HumanoidRootPart_Torso_Right_Leg.Parent = Torso_k7_HumanoidRootPart_Torso



--Left_Leg
 Left_Leg_k7_HumanoidRootPart_Torso_Left_Leg = Instance.new("Pose")
Left_Leg_k7_HumanoidRootPart_Torso_Left_Leg.Name = "Left_Leg"
Left_Leg_k7_HumanoidRootPart_Torso_Left_Leg.CFrame = CFrame(-0.684970, -0.258182, 0.115715, 0.523362, -0.834009, 0.174706, 0.850935, 0.522303, -0.055760, -0.044745, 0.177846, 0.983041)
Left_Leg_k7_HumanoidRootPart_Torso_Left_Leg.Parent = Torso_k7_HumanoidRootPart_Torso



--Head
 Head_k7_HumanoidRootPart_Torso_Head = Instance.new("Pose")
Head_k7_HumanoidRootPart_Torso_Head.Name = "Head"
Head_k7_HumanoidRootPart_Torso_Head.CFrame = CFrame(0.000000, 0.000000, 0.000000, 0.885623, 0.359566, 0.293912, -0.383586, 0.923125, 0.026499, -0.261789, -0.136209, 0.955465)
Head_k7_HumanoidRootPart_Torso_Head.Parent = Torso_k7_HumanoidRootPart_Torso



-- Keyframe 8 (Time: 0.23333333432674408)
 keyframe8 = Instance.new("Keyframe")
keyframe8.Time = 0.23333333432674408
keyframe8.Parent = KeyframeSequence

--HumanoidRootPart
 HumanoidRootPart_k8_HumanoidRootPart = Instance.new("Pose")
HumanoidRootPart_k8_HumanoidRootPart.Name = "HumanoidRootPart"
HumanoidRootPart_k8_HumanoidRootPart.CFrame = CFrame(0.000000, 0.000000, 0.000000, 1.000000, 0.000000, 0.000000, 0.000000, 1.000000, 0.000000, 0.000000, 0.000000, 1.000000)
HumanoidRootPart_k8_HumanoidRootPart.Parent = keyframe8



--Torso
 Torso_k8_HumanoidRootPart_Torso = Instance.new("Pose")
Torso_k8_HumanoidRootPart_Torso.Name = "Torso"
Torso_k8_HumanoidRootPart_Torso.CFrame = CFrame(-0.054436, 0.103133, -0.501225, 0.859017, -0.493073, -0.137728, 0.508227, 0.853710, 0.113516, 0.061608, -0.167509, 0.983944)
Torso_k8_HumanoidRootPart_Torso.Parent = HumanoidRootPart_k8_HumanoidRootPart



--Right_Arm
 Right_Arm_k8_HumanoidRootPart_Torso_Right_Arm = Instance.new("Pose")
Right_Arm_k8_HumanoidRootPart_Torso_Right_Arm.Name = "Right_Arm"
Right_Arm_k8_HumanoidRootPart_Torso_Right_Arm.CFrame = CFrame(0.296058, 0.628894, -0.057279, -0.685378, -0.253168, -0.682762, -0.057594, -0.915834, 0.397406, -0.725907, 0.311696, 0.613111)
Right_Arm_k8_HumanoidRootPart_Torso_Right_Arm.Parent = Torso_k8_HumanoidRootPart_Torso



--Left_Arn
 Left_Arm_k8_HumanoidRootPart_Torso_Left_Arn = Instance.new("Pose")
Left_Arm_k8_HumanoidRootPart_Torso_Left_Arn.Name = "Left_Arn"
Left_Arm_k8_HumanoidRootPart_Torso_Left_Arn.CFrame = CFrame(-0.400179, 0.774439, -0.223160, -0.896025, 0.341807, -0.283386, -0.434679, -0.545173, 0.716827, 0.090522, 0.765477, 0.637064)
Left_Arm_k8_HumanoidRootPart_Torso_Left_Arn.Parent = Torso_k8_HumanoidRootPart_Torso



--Right_Leg
 Right_Leg_k8_HumanoidRootPart_Torso_Right_Leg = Instance.new("Pose")
Right_Leg_k8_HumanoidRootPart_Torso_Right_Leg.Name = "Right_Leg"
Right_Leg_k8_HumanoidRootPart_Torso_Right_Leg.CFrame = CFrame(1.085383, -0.024038, -0.344286, 0.486952, 0.570577, 0.661301, -0.758752, 0.651371, -0.003300, -0.432635, -0.500157, 0.750113)
Right_Leg_k8_HumanoidRootPart_Torso_Right_Leg.Parent = Torso_k8_HumanoidRootPart_Torso



--Left_Leg
 Left_Leg_k8_HumanoidRootPart_Torso_Left_Leg = Instance.new("Pose")
Left_Leg_k8_HumanoidRootPart_Torso_Left_Leg.Name = "Left_Leg"
Left_Leg_k8_HumanoidRootPart_Torso_Left_Leg.CFrame = CFrame(-0.682537, -0.226563, 0.113852, 0.557455, -0.813081, 0.167761, 0.828177, 0.558742, -0.043926, -0.058020, 0.163422, 0.984849)
Left_Leg_k8_HumanoidRootPart_Torso_Left_Leg.Parent = Torso_k8_HumanoidRootPart_Torso



--Head
 Head_k8_HumanoidRootPart_Torso_Head = Instance.new("Pose")
Head_k8_HumanoidRootPart_Torso_Head.Name = "Head"
Head_k8_HumanoidRootPart_Torso_Head.CFrame = CFrame(0.000000, 0.000000, -0.000000, 0.887591, 0.364422, 0.281741, -0.384269, 0.923071, 0.016632, -0.254006, -0.123027, 0.959346)
Head_k8_HumanoidRootPart_Torso_Head.Parent = Torso_k8_HumanoidRootPart_Torso



-- Keyframe 9 (Time: 0.2666666805744171)
 keyframe9 = Instance.new("Keyframe")
keyframe9.Time = 0.2666666805744171
keyframe9.Parent = KeyframeSequence

--HumanoidRootPart
 HumanoidRootPart_k9_HumanoidRootPart = Instance.new("Pose")
HumanoidRootPart_k9_HumanoidRootPart.Name = "HumanoidRootPart"
HumanoidRootPart_k9_HumanoidRootPart.CFrame = CFrame(0.000000, 0.000000, 0.000000, 1.000000, 0.000000, 0.000000, 0.000000, 1.000000, 0.000000, 0.000000, 0.000000, 1.000000)
HumanoidRootPart_k9_HumanoidRootPart.Parent = keyframe9



--Torso
 Torso_k9_HumanoidRootPart_Torso = Instance.new("Pose")
Torso_k9_HumanoidRootPart_Torso.Name = "Torso"
Torso_k9_HumanoidRootPart_Torso.CFrame = CFrame(-0.058918, 0.103133, -0.470138, 0.868418, -0.483883, -0.108202, 0.493746, 0.863922, 0.099269, 0.045443, -0.139631, 0.989160)
Torso_k9_HumanoidRootPart_Torso.Parent = HumanoidRootPart_k9_HumanoidRootPart



--Right_Arm
 Right_Arm_k9_HumanoidRootPart_Torso_Right_Arm = Instance.new("Pose")
Right_Arm_k9_HumanoidRootPart_Torso_Right_Arm.Name = "Right_Arm"
Right_Arm_k9_HumanoidRootPart_Torso_Right_Arm.CFrame = CFrame(0.309237, 0.624081, -0.059900, -0.710304, -0.286116, -0.643122, -0.022866, -0.903800, 0.427343, -0.703523, 0.318249, 0.635431)
Right_Arm_k9_HumanoidRootPart_Torso_Right_Arm.Parent = Torso_k9_HumanoidRootPart_Torso



--Left_Arn
 Left_Arm_k9_HumanoidRootPart_Torso_Left_Arn = Instance.new("Pose")
Left_Arm_k9_HumanoidRootPart_Torso_Left_Arn.Name = "Left_Arn"
Left_Arm_k9_HumanoidRootPart_Torso_Left_Arn.CFrame = CFrame(-0.421284, 0.765768, -0.219034, -0.870911, 0.394567, -0.292968, -0.475092, -0.523496, 0.707276, 0.125700, 0.755162, 0.643374)
Left_Arm_k9_HumanoidRootPart_Torso_Left_Arn.Parent = Torso_k9_HumanoidRootPart_Torso



--Right_Leg
 Right_Leg_k9_HumanoidRootPart_Torso_Right_Leg = Instance.new("Pose")
Right_Leg_k9_HumanoidRootPart_Torso_Right_Leg.Name = "Right_Leg"
Right_Leg_k9_HumanoidRootPart_Torso_Right_Leg.CFrame = CFrame(1.066121, 0.035174, -0.342053, 0.534893, 0.513452, 0.671011, -0.697919, 0.716128, 0.008367, -0.476234, -0.472787, 0.741400)
Right_Leg_k9_HumanoidRootPart_Torso_Right_Leg.Parent = Torso_k9_HumanoidRootPart_Torso



--Left_Leg
 Left_Leg_k9_HumanoidRootPart_Torso_Left_Leg = Instance.new("Pose")
Left_Leg_k9_HumanoidRootPart_Torso_Left_Leg.Name = "Left_Leg"
Left_Leg_k9_HumanoidRootPart_Torso_Left_Leg.CFrame = CFrame(-0.674130, -0.173733, 0.129030, 0.597793, -0.781170, 0.180052, 0.795781, 0.605384, -0.015575, -0.096834, 0.152593, 0.983534)
Left_Leg_k9_HumanoidRootPart_Torso_Left_Leg.Parent = Torso_k9_HumanoidRootPart_Torso



--Head
 Head_k9_HumanoidRootPart_Torso_Head = Instance.new("Pose")
Head_k9_HumanoidRootPart_Torso_Head.Name = "Head"
Head_k9_HumanoidRootPart_Torso_Head.CFrame = CFrame(0.000000, 0.000000, 0.000000, 0.900034, 0.353036, 0.255546, -0.369855, 0.928887, 0.019376, -0.230533, -0.111954, 0.966603)
Head_k9_HumanoidRootPart_Torso_Head.Parent = Torso_k9_HumanoidRootPart_Torso



-- Keyframe 10 (Time: 0.30000001192092896)
 keyframe10 = Instance.new("Keyframe")
keyframe10.Time = 0.30000001192092896
keyframe10.Parent = KeyframeSequence

--HumanoidRootPart
 HumanoidRootPart_k10_HumanoidRootPart = Instance.new("Pose")
HumanoidRootPart_k10_HumanoidRootPart.Name = "HumanoidRootPart"
HumanoidRootPart_k10_HumanoidRootPart.CFrame = CFrame(0.000000, 0.000000, 0.000000, 1.000000, 0.000000, 0.000000, 0.000000, 1.000000, 0.000000, 0.000000, 0.000000, 1.000000)
HumanoidRootPart_k10_HumanoidRootPart.Parent = keyframe10



--Torso
 Torso_k10_HumanoidRootPart_Torso = Instance.new("Pose")
Torso_k10_HumanoidRootPart_Torso.Name = "Torso"
Torso_k10_HumanoidRootPart_Torso.CFrame = CFrame(-0.069459, 0.103133, -0.459344, 0.888216, -0.455432, -0.060449, 0.459044, 0.885125, 0.076370, 0.018723, -0.095582, 0.995246)
Torso_k10_HumanoidRootPart_Torso.Parent = HumanoidRootPart_k10_HumanoidRootPart



--Right_Arm
 Right_Arm_k10_HumanoidRootPart_Torso_Right_Arm = Instance.new("Pose")
Right_Arm_k10_HumanoidRootPart_Torso_Right_Arm.Name = "Right_Arm"
Right_Arm_k10_HumanoidRootPart_Torso_Right_Arm.CFrame = CFrame(0.357561, 0.557321, -0.096211, -0.760903, -0.355736, -0.542659, 0.063798, -0.873283, 0.483018, -0.645721, 0.332909, 0.687179)
Right_Arm_k10_HumanoidRootPart_Torso_Right_Arm.Parent = Torso_k10_HumanoidRootPart_Torso



--Left_Arn
 Left_Arm_k10_HumanoidRootPart_Torso_Left_Arn = Instance.new("Pose")
Left_Arm_k10_HumanoidRootPart_Torso_Left_Arn.Name = "Left_Arn"
Left_Arm_k10_HumanoidRootPart_Torso_Left_Arn.CFrame = CFrame(-0.454313, 0.720727, -0.209136, -0.819710, 0.495067, -0.288070, -0.537082, -0.489570, 0.686923, 0.199042, 0.717795, 0.667197)
Left_Arm_k10_HumanoidRootPart_Torso_Left_Arn.Parent = Torso_k10_HumanoidRootPart_Torso



--Right_Leg
 Right_Leg_k10_HumanoidRootPart_Torso_Right_Leg = Instance.new("Pose")
Right_Leg_k10_HumanoidRootPart_Torso_Right_Leg.Name = "Right_Leg"
Right_Leg_k10_HumanoidRootPart_Torso_Right_Leg.CFrame = CFrame(1.063480, 0.194760, -0.230142, 0.733941, 0.456445, 0.502980, -0.569489, 0.817115, 0.089475, -0.370151, -0.352111, 0.859654)
Right_Leg_k10_HumanoidRootPart_Torso_Right_Leg.Parent = Torso_k10_HumanoidRootPart_Torso



--Left_Leg
 Left_Leg_k10_HumanoidRootPart_Torso_Left_Leg = Instance.new("Pose")
Left_Leg_k10_HumanoidRootPart_Torso_Left_Leg.Name = "Left_Leg"
Left_Leg_k10_HumanoidRootPart_Torso_Left_Leg.CFrame = CFrame(-0.676474, -0.087733, 0.164256, 0.633519, -0.743289, 0.214885, 0.755756, 0.653970, 0.033987, -0.165791, 0.140869, 0.976048)
Left_Leg_k10_HumanoidRootPart_Torso_Left_Leg.Parent = Torso_k10_HumanoidRootPart_Torso



--Head
 Head_k10_HumanoidRootPart_Torso_Head = Instance.new("Pose")
Head_k10_HumanoidRootPart_Torso_Head.Name = "Head"
Head_k10_HumanoidRootPart_Torso_Head.CFrame = CFrame(0.000000, -0.000000, 0.000001, 0.922136, 0.322621, 0.213496, -0.337904, 0.940396, 0.038418, -0.188377, -0.107568, 0.976188)
Head_k10_HumanoidRootPart_Torso_Head.Parent = Torso_k10_HumanoidRootPart_Torso



-- Keyframe 11 (Time: 0.3333333432674408)
 keyframe11 = Instance.new("Keyframe")
keyframe11.Time = 0.3333333432674408
keyframe11.Parent = KeyframeSequence

--HumanoidRootPart
 HumanoidRootPart_k11_HumanoidRootPart = Instance.new("Pose")
HumanoidRootPart_k11_HumanoidRootPart.Name = "HumanoidRootPart"
HumanoidRootPart_k11_HumanoidRootPart.CFrame = CFrame(0.000000, 0.000000, 0.000000, 1.000000, 0.000000, 0.000000, 0.000000, 1.000000, 0.000000, 0.000000, 0.000000, 1.000000)
HumanoidRootPart_k11_HumanoidRootPart.Parent = keyframe11



--Torso
 Torso_k11_HumanoidRootPart_Torso = Instance.new("Pose")
Torso_k11_HumanoidRootPart_Torso.Name = "Torso"
Torso_k11_HumanoidRootPart_Torso.CFrame = CFrame(-0.088570, 0.103133, -0.469830, 0.908690, -0.417383, 0.008633, 0.416745, 0.908133, 0.040224, -0.024629, -0.032954, 0.999153)
Torso_k11_HumanoidRootPart_Torso.Parent = HumanoidRootPart_k11_HumanoidRootPart



--Right_Arm
 Right_Arm_k11_HumanoidRootPart_Torso_Right_Arm = Instance.new("Pose")
Right_Arm_k11_HumanoidRootPart_Torso_Right_Arm.Name = "Right_Arm"
Right_Arm_k11_HumanoidRootPart_Torso_Right_Arm.CFrame = CFrame(0.449403, 0.401591, -0.180203, -0.809873, -0.463279, -0.359830, 0.221000, -0.809183, 0.544410, -0.543382, 0.361380, 0.757720)
Right_Arm_k11_HumanoidRootPart_Torso_Right_Arm.Parent = Torso_k11_HumanoidRootPart_Torso



--Left_Arn
 Left_Arm_k11_HumanoidRootPart_Torso_Left_Arn = Instance.new("Pose")
Left_Arm_k11_HumanoidRootPart_Torso_Left_Arn.Name = "Left_Arn"
Left_Arm_k11_HumanoidRootPart_Torso_Left_Arn.CFrame = CFrame(-0.490507, 0.621628, -0.196417, -0.734797, 0.628295, -0.255575, -0.606922, -0.440789, 0.661325, 0.302853, 0.641053, 0.705217)
Left_Arm_k11_HumanoidRootPart_Torso_Left_Arn.Parent = Torso_k11_HumanoidRootPart_Torso



--Right_Leg
 Right_Leg_k11_HumanoidRootPart_Torso_Right_Leg = Instance.new("Pose")
Right_Leg_k11_HumanoidRootPart_Torso_Right_Leg.Name = "Right_Leg"
Right_Leg_k11_HumanoidRootPart_Torso_Right_Leg.CFrame = CFrame(0.868645, 0.370254, 0.049918, 0.944727, 0.327700, 0.010160, -0.327779, 0.943367, 0.051175, 0.007186, -0.051677, 0.998638)
Right_Leg_k11_HumanoidRootPart_Torso_Right_Leg.Parent = Torso_k11_HumanoidRootPart_Torso



--Left_Leg
 Left_Leg_k11_HumanoidRootPart_Torso_Left_Leg = Instance.new("Pose")
Left_Leg_k11_HumanoidRootPart_Torso_Left_Leg.Name = "Left_Leg"
Left_Leg_k11_HumanoidRootPart_Torso_Left_Leg.CFrame = CFrame(-0.690830, 0.058131, 0.203349, 0.673847, -0.690935, 0.261801, 0.691328, 0.714631, 0.106624, -0.260762, 0.109142, 0.959214)
Left_Leg_k11_HumanoidRootPart_Torso_Left_Leg.Parent = Torso_k11_HumanoidRootPart_Torso



--Head
 Head_k11_HumanoidRootPart_Torso_Head = Instance.new("Pose")
Head_k11_HumanoidRootPart_Torso_Head.Name = "Head"
Head_k11_HumanoidRootPart_Torso_Head.CFrame = CFrame(0.000000, -0.000000, -0.000000, 0.945893, 0.285628, 0.153956, -0.299281, 0.951303, 0.073845, -0.125366, -0.115926, 0.985314)
Head_k11_HumanoidRootPart_Torso_Head.Parent = Torso_k11_HumanoidRootPart_Torso



-- Keyframe 12 (Time: 0.36666667461395264)
 keyframe12 = Instance.new("Keyframe")
keyframe12.Time = 0.36666667461395264
keyframe12.Parent = KeyframeSequence

--HumanoidRootPart
 HumanoidRootPart_k12_HumanoidRootPart = Instance.new("Pose")
HumanoidRootPart_k12_HumanoidRootPart.Name = "HumanoidRootPart"
HumanoidRootPart_k12_HumanoidRootPart.CFrame = CFrame(0.000000, 0.000000, 0.000000, 1.000000, 0.000000, 0.000000, 0.000000, 1.000000, 0.000000, 0.000000, 0.000000, 1.000000)
HumanoidRootPart_k12_HumanoidRootPart.Parent = keyframe12



--Torso
 Torso_k12_HumanoidRootPart_Torso = Instance.new("Pose")
Torso_k12_HumanoidRootPart_Torso.Name = "Torso"
Torso_k12_HumanoidRootPart_Torso.CFrame = CFrame(-0.118764, 0.103133, -0.505878, 0.920079, -0.379320, 0.097837, 0.382306, 0.923943, -0.013106, -0.085424, 0.049462, 0.995116)
Torso_k12_HumanoidRootPart_Torso.Parent = HumanoidRootPart_k12_HumanoidRootPart



--Right_Arm
 Right_Arm_k12_HumanoidRootPart_Torso_Right_Arm = Instance.new("Pose")
Right_Arm_k12_HumanoidRootPart_Torso_Right_Arm.Name = "Right_Arm"
Right_Arm_k12_HumanoidRootPart_Torso_Right_Arm.CFrame = CFrame(0.554546, 0.205983, -0.282980, -0.802854, -0.580445, -0.136048, 0.415400, -0.708334, 0.570706, -0.427631, 0.401680, 0.809806)
Right_Arm_k12_HumanoidRootPart_Torso_Right_Arm.Parent = Torso_k12_HumanoidRootPart_Torso



--Left_Arn
 Left_Arm_k12_HumanoidRootPart_Torso_Left_Arn = Instance.new("Pose")
Left_Arm_k12_HumanoidRootPart_Torso_Left_Arn.Name = "Left_Arn"
Left_Arm_k12_HumanoidRootPart_Torso_Left_Arn.CFrame = CFrame(-0.518771, 0.491768, -0.191777, -0.627553, 0.749974, -0.209084, -0.667334, -0.379800, 0.640638, 0.401052, 0.541563, 0.738828)
Left_Arm_k12_HumanoidRootPart_Torso_Left_Arn.Parent = Torso_k12_HumanoidRootPart_Torso



--Right_Leg
 Right_Leg_k12_HumanoidRootPart_Torso_Right_Leg = Instance.new("Pose")
Right_Leg_k12_HumanoidRootPart_Torso_Right_Leg.Name = "Right_Leg"
Right_Leg_k12_HumanoidRootPart_Torso_Right_Leg.CFrame = CFrame(0.464696, 0.298102, 0.222507, 0.905371, 0.044110, -0.422324, -0.162739, 0.954690, -0.249164, 0.392198, 0.294314, 0.871527)
Right_Leg_k12_HumanoidRootPart_Torso_Right_Leg.Parent = Torso_k12_HumanoidRootPart_Torso



--Left_Leg
 Left_Leg_k12_HumanoidRootPart_Torso_Left_Leg = Instance.new("Pose")
Left_Leg_k12_HumanoidRootPart_Torso_Left_Leg.Name = "Left_Leg"
Left_Leg_k12_HumanoidRootPart_Torso_Left_Leg.CFrame = CFrame(-0.698232, 0.290360, 0.210930, 0.730251, -0.607626, 0.312289, 0.575485, 0.793450, 0.198126, -0.368172, 0.035036, 0.929097)
Left_Leg_k12_HumanoidRootPart_Torso_Left_Leg.Parent = Torso_k12_HumanoidRootPart_Torso



--Head
 Head_k12_HumanoidRootPart_Torso_Head = Instance.new("Pose")
Head_k12_HumanoidRootPart_Torso_Head.Name = "Head"
Head_k12_HumanoidRootPart_Torso_Head.CFrame = CFrame(0.000000, 0.000000, 0.000000, 0.963341, 0.256412, 0.078911, -0.264775, 0.956088, 0.125658, -0.043226, -0.141945, 0.988930)
Head_k12_HumanoidRootPart_Torso_Head.Parent = Torso_k12_HumanoidRootPart_Torso



-- Keyframe 13 (Time: 0.4000000059604645)
 keyframe13 = Instance.new("Keyframe")
keyframe13.Time = 0.4000000059604645
keyframe13.Parent = KeyframeSequence

--HumanoidRootPart
 HumanoidRootPart_k13_HumanoidRootPart = Instance.new("Pose")
HumanoidRootPart_k13_HumanoidRootPart.Name = "HumanoidRootPart"
HumanoidRootPart_k13_HumanoidRootPart.CFrame = CFrame(0.000000, 0.000000, 0.000000, 1.000000, 0.000000, 0.000000, 0.000000, 1.000000, 0.000000, 0.000000, 0.000000, 1.000000)
HumanoidRootPart_k13_HumanoidRootPart.Parent = keyframe13



--Torso
 Torso_k13_HumanoidRootPart_Torso = Instance.new("Pose")
Torso_k13_HumanoidRootPart_Torso.Name = "Torso"
Torso_k13_HumanoidRootPart_Torso.CFrame = CFrame(-0.159269, 0.103133, -0.563557, 0.916277, -0.352855, 0.189552, 0.372731, 0.924401, -0.080959, -0.146655, 0.144833, 0.978527)
Torso_k13_HumanoidRootPart_Torso.Parent = HumanoidRootPart_k13_HumanoidRootPart



--Right_Arm
 Right_Arm_k13_HumanoidRootPart_Torso_Right_Arm = Instance.new("Pose")
Right_Arm_k13_HumanoidRootPart_Torso_Right_Arm.Name = "Right_Arm"
Right_Arm_k13_HumanoidRootPart_Torso_Right_Arm.CFrame = CFrame(0.645712, 0.025407, -0.369331, -0.724886, -0.686296, 0.059480, 0.596471, -0.582118, 0.552594, -0.344619, 0.436046, 0.831325)
Right_Arm_k13_HumanoidRootPart_Torso_Right_Arm.Parent = Torso_k13_HumanoidRootPart_Torso



--Left_Arn
 Left_Arm_k13_HumanoidRootPart_Torso_Left_Arn = Instance.new("Pose")
Left_Arm_k13_HumanoidRootPart_Torso_Left_Arn.Name = "Left_Arn"
Left_Arm_k13_HumanoidRootPart_Torso_Left_Arn.CFrame = CFrame(-0.534906, 0.358212, -0.212609, -0.526550, 0.833059, -0.169583, -0.707370, -0.318669, 0.630934, 0.471565, 0.452176, 0.757075)
Left_Arm_k13_HumanoidRootPart_Torso_Left_Arn.Parent = Torso_k13_HumanoidRootPart_Torso



--Right_Leg
 Right_Leg_k13_HumanoidRootPart_Torso_Right_Leg = Instance.new("Pose")
Right_Leg_k13_HumanoidRootPart_Torso_Right_Leg.Name = "Right_Leg"
Right_Leg_k13_HumanoidRootPart_Torso_Right_Leg.CFrame = CFrame(0.224779, 0.081502, 0.234597, 0.827606, -0.217723, -0.517364, -0.119253, 0.832465, -0.541092, 0.548496, 0.509508, 0.662989)
Right_Leg_k13_HumanoidRootPart_Torso_Right_Leg.Parent = Torso_k13_HumanoidRootPart_Torso



--Left_Leg
 Left_Leg_k13_HumanoidRootPart_Torso_Left_Leg = Instance.new("Pose")
Left_Leg_k13_HumanoidRootPart_Torso_Left_Leg.Name = "Left_Leg"
Left_Leg_k13_HumanoidRootPart_Torso_Left_Leg.CFrame = CFrame(-0.657617, 0.574065, 0.141761, 0.804916, -0.475213, 0.355362, 0.392544, 0.875535, 0.281688, -0.444994, -0.087240, 0.891274)
Left_Leg_k13_HumanoidRootPart_Torso_Left_Leg.Parent = Torso_k13_HumanoidRootPart_Torso



--Head
 Head_k13_HumanoidRootPart_Torso_Head = Instance.new("Pose")
Head_k13_HumanoidRootPart_Torso_Head.Name = "Head"
Head_k13_HumanoidRootPart_Torso_Head.CFrame = CFrame(0.000000, -0.000000, -0.000000, 0.968361, 0.249481, 0.006068, -0.246186, 0.951025, 0.186931, 0.040865, -0.182511, 0.982354)
Head_k13_HumanoidRootPart_Torso_Head.Parent = Torso_k13_HumanoidRootPart_Torso



-- Keyframe 14 (Time: 0.4333333373069763)
 keyframe14 = Instance.new("Keyframe")
keyframe14.Time = 0.4333333373069763
keyframe14.Parent = KeyframeSequence

--HumanoidRootPart
 HumanoidRootPart_k14_HumanoidRootPart = Instance.new("Pose")
HumanoidRootPart_k14_HumanoidRootPart.Name = "HumanoidRootPart"
HumanoidRootPart_k14_HumanoidRootPart.CFrame = CFrame(0.000000, 0.000000, 0.000000, 1.000000, 0.000000, 0.000000, 0.000000, 1.000000, 0.000000, 0.000000, 0.000000, 1.000000)
HumanoidRootPart_k14_HumanoidRootPart.Parent = keyframe14



--Torso
 Torso_k14_HumanoidRootPart_Torso = Instance.new("Pose")
Torso_k14_HumanoidRootPart_Torso.Name = "Torso"
Torso_k14_HumanoidRootPart_Torso.CFrame = CFrame(-0.196179, 0.103133, -0.595675, 0.904603, -0.337563, 0.260279, 0.381056, 0.914059, -0.138898, -0.191023, 0.224828, 0.955491)
Torso_k14_HumanoidRootPart_Torso.Parent = HumanoidRootPart_k14_HumanoidRootPart



--Right_Arm
 Right_Arm_k14_HumanoidRootPart_Torso_Right_Arm = Instance.new("Pose")
Right_Arm_k14_HumanoidRootPart_Torso_Right_Arm.Name = "Right_Arm"
Right_Arm_k14_HumanoidRootPart_Torso_Right_Arm.CFrame = CFrame(0.703953, -0.081852, -0.398643, -0.603116, -0.780712, 0.163524, 0.724460, -0.450354, 0.521861, -0.333780, 0.433209, 0.837210)
Right_Arm_k14_HumanoidRootPart_Torso_Right_Arm.Parent = Torso_k14_HumanoidRootPart_Torso



--Left_Arn
